Date,Open,High,Low,Close,Volume,Dividends,Stock Splits
2020-07-17 00:00:00-04:00,51.005001068115234,68.37999725341797,50.2599983215332,65.44999694824219,4507100,0,0
2020-07-20 00:00:00-04:00,58.5099983215332,64.5,58.5099983215332,62.099998474121094,360800,0,0
2020-07-21 00:00:00-04:00,65.20999908447266,65.69000244140625,57.5099983215332,58.5,379500,0,0
2020-07-22 00:00:00-04:00,56.97999954223633,57.790000915527344,55.0,56.0,251600,0,0
2020-07-23 00:00:00-04:00,56.66999816894531,61.9900016784668,55.400001525878906,58.099998474121094,761400,0,0
2020-07-24 00:00:00-04:00,58.15999984741211,59.93000030517578,57.0099983215332,59.5,202400,0,0
2020-07-27 00:00:00-04:00,59.58000183105469,60.79999923706055,56.25,57.599998474121094,227400,0,0
2020-07-28 00:00:00-04:00,57.630001068115234,59.0,56.125,57.900001525878906,72100,0,0
2020-07-29 00:00:00-04:00,57.20000076293945,60.0,56.875,59.0,126100,0,0
2020-07-30 00:00:00-04:00,58.7400016784668,60.0,56.970001220703125,58.599998474121094,113100,0,0
2020-07-31 00:00:00-04:00,58.4900016784668,60.68000030517578,58.02000045776367,59.970001220703125,245200,0,0
2020-08-03 00:00:00-04:00,59.9900016784668,71.22000122070312,59.5099983215332,71.19999694824219,291800,0,0
2020-08-04 00:00:00-04:00,71.5999984741211,77.98999786376953,71.51000213623047,71.86000061035156,195800,0,0
2020-08-05 00:00:00-04:00,72.94000244140625,72.94000244140625,65.76499938964844,65.95999908447266,164100,0,0
2020-08-06 00:00:00-04:00,66.36000061035156,69.31500244140625,61.349998474121094,64.0,224500,0,0
2020-08-07 00:00:00-04:00,64.66999816894531,65.19999694824219,57.310001373291016,57.54999923706055,257900,0,0
2020-08-10 00:00:00-04:00,58.220001220703125,62.099998474121094,57.7599983215332,58.150001525878906,185700,0,0
2020-08-11 00:00:00-04:00,58.349998474121094,59.9900016784668,55.849998474121094,56.41999816894531,205800,0,0
2020-08-12 00:00:00-04:00,58.290000915527344,61.220001220703125,56.81999969482422,60.0,274000,0,0
2020-08-13 00:00:00-04:00,60.45000076293945,65.01000213623047,60.04999923706055,61.11000061035156,284300,0,0
2020-08-14 00:00:00-04:00,61.5,64.375,60.650001525878906,62.27000045776367,209100,0,0
2020-08-17 00:00:00-04:00,62.369998931884766,63.45000076293945,58.53499984741211,59.75,270300,0,0
2020-08-18 00:00:00-04:00,60.290000915527344,62.040000915527344,58.0,58.77000045776367,50800,0,0
2020-08-19 00:00:00-04:00,58.47999954223633,60.30400085449219,56.70000076293945,57.72999954223633,83300,0,0
2020-08-20 00:00:00-04:00,57.70000076293945,63.119998931884766,56.099998474121094,61.52000045776367,87600,0,0
2020-08-21 00:00:00-04:00,61.189998626708984,63.47999954223633,60.082000732421875,63.29999923706055,165000,0,0
2020-08-24 00:00:00-04:00,63.29999923706055,66.79000091552734,61.362998962402344,65.93000030517578,97200,0,0
2020-08-25 00:00:00-04:00,65.80000305175781,74.25499725341797,63.29999923706055,71.8499984741211,161300,0,0
2020-08-26 00:00:00-04:00,68.05999755859375,68.4000015258789,61.029998779296875,63.0,293500,0,0
2020-08-27 00:00:00-04:00,63.2599983215332,65.5999984741211,63.0,63.68000030517578,78200,0,0
2020-08-28 00:00:00-04:00,61.89400100708008,70.4000015258789,61.89400100708008,67.70999908447266,102300,0,0
2020-08-31 00:00:00-04:00,68.0,69.5999984741211,64.5,65.4000015258789,66700,0,0
2020-09-01 00:00:00-04:00,65.9800033569336,68.08999633789062,64.55000305175781,64.87999725341797,122000,0,0
2020-09-02 00:00:00-04:00,65.33000183105469,66.91500091552734,65.01000213623047,66.16999816894531,179200,0,0
2020-09-03 00:00:00-04:00,66.9800033569336,67.08000183105469,59.13999938964844,63.25,170700,0,0
2020-09-04 00:00:00-04:00,62.70000076293945,65.62000274658203,60.79999923706055,62.400001525878906,113000,0,0
2020-09-08 00:00:00-04:00,61.9900016784668,62.36000061035156,60.0,60.45000076293945,67100,0,0
2020-09-09 00:00:00-04:00,60.900001525878906,62.22999954223633,59.43000030517578,60.02000045776367,135900,0,0
2020-09-10 00:00:00-04:00,60.54999923706055,62.869998931884766,59.0,59.560001373291016,280300,0,0
2020-09-11 00:00:00-04:00,59.75,60.720001220703125,58.0,58.70000076293945,128700,0,0
2020-09-14 00:00:00-04:00,59.22999954223633,62.77000045776367,58.805999755859375,60.56999969482422,102000,0,0
2020-09-15 00:00:00-04:00,61.630001068115234,63.619998931884766,60.099998474121094,61.709999084472656,98900,0,0
2020-09-16 00:00:00-04:00,61.81999969482422,62.724998474121094,61.22999954223633,61.810001373291016,109300,0,0
2020-09-17 00:00:00-04:00,61.349998474121094,68.30000305175781,61.185001373291016,66.51000213623047,195900,0,0
2020-09-18 00:00:00-04:00,67.19999694824219,74.87999725341797,66.95999908447266,72.30999755859375,926200,0,0
2020-09-21 00:00:00-04:00,72.0,73.9000015258789,68.69999694824219,72.69000244140625,179900,0,0
2020-09-22 00:00:00-04:00,72.80999755859375,74.56999969482422,69.06999969482422,70.38999938964844,119700,0,0
2020-09-23 00:00:00-04:00,70.51000213623047,72.0,65.04000091552734,68.69000244140625,159300,0,0
2020-09-24 00:00:00-04:00,68.12999725341797,71.6500015258789,66.46299743652344,68.04000091552734,94800,0,0
2020-09-25 00:00:00-04:00,68.05999755859375,69.26699829101562,65.95999908447266,66.5999984741211,97400,0,0
2020-09-28 00:00:00-04:00,67.75,71.9800033569336,67.19999694824219,70.19000244140625,123500,0,0
2020-09-29 00:00:00-04:00,70.04000091552734,76.87000274658203,68.12200164794922,74.37999725341797,165000,0,0
2020-09-30 00:00:00-04:00,74.5199966430664,78.7300033569336,74.5199966430664,76.36000061035156,168400,0,0
2020-10-01 00:00:00-04:00,76.62999725341797,80.87999725341797,75.05500030517578,76.98999786376953,178800,0,0
2020-10-02 00:00:00-04:00,75.81999969482422,78.93000030517578,74.4000015258789,78.18000030517578,163200,0,0
2020-10-05 00:00:00-04:00,78.62999725341797,85.5,77.93000030517578,81.62000274658203,176600,0,0
2020-10-06 00:00:00-04:00,81.76000213623047,87.48999786376953,80.69999694824219,85.08000183105469,232500,0,0
2020-10-07 00:00:00-04:00,85.87999725341797,89.66999816894531,85.16999816894531,86.5,136900,0,0
2020-10-08 00:00:00-04:00,87.30000305175781,88.19300079345703,83.0,84.5999984741211,60800,0,0
2020-10-09 00:00:00-04:00,85.0,87.0,83.2699966430664,83.97000122070312,56000,0,0
2020-10-12 00:00:00-04:00,83.58999633789062,84.77999877929688,82.43499755859375,83.61000061035156,67600,0,0
2020-10-13 00:00:00-04:00,82.5199966430664,83.69999694824219,80.68000030517578,81.05000305175781,114500,0,0
2020-10-14 00:00:00-04:00,80.75,82.37699890136719,79.70999908447266,80.38999938964844,77600,0,0
2020-10-15 00:00:00-04:00,80.16999816894531,80.5,75.5,77.44000244140625,148300,0,0
2020-10-16 00:00:00-04:00,78.47000122070312,78.94999694824219,74.36000061035156,75.11000061035156,78000,0,0
2020-10-19 00:00:00-04:00,75.51000213623047,76.95500183105469,73.7300033569336,74.95999908447266,111700,0,0
2020-10-20 00:00:00-04:00,76.0,81.20999908447266,76.0,78.55999755859375,167800,0,0
2020-10-21 00:00:00-04:00,78.83000183105469,80.05000305175781,75.80000305175781,77.13999938964844,90400,0,0
2020-10-22 00:00:00-04:00,76.86000061035156,79.33000183105469,76.5199966430664,78.55999755859375,37600,0,0
2020-10-23 00:00:00-04:00,78.56999969482422,79.36499786376953,74.63999938964844,75.5999984741211,125600,0,0
2020-10-26 00:00:00-04:00,75.44999694824219,75.8499984741211,73.38500213623047,73.80000305175781,82800,0,0
2020-10-27 00:00:00-04:00,73.06999969482422,77.61000061035156,70.6500015258789,74.75,102100,0,0
2020-10-28 00:00:00-04:00,73.44999694824219,78.37999725341797,71.31999969482422,78.05999755859375,81300,0,0
2020-10-29 00:00:00-04:00,78.3499984741211,79.75199890136719,74.33999633789062,75.9000015258789,113300,0,0
2020-10-30 00:00:00-04:00,74.7300033569336,75.4800033569336,71.5250015258789,72.56999969482422,77700,0,0
2020-11-02 00:00:00-05:00,72.41000366210938,74.81500244140625,69.0,70.37999725341797,82100,0,0
2020-11-03 00:00:00-05:00,70.37999725341797,72.3949966430664,70.37999725341797,71.95999908447266,75700,0,0
2020-11-04 00:00:00-05:00,72.43000030517578,75.6500015258789,72.0250015258789,75.2699966430664,40200,0,0
2020-11-05 00:00:00-05:00,75.54499816894531,80.19999694824219,75.54499816894531,79.73999786376953,50700,0,0
2020-11-06 00:00:00-05:00,80.54000091552734,84.75,77.82499694824219,83.44999694824219,85900,0,0
2020-11-09 00:00:00-05:00,83.0,87.77999877929688,82.56999969482422,87.7300033569336,101300,0,0
2020-11-10 00:00:00-05:00,89.55999755859375,91.25,78.76000213623047,87.05999755859375,284200,0,0
2020-11-11 00:00:00-05:00,87.91999816894531,88.11000061035156,81.27999877929688,82.56999969482422,115200,0,0
2020-11-12 00:00:00-05:00,83.38999938964844,91.72000122070312,82.7300033569336,90.83000183105469,163400,0,0
2020-11-13 00:00:00-05:00,88.0,96.0479965209961,81.0999984741211,95.0,342600,0,0
2020-11-16 00:00:00-05:00,98.93000030517578,98.93000030517578,85.51000213623047,90.16999816894531,147600,0,0
2020-11-17 00:00:00-05:00,87.20999908447266,87.30999755859375,83.44000244140625,86.08000183105469,158300,0,0
2020-11-18 00:00:00-05:00,88.30000305175781,96.16999816894531,87.30500030517578,93.01000213623047,160000,0,0
2020-11-19 00:00:00-05:00,84.4800033569336,85.6449966430664,81.5,81.62999725341797,2136900,0,0
2020-11-20 00:00:00-05:00,83.30999755859375,84.88999938964844,79.26000213623047,83.77999877929688,592000,0,0
2020-11-23 00:00:00-05:00,84.5,85.40499877929688,81.22000122070312,83.36000061035156,448900,0,0
2020-11-24 00:00:00-05:00,83.58000183105469,84.54000091552734,80.44999694824219,82.48999786376953,208100,0,0
2020-11-25 00:00:00-05:00,82.13999938964844,82.13999938964844,77.0199966430664,77.9800033569336,440900,0,0
2020-11-27 00:00:00-05:00,77.79000091552734,82.83000183105469,76.58999633789062,81.94000244140625,251100,0,0
2020-11-30 00:00:00-05:00,81.83000183105469,84.0,78.52999877929688,82.86000061035156,279200,0,0
2020-12-01 00:00:00-05:00,84.68000030517578,85.25,79.5199966430664,79.93000030517578,209800,0,0
2020-12-02 00:00:00-05:00,80.19000244140625,80.66000366210938,76.5,79.0,367000,0,0
2020-12-03 00:00:00-05:00,78.5199966430664,79.41999816894531,76.80999755859375,77.2699966430664,273200,0,0
2020-12-04 00:00:00-05:00,77.58000183105469,82.16000366210938,77.44000244140625,81.27999877929688,210500,0,0
2020-12-07 00:00:00-05:00,81.80000305175781,87.76000213623047,81.80000305175781,85.37999725341797,345300,0,0
2020-12-08 00:00:00-05:00,87.48999786376953,89.81999969482422,83.23400115966797,89.3499984741211,323200,0,0
2020-12-09 00:00:00-05:00,89.97000122070312,95.97000122070312,85.86000061035156,87.62000274658203,532800,0,0
2020-12-10 00:00:00-05:00,86.54000091552734,94.0999984741211,86.54000091552734,90.0,728800,0,0
2020-12-11 00:00:00-05:00,91.37000274658203,96.72000122070312,85.06999969482422,89.51000213623047,672400,0,0
2020-12-14 00:00:00-05:00,89.68000030517578,92.25499725341797,82.18000030517578,82.80999755859375,369600,0,0
2020-12-15 00:00:00-05:00,82.97000122070312,85.52999877929688,82.5,83.56999969482422,400200,0,0
2020-12-16 00:00:00-05:00,83.45999908447266,87.7030029296875,82.80500030517578,87.04000091552734,230700,0,0
2020-12-17 00:00:00-05:00,87.41000366210938,91.76000213623047,86.43000030517578,88.6500015258789,393800,0,0
2020-12-18 00:00:00-05:00,89.29000091552734,94.97000122070312,89.29000091552734,94.20500183105469,537500,0,0
2020-12-21 00:00:00-05:00,94.0,104.98999786376953,92.26000213623047,103.55999755859375,556400,0,0
2020-12-22 00:00:00-05:00,104.5999984741211,109.77999877929688,92.23999786376953,106.0,895600,0,0
2020-12-23 00:00:00-05:00,110.93000030517578,113.52999877929688,101.27999877929688,103.44999694824219,434700,0,0
2020-12-24 00:00:00-05:00,103.13999938964844,108.0199966430664,101.76000213623047,103.37999725341797,157400,0,0
2020-12-28 00:00:00-05:00,106.08000183105469,106.0999984741211,98.08999633789062,98.73999786376953,426500,0,0
2020-12-29 00:00:00-05:00,98.5,101.0,88.18000030517578,89.5,538400,0,0
2020-12-30 00:00:00-05:00,92.23999786376953,100.0,91.30999755859375,92.0,338200,0,0
2020-12-31 00:00:00-05:00,92.11000061035156,93.83999633789062,84.81999969482422,89.41000366210938,441800,0,0
2021-01-04 00:00:00-05:00,90.5,90.94000244140625,80.33999633789062,83.54000091552734,641100,0,0
2021-01-05 00:00:00-05:00,83.16999816894531,93.0199966430664,83.16999816894531,88.6500015258789,652900,0,0
2021-01-06 00:00:00-05:00,91.7699966430664,91.7699966430664,85.54000091552734,87.80000305175781,499400,0,0
2021-01-07 00:00:00-05:00,90.44000244140625,91.70999908447266,87.0,89.05999755859375,1048000,0,0
2021-01-08 00:00:00-05:00,93.76000213623047,98.38999938964844,87.83000183105469,88.8499984741211,889400,0,0
2021-01-11 00:00:00-05:00,88.52999877929688,91.03600311279297,85.4000015258789,89.26000213623047,511800,0,0
2021-01-12 00:00:00-05:00,89.2300033569336,92.58000183105469,87.4800033569336,87.75,514200,0,0
2021-01-13 00:00:00-05:00,87.76000213623047,87.80000305175781,78.97000122070312,83.70999908447266,2724600,0,0
2021-01-14 00:00:00-05:00,84.44999694824219,86.13999938964844,84.0,85.41999816894531,1173900,0,0
2021-01-15 00:00:00-05:00,85.83999633789062,90.08999633789062,82.6500015258789,83.75,1415200,0,0
2021-01-19 00:00:00-05:00,84.2699966430664,84.54499816894531,79.61000061035156,80.83000183105469,1355100,0,0
2021-01-20 00:00:00-05:00,81.08000183105469,85.08999633789062,79.50499725341797,82.77999877929688,1312100,0,0
2021-01-21 00:00:00-05:00,82.95999908447266,83.27999877929688,80.66999816894531,83.01000213623047,834000,0,0
2021-01-22 00:00:00-05:00,81.93000030517578,82.31999969482422,79.7300033569336,81.02999877929688,1217900,0,0
2021-01-25 00:00:00-05:00,81.73999786376953,83.37000274658203,79.07099914550781,79.94999694824219,1147200,0,0
2021-01-26 00:00:00-05:00,80.20999908447266,80.27999877929688,72.93000030517578,73.22000122070312,1875200,0,0
2021-01-27 00:00:00-05:00,74.80000305175781,79.66999816894531,70.01000213623047,71.33999633789062,1576600,0,0
2021-01-28 00:00:00-05:00,70.30000305175781,75.05000305175781,70.0999984741211,74.55000305175781,1615000,0,0
2021-01-29 00:00:00-05:00,75.0,76.10199737548828,71.0199966430664,72.0,613500,0,0
2021-02-01 00:00:00-05:00,71.97000122070312,74.79000091552734,71.19999694824219,71.86000061035156,1161200,0,0
2021-02-02 00:00:00-05:00,72.70999908447266,79.22000122070312,72.48500061035156,77.18000030517578,1542800,0,0
2021-02-03 00:00:00-05:00,78.0199966430664,79.01000213623047,74.9000015258789,76.97000122070312,755400,0,0
2021-02-04 00:00:00-05:00,77.5,77.94000244140625,75.65899658203125,77.5999984741211,435200,0,0
2021-02-05 00:00:00-05:00,77.5999984741211,79.37000274658203,76.08499908447266,78.30999755859375,853900,0,0
2021-02-08 00:00:00-05:00,78.4000015258789,79.2770004272461,73.5,79.01000213623047,996300,0,0
2021-02-09 00:00:00-05:00,79.0,80.75,78.05000305175781,80.0,856700,0,0
2021-02-10 00:00:00-05:00,80.98999786376953,82.41999816894531,77.0,78.62000274658203,579100,0,0
2021-02-11 00:00:00-05:00,79.2300033569336,80.08000183105469,77.16000366210938,78.80999755859375,532900,0,0
2021-02-12 00:00:00-05:00,79.80000305175781,80.01000213623047,78.5999984741211,79.9800033569336,529600,0,0
2021-02-16 00:00:00-05:00,80.87999725341797,80.88999938964844,76.43499755859375,76.62000274658203,454400,0,0
2021-02-17 00:00:00-05:00,75.55000305175781,76.19999694824219,73.30000305175781,74.55000305175781,400500,0,0
2021-02-18 00:00:00-05:00,73.56999969482422,73.9800033569336,70.3499984741211,73.0199966430664,710500,0,0
2021-02-19 00:00:00-05:00,73.12999725341797,74.39600372314453,71.66999816894531,72.0199966430664,378100,0,0
2021-02-22 00:00:00-05:00,71.5999984741211,74.16600036621094,68.8949966430664,69.33999633789062,616000,0,0
2021-02-23 00:00:00-05:00,66.5,71.7699966430664,61.0099983215332,67.83000183105469,1304300,0,0
2021-02-24 00:00:00-05:00,68.83000183105469,71.16000366210938,66.73999786376953,67.5,875200,0,0
2021-02-25 00:00:00-05:00,67.75,67.77999877929688,61.20000076293945,61.90999984741211,1172900,0,0
2021-02-26 00:00:00-05:00,62.279998779296875,65.41999816894531,61.79999923706055,61.970001220703125,1963200,0,0
2021-03-01 00:00:00-05:00,62.15999984741211,62.79999923706055,56.869998931884766,62.29999923706055,2352600,0,0
2021-03-02 00:00:00-05:00,65.02999877929688,65.19999694824219,61.709999084472656,61.849998474121094,1868900,0,0
2021-03-03 00:00:00-05:00,63.650001525878906,63.650001525878906,58.65999984741211,58.779998779296875,1483400,0,0
2021-03-04 00:00:00-05:00,57.77000045776367,57.810001373291016,52.709999084472656,53.720001220703125,2158300,0,0
2021-03-05 00:00:00-05:00,54.0,54.689998626708984,47.279998779296875,49.744998931884766,3064400,0,0
2021-03-08 00:00:00-05:00,50.130001068115234,52.689998626708984,47.38999938964844,47.81999969482422,1637300,0,0
2021-03-09 00:00:00-05:00,50.0,54.689998626708984,49.970001220703125,53.310001373291016,1262200,0,0
2021-03-10 00:00:00-05:00,52.54999923706055,55.369998931884766,52.0,53.09000015258789,1721400,0,0
2021-03-11 00:00:00-05:00,55.619998931884766,55.83000183105469,53.630001068115234,55.45000076293945,1118700,0,0
2021-03-12 00:00:00-05:00,54.29999923706055,55.04999923706055,53.119998931884766,54.2400016784668,826100,0,0
2021-03-15 00:00:00-04:00,54.16999816894531,55.18000030517578,52.75,54.2599983215332,1125100,0,0
2021-03-16 00:00:00-04:00,55.0099983215332,55.36000061035156,52.935001373291016,54.209999084472656,1235000,0,0
2021-03-17 00:00:00-04:00,53.25,55.5,53.2400016784668,54.869998931884766,1245000,0,0
2021-03-18 00:00:00-04:00,54.150001525878906,54.70000076293945,49.470001220703125,49.88999938964844,1702800,0,0
2021-03-19 00:00:00-04:00,50.29999923706055,52.349998474121094,48.619998931884766,48.810001373291016,2368200,0,0
2021-03-22 00:00:00-04:00,49.97999954223633,51.939998626708984,49.709999084472656,51.13999938964844,1274500,0,0
2021-03-23 00:00:00-04:00,51.060001373291016,51.375,48.81999969482422,49.400001525878906,1188100,0,0
2021-03-24 00:00:00-04:00,49.59000015258789,49.974998474121094,46.23099899291992,47.150001525878906,1441200,0,0
2021-03-25 00:00:00-04:00,45.5,46.619998931884766,43.880001068115234,45.45000076293945,1203600,0,0
2021-03-26 00:00:00-04:00,45.56999969482422,47.040000915527344,42.54899978637695,44.779998779296875,2224300,0,0
2021-03-29 00:00:00-04:00,44.79999923706055,45.4900016784668,43.20000076293945,44.4900016784668,789000,0,0
2021-03-30 00:00:00-04:00,44.0,45.7599983215332,42.029998779296875,44.33000183105469,918400,0,0
2021-03-31 00:00:00-04:00,44.93000030517578,50.59000015258789,44.369998931884766,50.22999954223633,1162000,0,0
2021-04-01 00:00:00-04:00,50.63999938964844,52.33000183105469,47.77000045776367,48.85499954223633,1661900,0,0
2021-04-05 00:00:00-04:00,50.060001373291016,51.53499984741211,49.400001525878906,51.29999923706055,644300,0,0
2021-04-06 00:00:00-04:00,51.16999816894531,51.61000061035156,48.599998474121094,50.459999084472656,669400,0,0
2021-04-07 00:00:00-04:00,50.189998626708984,51.650001525878906,49.766998291015625,50.790000915527344,538800,0,0
2021-04-08 00:00:00-04:00,51.709999084472656,52.2599983215332,48.0099983215332,49.08000183105469,1052000,0,0
2021-04-09 00:00:00-04:00,48.91999816894531,48.91999816894531,46.68000030517578,47.2400016784668,502800,0,0
2021-04-12 00:00:00-04:00,47.470001220703125,48.20000076293945,45.89500045776367,47.63999938964844,940000,0,0
2021-04-13 00:00:00-04:00,47.72999954223633,49.22999954223633,47.150001525878906,48.779998779296875,554200,0,0
2021-04-14 00:00:00-04:00,49.279998779296875,50.540000915527344,47.36000061035156,48.43000030517578,436600,0,0
2021-04-15 00:00:00-04:00,48.97999954223633,50.15999984741211,48.95000076293945,49.06999969482422,320800,0,0
2021-04-16 00:00:00-04:00,48.84000015258789,48.84000015258789,46.70000076293945,47.93000030517578,411100,0,0
2021-04-19 00:00:00-04:00,47.16999816894531,47.849998474121094,45.5099983215332,46.880001068115234,409000,0,0
2021-04-20 00:00:00-04:00,46.959999084472656,47.58000183105469,45.290000915527344,46.7599983215332,457900,0,0
2021-04-21 00:00:00-04:00,46.43000030517578,48.02000045776367,45.619998931884766,48.02000045776367,357500,0,0
2021-04-22 00:00:00-04:00,48.959999084472656,49.59000015258789,47.529998779296875,48.849998474121094,405900,0,0
2021-04-23 00:00:00-04:00,49.189998626708984,50.62200164794922,48.79999923706055,50.040000915527344,553000,0,0
2021-04-26 00:00:00-04:00,50.5,53.0,50.0,52.9900016784668,922300,0,0
2021-04-27 00:00:00-04:00,52.97999954223633,52.97999954223633,50.75,52.79999923706055,679400,0,0
2021-04-28 00:00:00-04:00,52.380001068115234,53.41999816894531,51.7400016784668,52.95000076293945,509400,0,0
2021-04-29 00:00:00-04:00,53.15999984741211,53.209999084472656,49.207000732421875,50.380001068115234,417800,0,0
2021-04-30 00:00:00-04:00,49.939998626708984,50.59299850463867,48.72800064086914,49.11000061035156,428300,0,0
2021-05-03 00:00:00-04:00,49.20000076293945,49.81999969482422,48.84000015258789,49.310001373291016,434800,0,0
2021-05-04 00:00:00-04:00,48.58000183105469,49.0,46.790000915527344,48.189998626708984,503000,0,0
2021-05-05 00:00:00-04:00,48.58000183105469,50.45000076293945,47.810001373291016,49.119998931884766,603900,0,0
2021-05-06 00:00:00-04:00,48.90999984741211,48.90999984741211,45.81999969482422,47.91999816894531,1450000,0,0
2021-05-07 00:00:00-04:00,49.604000091552734,49.779998779296875,46.380001068115234,46.5,826100,0,0
2021-05-10 00:00:00-04:00,45.61000061035156,47.720001220703125,44.63999938964844,45.540000915527344,1272200,0,0
2021-05-11 00:00:00-04:00,42.92100143432617,44.119998931884766,40.22100067138672,43.130001068115234,2536700,0,0
2021-05-12 00:00:00-04:00,41.939998626708984,43.61000061035156,39.21500015258789,39.529998779296875,1318300,0,0
2021-05-13 00:00:00-04:00,39.720001220703125,40.0,35.5099983215332,36.400001525878906,1615300,0,0
2021-05-14 00:00:00-04:00,37.08000183105469,37.709999084472656,35.810001373291016,37.130001068115234,1661100,0,0
2021-05-17 00:00:00-04:00,36.810001373291016,38.16999816894531,35.810001373291016,38.130001068115234,1056000,0,0
2021-05-18 00:00:00-04:00,38.0,39.849998474121094,37.470001220703125,39.09000015258789,1066100,0,0
2021-05-19 00:00:00-04:00,38.5,40.31999969482422,37.52000045776367,39.93000030517578,621400,0,0
2021-05-20 00:00:00-04:00,40.439998626708984,42.97999954223633,39.73899841308594,42.20000076293945,720600,0,0
2021-05-21 00:00:00-04:00,42.380001068115234,43.279998779296875,41.209999084472656,42.529998779296875,446500,0,0
2021-05-24 00:00:00-04:00,42.900001525878906,43.650001525878906,42.040000915527344,42.18000030517578,482500,0,0
2021-05-25 00:00:00-04:00,42.529998779296875,43.810001373291016,41.65999984741211,42.56999969482422,336300,0,0
2021-05-26 00:00:00-04:00,42.439998626708984,43.959999084472656,42.439998626708984,43.81999969482422,354600,0,0
2021-05-27 00:00:00-04:00,43.77000045776367,45.33000183105469,42.650001525878906,44.93000030517578,441200,0,0
2021-05-28 00:00:00-04:00,44.900001525878906,46.400001525878906,43.2599983215332,43.5,739000,0,0
2021-06-01 00:00:00-04:00,43.58000183105469,44.310001373291016,39.79999923706055,42.34000015258789,660100,0,0
2021-06-02 00:00:00-04:00,41.97999954223633,42.77000045776367,41.369998931884766,41.84000015258789,523600,0,0
2021-06-03 00:00:00-04:00,41.040000915527344,41.702999114990234,40.0099983215332,40.41999816894531,845500,0,0
2021-06-04 00:00:00-04:00,40.9900016784668,41.70000076293945,40.665000915527344,40.84000015258789,418800,0,0
2021-06-07 00:00:00-04:00,41.86000061035156,43.45500183105469,41.1349983215332,43.2599983215332,864300,0,0
2021-06-08 00:00:00-04:00,44.470001220703125,45.900001525878906,42.91999816894531,43.540000915527344,950900,0,0
2021-06-09 00:00:00-04:00,44.2400016784668,47.869998931884766,44.2400016784668,47.0099983215332,1222000,0,0
2021-06-10 00:00:00-04:00,46.880001068115234,48.099998474121094,45.65999984741211,47.290000915527344,1136400,0,0
2021-06-11 00:00:00-04:00,47.290000915527344,49.03499984741211,46.709999084472656,48.79999923706055,840100,0,0
2021-06-14 00:00:00-04:00,49.029998779296875,49.619998931884766,46.33000183105469,48.18000030517578,818800,0,0
2021-06-15 00:00:00-04:00,48.16999816894531,48.59000015258789,45.7400016784668,46.45000076293945,499100,0,0
2021-06-16 00:00:00-04:00,46.380001068115234,47.0,44.060001373291016,46.689998626708984,874500,0,0
2021-06-17 00:00:00-04:00,46.540000915527344,49.880001068115234,45.95000076293945,49.400001525878906,1136700,0,0
2021-06-18 00:00:00-04:00,49.13999938964844,50.150001525878906,47.06999969482422,48.619998931884766,1600600,0,0
2021-06-21 00:00:00-04:00,48.45000076293945,49.95000076293945,47.65999984741211,49.349998474121094,869400,0,0
2021-06-22 00:00:00-04:00,49.58000183105469,50.119998931884766,48.27000045776367,49.95000076293945,560500,0,0
2021-06-23 00:00:00-04:00,49.75,50.20000076293945,49.08000183105469,49.66999816894531,568200,0,0
2021-06-24 00:00:00-04:00,49.880001068115234,51.2400016784668,47.59000015258789,48.619998931884766,801500,0,0
2021-06-25 00:00:00-04:00,48.560001373291016,48.900001525878906,46.900001525878906,48.099998474121094,6558100,0,0
2021-06-28 00:00:00-04:00,48.95000076293945,50.0,48.209999084472656,49.189998626708984,803000,0,0
2021-06-29 00:00:00-04:00,48.09000015258789,49.630001068115234,45.70000076293945,45.97999954223633,783100,0,0
2021-06-30 00:00:00-04:00,46.189998626708984,46.2400016784668,44.599998474121094,44.810001373291016,442900,0,0
2021-07-01 00:00:00-04:00,44.959999084472656,47.86000061035156,44.400001525878906,47.189998626708984,750200,0,0
2021-07-02 00:00:00-04:00,47.29999923706055,47.40999984741211,44.64799880981445,45.34000015258789,598600,0,0
2021-07-06 00:00:00-04:00,45.400001525878906,47.529998779296875,44.88999938964844,47.439998626708984,714400,0,0
2021-07-07 00:00:00-04:00,47.54999923706055,47.56999969482422,45.28499984741211,47.04999923706055,943600,0,0
2021-07-08 00:00:00-04:00,45.720001220703125,46.53499984741211,44.599998474121094,46.290000915527344,714900,0,0
2021-07-09 00:00:00-04:00,46.2599983215332,48.290000915527344,45.847999572753906,47.90999984741211,451200,0,0
2021-07-12 00:00:00-04:00,48.08000183105469,48.75,46.27000045776367,46.38999938964844,488200,0,0
2021-07-13 00:00:00-04:00,46.25,46.279998779296875,44.84000015258789,45.040000915527344,456100,0,0
2021-07-14 00:00:00-04:00,45.31999969482422,45.779998779296875,42.279998779296875,43.0,756900,0,0
2021-07-15 00:00:00-04:00,42.630001068115234,43.720001220703125,41.310001373291016,42.70000076293945,442200,0,0
2021-07-16 00:00:00-04:00,43.16999816894531,45.75,42.34000015258789,44.68000030517578,682400,0,0
2021-07-19 00:00:00-04:00,43.65999984741211,45.29999923706055,42.70000076293945,44.81999969482422,411100,0,0
2021-07-20 00:00:00-04:00,45.099998474121094,48.52000045776367,44.31999969482422,48.400001525878906,792100,0,0
2021-07-21 00:00:00-04:00,48.560001373291016,50.31999969482422,47.52000045776367,50.029998779296875,889200,0,0
2021-07-22 00:00:00-04:00,50.099998474121094,51.28300094604492,48.845001220703125,48.849998474121094,400400,0,0
2021-07-23 00:00:00-04:00,48.849998474121094,49.220001220703125,46.54999923706055,48.060001373291016,283700,0,0
2021-07-26 00:00:00-04:00,48.0,48.380001068115234,45.93000030517578,46.43000030517578,389500,0,0
2021-07-27 00:00:00-04:00,45.900001525878906,46.0,42.81999969482422,44.15999984741211,549800,0,0
2021-07-28 00:00:00-04:00,45.18000030517578,47.5,44.59000015258789,46.529998779296875,642900,0,0
2021-07-29 00:00:00-04:00,46.970001220703125,47.38999938964844,46.04999923706055,46.560001373291016,252300,0,0
2021-07-30 00:00:00-04:00,45.689998626708984,46.88999938964844,45.20000076293945,45.58000183105469,225900,0,0
2021-08-02 00:00:00-04:00,45.810001373291016,47.66999816894531,44.619998931884766,46.2599983215332,268500,0,0
2021-08-03 00:00:00-04:00,45.76499938964844,46.91999816894531,44.0099983215332,44.720001220703125,383800,0,0
2021-08-04 00:00:00-04:00,44.540000915527344,46.125,44.099998474121094,45.79999923706055,167300,0,0
2021-08-05 00:00:00-04:00,45.56999969482422,47.38999938964844,44.75,46.91999816894531,298100,0,0
2021-08-06 00:00:00-04:00,46.68000030517578,46.9010009765625,43.90999984741211,44.15999984741211,329000,0,0
2021-08-09 00:00:00-04:00,44.400001525878906,45.88999938964844,44.209999084472656,44.619998931884766,256300,0,0
2021-08-10 00:00:00-04:00,44.95000076293945,45.279998779296875,43.275001525878906,43.790000915527344,697000,0,0
2021-08-11 00:00:00-04:00,41.29999923706055,41.75,35.86399841308594,39.650001525878906,2055300,0,0
2021-08-12 00:00:00-04:00,39.54999923706055,41.91999816894531,39.25,40.189998626708984,847300,0,0
2021-08-13 00:00:00-04:00,40.165000915527344,41.810001373291016,40.0099983215332,41.0,562900,0,0
2021-08-16 00:00:00-04:00,39.2599983215332,40.79499816894531,38.380001068115234,39.2400016784668,1264600,0,0
2021-08-17 00:00:00-04:00,38.5,40.220001220703125,36.68000030517578,37.33000183105469,1557500,0,0
2021-08-18 00:00:00-04:00,37.38999938964844,37.54999923706055,35.7599983215332,36.380001068115234,804600,0,0
2021-08-19 00:00:00-04:00,36.0,36.400001525878906,34.189998626708984,34.84000015258789,757700,0,0
2021-08-20 00:00:00-04:00,34.86000061035156,35.47999954223633,34.2400016784668,34.68000030517578,793200,0,0
2021-08-23 00:00:00-04:00,35.25,35.849998474121094,34.220001220703125,34.5,2154900,0,0
2021-08-24 00:00:00-04:00,34.5099983215332,36.470001220703125,34.029998779296875,36.189998626708984,3148100,0,0
2021-08-25 00:00:00-04:00,36.400001525878906,37.119998931884766,34.939998626708984,35.34000015258789,981100,0,0
2021-08-26 00:00:00-04:00,35.099998474121094,35.849998474121094,34.150001525878906,34.5099983215332,1400800,0,0
2021-08-27 00:00:00-04:00,34.70000076293945,35.25,33.90999984741211,34.02000045776367,1039200,0,0
2021-08-30 00:00:00-04:00,34.25,37.349998474121094,33.849998474121094,36.79999923706055,1190600,0,0
2021-08-31 00:00:00-04:00,36.70000076293945,37.04999923706055,34.40999984741211,35.560001373291016,1088300,0,0
2021-09-01 00:00:00-04:00,35.720001220703125,36.5,35.119998931884766,35.43000030517578,903600,0,0
2021-09-02 00:00:00-04:00,35.630001068115234,37.31999969482422,34.88999938964844,36.91999816894531,986200,0,0
2021-09-03 00:00:00-04:00,36.72999954223633,37.86000061035156,36.31999969482422,36.709999084472656,320000,0,0
2021-09-07 00:00:00-04:00,36.61000061035156,37.470001220703125,36.099998474121094,37.349998474121094,495600,0,0
2021-09-08 00:00:00-04:00,37.47999954223633,37.4900016784668,35.060001373291016,36.040000915527344,519800,0,0
2021-09-09 00:00:00-04:00,35.244998931884766,37.220001220703125,35.244998931884766,35.86000061035156,614600,0,0
2021-09-10 00:00:00-04:00,35.86000061035156,36.5,35.13999938964844,35.29999923706055,523000,0,0
2021-09-13 00:00:00-04:00,35.439998626708984,35.439998626708984,33.63999938964844,33.86000061035156,942900,0,0
2021-09-14 00:00:00-04:00,34.16999816894531,34.63999938964844,32.540000915527344,32.7599983215332,1055400,0,0
2021-09-15 00:00:00-04:00,29.565000534057617,29.799999237060547,24.65999984741211,26.6200008392334,7414600,0,0
2021-09-16 00:00:00-04:00,25.670000076293945,25.90999984741211,19.211000442504883,23.530000686645508,15443500,0,0
2021-09-17 00:00:00-04:00,24.639999389648438,27.479999542236328,22.840999603271484,27.110000610351562,9162000,0,0
2021-09-20 00:00:00-04:00,25.253000259399414,27.18400001525879,24.75,25.350000381469727,3680800,0,0
2021-09-21 00:00:00-04:00,25.75,26.25,24.719999313354492,24.75,2118600,0,0
2021-09-22 00:00:00-04:00,24.670000076293945,24.70400047302246,23.030000686645508,23.149999618530273,1743100,0,0
2021-09-23 00:00:00-04:00,23.530000686645508,23.540000915527344,21.520000457763672,21.950000762939453,4013000,0,0
2021-09-24 00:00:00-04:00,22.110000610351562,22.229999542236328,21.309999465942383,21.420000076293945,1953300,0,0
2021-09-27 00:00:00-04:00,21.399999618530273,21.6200008392334,20.469999313354492,21.25,1647600,0,0
2021-09-28 00:00:00-04:00,21.149999618530273,21.389999389648438,20.0,20.469999313354492,1730100,0,0
2021-09-29 00:00:00-04:00,20.56999969482422,20.76799964904785,19.389999389648438,19.5,1200700,0,0
2021-09-30 00:00:00-04:00,19.600000381469727,20.309999465942383,19.290000915527344,19.559999465942383,1304400,0,0
2021-10-01 00:00:00-04:00,19.75,19.8799991607666,19.010000228881836,19.65999984741211,1104500,0,0
2021-10-04 00:00:00-04:00,19.479999542236328,19.799999237060547,18.059999465942383,18.420000076293945,1500100,0,0
2021-10-05 00:00:00-04:00,18.479999542236328,19.5,18.309999465942383,19.200000762939453,909500,0,0
2021-10-06 00:00:00-04:00,18.729999542236328,19.349000930786133,18.43000030517578,18.530000686645508,876700,0,0
2021-10-07 00:00:00-04:00,18.610000610351562,19.579999923706055,18.459999084472656,18.799999237060547,775900,0,0
2021-10-08 00:00:00-04:00,18.739999771118164,18.878999710083008,18.010000228881836,18.09000015258789,949900,0,0
2021-10-11 00:00:00-04:00,18.059999465942383,19.209999084472656,17.81999969482422,18.559999465942383,1189700,0,0
2021-10-12 00:00:00-04:00,19.65999984741211,21.670000076293945,19.299999237060547,21.0,3606400,0,0
2021-10-13 00:00:00-04:00,21.184999465942383,22.635000228881836,20.40999984741211,22.43000030517578,3249900,0,0
2021-10-14 00:00:00-04:00,22.790000915527344,24.420000076293945,22.610000610351562,24.020000457763672,2423600,0,0
2021-10-15 00:00:00-04:00,24.399999618530273,25.65999984741211,23.799999237060547,25.5,3432400,0,0
2021-10-18 00:00:00-04:00,25.229999542236328,25.690000534057617,23.649999618530273,24.610000610351562,2277700,0,0
2021-10-19 00:00:00-04:00,24.600000381469727,26.290000915527344,24.579999923706055,25.739999771118164,1120600,0,0
2021-10-20 00:00:00-04:00,25.729999542236328,26.0049991607666,25.145000457763672,25.600000381469727,879900,0,0
2021-10-21 00:00:00-04:00,25.40999984741211,26.0,25.049999237060547,25.469999313354492,758200,0,0
2021-10-22 00:00:00-04:00,24.9950008392334,25.479999542236328,24.149999618530273,24.700000762939453,1618500,0,0
2021-10-25 00:00:00-04:00,24.709999084472656,25.329999923706055,24.100000381469727,25.209999084472656,575600,0,0
2021-10-26 00:00:00-04:00,25.5,26.0,24.239999771118164,24.270000457763672,687300,0,0
2021-10-27 00:00:00-04:00,24.149999618530273,24.489999771118164,22.510000228881836,23.1299991607666,795000,0,0
2021-10-28 00:00:00-04:00,23.139999389648438,24.15999984741211,22.899999618530273,23.959999084472656,452500,0,0
2021-10-29 00:00:00-04:00,23.850000381469727,24.030000686645508,23.100000381469727,23.25,414700,0,0
2021-11-01 00:00:00-04:00,23.290000915527344,24.84000015258789,23.25,24.489999771118164,670600,0,0
2021-11-02 00:00:00-04:00,24.420000076293945,24.5,23.725000381469727,23.8700008392334,510400,0,0
2021-11-03 00:00:00-04:00,23.649999618530273,24.520000457763672,23.454999923706055,24.450000762939453,578000,0,0
2021-11-04 00:00:00-04:00,24.190000534057617,26.280000686645508,22.75,23.950000762939453,1445400,0,0
2021-11-05 00:00:00-04:00,23.84000015258789,24.84000015258789,23.700000762939453,24.420000076293945,652000,0,0
2021-11-08 00:00:00-05:00,24.209999084472656,25.239999771118164,24.209999084472656,24.549999237060547,607000,0,0
2021-11-09 00:00:00-05:00,24.5,24.899999618530273,24.040000915527344,24.520000457763672,850700,0,0
2021-11-10 00:00:00-05:00,25.139999389648438,26.75,24.219999313354492,25.149999618530273,1580700,0,0
2021-11-11 00:00:00-05:00,25.260000228881836,26.030000686645508,24.915000915527344,25.610000610351562,722200,0,0
2021-11-12 00:00:00-05:00,25.65999984741211,26.239999771118164,25.030000686645508,25.68000030517578,610200,0,0
2021-11-15 00:00:00-05:00,26.049999237060547,26.670000076293945,24.450000762939453,24.719999313354492,705700,0,0
2021-11-16 00:00:00-05:00,24.59000015258789,25.579999923706055,24.378000259399414,25.520000457763672,503600,0,0
2021-11-17 00:00:00-05:00,25.469999313354492,25.600000381469727,24.3799991607666,24.639999389648438,467800,0,0
2021-11-18 00:00:00-05:00,24.65999984741211,24.690000534057617,22.790000915527344,23.020000457763672,893900,0,0
2021-11-19 00:00:00-05:00,23.040000915527344,24.31999969482422,22.989999771118164,23.719999313354492,733000,0,0
2021-11-22 00:00:00-05:00,23.760000228881836,23.760000228881836,21.729999542236328,21.93000030517578,885000,0,0
2021-11-23 00:00:00-05:00,21.510000228881836,22.010000228881836,20.639999389648438,21.75,784800,0,0
2021-11-24 00:00:00-05:00,19.6200008392334,20.860000610351562,19.5,20.59000015258789,997200,0,0
2021-11-26 00:00:00-05:00,20.100000381469727,20.799999237060547,19.756999969482422,20.219999313354492,442300,0,0
2021-11-29 00:00:00-05:00,20.530000686645508,20.649999618530273,19.31999969482422,20.110000610351562,628500,0,0
2021-11-30 00:00:00-05:00,20.110000610351562,21.219999313354492,20.030000686645508,20.8700008392334,979000,0,0
2021-12-01 00:00:00-05:00,21.200000762939453,21.530000686645508,19.56999969482422,19.649999618530273,717200,0,0
2021-12-02 00:00:00-05:00,19.549999237060547,21.079999923706055,19.18000030517578,20.450000762939453,732700,0,0
2021-12-03 00:00:00-05:00,20.639999389648438,20.700000762939453,18.34000015258789,19.040000915527344,1873500,0,0
2021-12-06 00:00:00-05:00,18.950000762939453,19.885000228881836,18.350000381469727,19.270000457763672,835800,0,0
2021-12-07 00:00:00-05:00,20.0,21.690000534057617,19.959999084472656,20.989999771118164,1231600,0,0
2021-12-08 00:00:00-05:00,20.799999237060547,21.229999542236328,19.280000686645508,20.5,865800,0,0
2021-12-09 00:00:00-05:00,20.440000534057617,20.450000762939453,18.5,18.530000686645508,1142200,0,0
2021-12-10 00:00:00-05:00,18.649999618530273,19.719999313354492,17.729999542236328,17.959999084472656,826000,0,0
2021-12-13 00:00:00-05:00,17.959999084472656,18.639999389648438,17.229999542236328,17.81999969482422,705600,0,0
2021-12-14 00:00:00-05:00,17.43000030517578,18.290000915527344,16.959999084472656,17.389999389648438,627400,0,0
2021-12-15 00:00:00-05:00,17.399999618530273,18.700000762939453,16.889999389648438,18.610000610351562,1589400,0,0
2021-12-16 00:00:00-05:00,18.989999771118164,19.81999969482422,17.450000762939453,17.860000610351562,1125500,0,0
2021-12-17 00:00:00-05:00,17.829999923706055,19.559999465942383,17.420000076293945,18.979999542236328,1515400,0,0
2021-12-20 00:00:00-05:00,18.5,19.760000228881836,17.93000030517578,19.15999984741211,854800,0,0
2021-12-21 00:00:00-05:00,19.360000610351562,20.649999618530273,19.350000381469727,20.6299991607666,670900,0,0
2021-12-22 00:00:00-05:00,20.579999923706055,21.65999984741211,19.920000076293945,20.34000015258789,702200,0,0
2021-12-23 00:00:00-05:00,20.149999618530273,20.350000381469727,18.979999542236328,19.09000015258789,1003300,0,0
2021-12-27 00:00:00-05:00,18.940000534057617,19.43000030517578,18.31999969482422,18.739999771118164,714800,0,0
2021-12-28 00:00:00-05:00,18.81999969482422,19.5,17.760000228881836,17.950000762939453,1073500,0,0
2021-12-29 00:00:00-05:00,17.959999084472656,18.0,17.200000762939453,17.56999969482422,749800,0,0
2021-12-30 00:00:00-05:00,17.469999313354492,19.450000762939453,17.469999313354492,18.600000381469727,1091600,0,0
2021-12-31 00:00:00-05:00,18.829999923706055,19.079999923706055,18.049999237060547,18.18000030517578,560300,0,0
2022-01-03 00:00:00-05:00,18.389999389648438,19.34000015258789,18.049999237060547,19.260000228881836,792300,0,0
2022-01-04 00:00:00-05:00,19.209999084472656,19.209999084472656,17.389999389648438,18.34000015258789,786100,0,0
2022-01-05 00:00:00-05:00,17.850000381469727,18.440000534057617,16.200000762939453,16.270000457763672,1377600,0,0
2022-01-06 00:00:00-05:00,11.130000114440918,12.229999542236328,9.699999809265137,9.880000114440918,11809500,0,0
2022-01-07 00:00:00-05:00,9.789999961853027,10.350000381469727,9.399999618530273,9.619999885559082,5488600,0,0
2022-01-10 00:00:00-05:00,9.5,10.0600004196167,9.050000190734863,10.029999732971191,3998700,0,0
2022-01-11 00:00:00-05:00,10.010000228881836,10.800000190734863,9.859999656677246,10.640000343322754,2513600,0,0
2022-01-12 00:00:00-05:00,10.65999984741211,10.989999771118164,9.864999771118164,9.899999618530273,2909900,0,0
2022-01-13 00:00:00-05:00,9.890000343322754,10.020000457763672,9.430000305175781,9.510000228881836,1057700,0,0
2022-01-14 00:00:00-05:00,9.350000381469727,9.928999900817871,9.119000434875488,9.670000076293945,1057400,0,0
2022-01-18 00:00:00-05:00,9.399999618530273,10.039999961853027,9.34000015258789,9.539999961853027,1936300,0,0
2022-01-19 00:00:00-05:00,9.649999618530273,10.079999923706055,9.109999656677246,9.170000076293945,3204600,0,0
2022-01-20 00:00:00-05:00,9.4399995803833,10.5,9.079999923706055,9.199999809265137,2381200,0,0
2022-01-21 00:00:00-05:00,9.050000190734863,9.539999961853027,8.569999694824219,8.890000343322754,2224700,0,0
2022-01-24 00:00:00-05:00,8.649999618530273,9.34000015258789,8.010000228881836,9.289999961853027,1650500,0,0
2022-01-25 00:00:00-05:00,8.949999809265137,9.279999732971191,8.510000228881836,8.789999961853027,2037000,0,0
2022-01-26 00:00:00-05:00,9.079999923706055,9.609999656677246,8.34000015258789,8.4399995803833,1020200,0,0
2022-01-27 00:00:00-05:00,8.619999885559082,8.854999542236328,8.12399959564209,8.199999809265137,1267000,0,0
2022-01-28 00:00:00-05:00,8.15999984741211,8.800000190734863,7.880000114440918,8.770000457763672,1837400,0,0
2022-01-31 00:00:00-05:00,8.779999732971191,9.960000038146973,8.777999877929688,9.710000038146973,1256300,0,0
2022-02-01 00:00:00-05:00,9.8100004196167,10.289999961853027,9.220000267028809,10.0,3306600,0,0
2022-02-02 00:00:00-05:00,10.109999656677246,10.229999542236328,9.15999984741211,9.239999771118164,991100,0,0
2022-02-03 00:00:00-05:00,8.920000076293945,9.274999618530273,8.329999923706055,8.329999923706055,956300,0,0
2022-02-04 00:00:00-05:00,8.329999923706055,8.699999809265137,7.940000057220459,8.460000038146973,984100,0,0
2022-02-07 00:00:00-05:00,8.420000076293945,9.024999618530273,8.149999618530273,8.229999542236328,3026800,0,0
2022-02-08 00:00:00-05:00,8.149999618530273,8.390000343322754,7.900000095367432,8.010000228881836,1077000,0,0
2022-02-09 00:00:00-05:00,8.199999809265137,8.59000015258789,8.119999885559082,8.380000114440918,1199500,0,0
2022-02-10 00:00:00-05:00,8.09000015258789,8.479999542236328,7.75,7.880000114440918,1979400,0,0
2022-02-11 00:00:00-05:00,7.920000076293945,8.25,7.380000114440918,7.559999942779541,1132000,0,0
2022-02-14 00:00:00-05:00,7.539999961853027,8.0,7.210000038146973,7.369999885559082,2901800,0,0
2022-02-15 00:00:00-05:00,7.590000152587891,7.800000190734863,7.360000133514404,7.630000114440918,1642400,0,0
2022-02-16 00:00:00-05:00,7.510000228881836,7.630000114440918,7.28000020980835,7.510000228881836,959800,0,0
2022-02-17 00:00:00-05:00,7.360000133514404,7.429999828338623,6.809999942779541,6.860000133514404,1188700,0,0
2022-02-18 00:00:00-05:00,6.849999904632568,7.099999904632568,6.679999828338623,6.860000133514404,1064800,0,0
2022-02-22 00:00:00-05:00,6.75,6.949999809265137,6.519999980926514,6.659999847412109,1319700,0,0
2022-02-23 00:00:00-05:00,6.75,6.849999904632568,6.309999942779541,6.340000152587891,1169400,0,0
2022-02-24 00:00:00-05:00,6.0,7.159999847412109,6.0,7.110000133514404,3100000,0,0
2022-02-25 00:00:00-05:00,7.070000171661377,7.445000171661377,7.0,7.420000076293945,1281500,0,0
2022-02-28 00:00:00-05:00,7.400000095367432,7.800000190734863,7.300000190734863,7.670000076293945,1745500,0,0
2022-03-01 00:00:00-05:00,7.510000228881836,7.860000133514404,7.46999979019165,7.570000171661377,1579800,0,0
2022-03-02 00:00:00-05:00,7.650000095367432,7.650000095367432,6.96999979019165,7.130000114440918,823000,0,0
2022-03-03 00:00:00-05:00,7.260000228881836,7.269999980926514,6.570000171661377,6.670000076293945,967600,0,0
2022-03-04 00:00:00-05:00,6.599999904632568,6.800000190734863,6.119999885559082,6.21999979019165,1460900,0,0
2022-03-07 00:00:00-05:00,6.190000057220459,6.440000057220459,5.829999923706055,5.920000076293945,1530000,0,0
2022-03-08 00:00:00-05:00,5.920000076293945,6.440000057220459,5.730000019073486,5.929999828338623,1706700,0,0
2022-03-09 00:00:00-05:00,6.230000019073486,6.440000057220459,6.105000019073486,6.309999942779541,2394000,0,0
2022-03-10 00:00:00-05:00,6.28000020980835,6.28000020980835,5.46999979019165,5.690000057220459,1448100,0,0
2022-03-11 00:00:00-05:00,5.769999980926514,5.789999961853027,5.074999809265137,5.119999885559082,1216000,0,0
2022-03-14 00:00:00-04:00,5.5,5.760000228881836,5.159999847412109,5.260000228881836,1711200,0,0
2022-03-15 00:00:00-04:00,5.300000190734863,5.409999847412109,5.099999904632568,5.380000114440918,1492500,0,0
2022-03-16 00:00:00-04:00,5.760000228881836,6.489999771118164,5.71999979019165,6.480000019073486,2360800,0,0
2022-03-17 00:00:00-04:00,6.380000114440918,6.949999809265137,6.21999979019165,6.900000095367432,1526000,0,0
2022-03-18 00:00:00-04:00,6.809999942779541,7.690000057220459,6.750999927520752,7.639999866485596,2765400,0,0
2022-03-21 00:00:00-04:00,7.610000133514404,7.619999885559082,6.889999866485596,7.050000190734863,1791100,0,0
2022-03-22 00:00:00-04:00,7.039999961853027,7.619999885559082,7.010000228881836,7.389999866485596,1263000,0,0
2022-03-23 00:00:00-04:00,7.300000190734863,7.498000144958496,6.980000019073486,7.090000152587891,657400,0,0
2022-03-24 00:00:00-04:00,7.159999847412109,7.369999885559082,6.659999847412109,7.03000020980835,700600,0,0
2022-03-25 00:00:00-04:00,7.079999923706055,7.090000152587891,6.570000171661377,6.769999980926514,681000,0,0
2022-03-28 00:00:00-04:00,6.820000171661377,7.070000171661377,6.519999980926514,6.769999980926514,737900,0,0
2022-03-29 00:00:00-04:00,7.0,7.789999961853027,6.989999771118164,7.659999847412109,1610400,0,0
2022-03-30 00:00:00-04:00,7.5,7.739999771118164,7.059999942779541,7.139999866485596,753500,0,0
2022-03-31 00:00:00-04:00,7.119999885559082,7.389999866485596,7.070000171661377,7.110000133514404,716900,0,0
2022-04-01 00:00:00-04:00,7.139999866485596,7.440000057220459,7.050000190734863,7.329999923706055,695800,0,0
2022-04-04 00:00:00-04:00,7.400000095367432,7.579999923706055,7.239999771118164,7.340000152587891,565100,0,0
2022-04-05 00:00:00-04:00,7.349999904632568,7.400000095367432,6.605000019073486,6.690000057220459,875300,0,0
2022-04-06 00:00:00-04:00,6.519999980926514,6.539999961853027,6.099999904632568,6.429999828338623,793200,0,0
2022-04-07 00:00:00-04:00,6.449999809265137,6.46999979019165,6.050000190734863,6.340000152587891,755400,0,0
2022-04-08 00:00:00-04:00,6.269999980926514,6.300000190734863,5.909999847412109,6.010000228881836,674400,0,0
2022-04-11 00:00:00-04:00,5.849999904632568,6.079999923706055,5.730000019073486,5.980000019073486,1012100,0,0
2022-04-12 00:00:00-04:00,6.150000095367432,6.650000095367432,6.0,6.099999904632568,886700,0,0
2022-04-13 00:00:00-04:00,6.019999980926514,6.449999809265137,5.989999771118164,6.320000171661377,617900,0,0
2022-04-14 00:00:00-04:00,6.369999885559082,6.409999847412109,5.840000152587891,5.940000057220459,713800,0,0
2022-04-18 00:00:00-04:00,5.960000038146973,5.960000038146973,5.519999980926514,5.590000152587891,862200,0,0
2022-04-19 00:00:00-04:00,5.519999980926514,6.070000171661377,5.480000019073486,5.820000171661377,833600,0,0
2022-04-20 00:00:00-04:00,5.940000057220459,5.96999979019165,5.489999771118164,5.679999828338623,732300,0,0
2022-04-21 00:00:00-04:00,5.769999980926514,6.079999923706055,5.28000020980835,5.360000133514404,820700,0,0
2022-04-22 00:00:00-04:00,5.360000133514404,5.519999980926514,5.230000019073486,5.289999961853027,621800,0,0
2022-04-25 00:00:00-04:00,5.269999980926514,5.760000228881836,5.25,5.650000095367432,865700,0,0
2022-04-26 00:00:00-04:00,5.579999923706055,5.659999847412109,5.289999961853027,5.369999885559082,757000,0,0
2022-04-27 00:00:00-04:00,5.25,5.5,5.110000133514404,5.150000095367432,728800,0,0
2022-04-28 00:00:00-04:00,5.210000038146973,5.329999923706055,4.550000190734863,5.079999923706055,1302000,0,0
2022-04-29 00:00:00-04:00,5.090000152587891,5.380000114440918,4.96999979019165,4.974999904632568,685500,0,0
2022-05-02 00:00:00-04:00,4.920000076293945,5.429999828338623,4.769999980926514,5.400000095367432,1685400,0,0
2022-05-03 00:00:00-04:00,5.449999809265137,5.659999847412109,5.320000171661377,5.550000190734863,1018800,0,0
2022-05-04 00:00:00-04:00,5.510000228881836,6.179999828338623,5.199999809265137,6.010000228881836,1450000,0,0
2022-05-05 00:00:00-04:00,5.869999885559082,5.980000019073486,5.440000057220459,5.599999904632568,992800,0,0
2022-05-06 00:00:00-04:00,5.579999923706055,5.590000152587891,5.079999923706055,5.210000038146973,1445500,0,0
2022-05-09 00:00:00-04:00,5.021999835968018,5.110000133514404,4.28000020980835,4.449999809265137,1977600,0,0
2022-05-10 00:00:00-04:00,4.679999828338623,5.090000152587891,4.005000114440918,4.78000020980835,1543100,0,0
2022-05-11 00:00:00-04:00,4.659999847412109,4.659999847412109,3.759999990463257,3.765000104904175,1593100,0,0
2022-05-12 00:00:00-04:00,3.7300000190734863,4.5,3.6549999713897705,4.5,1951300,0,0
2022-05-13 00:00:00-04:00,4.590000152587891,5.289999961853027,4.590000152587891,5.210000038146973,1458100,0,0
2022-05-16 00:00:00-04:00,5.099999904632568,5.300000190734863,4.71999979019165,4.769999980926514,938600,0,0
2022-05-17 00:00:00-04:00,4.940000057220459,5.099999904632568,4.610000133514404,4.760000228881836,1008100,0,0
2022-05-18 00:00:00-04:00,4.650000095367432,4.880000114440918,4.510000228881836,4.590000152587891,919700,0,0
2022-05-19 00:00:00-04:00,4.619999885559082,5.014999866485596,4.570000171661377,4.909999847412109,923200,0,0
2022-05-20 00:00:00-04:00,5.0,5.230000019073486,4.579999923706055,4.980000019073486,740500,0,0
2022-05-23 00:00:00-04:00,5.039999961853027,5.130000114440918,4.769999980926514,4.869999885559082,757300,0,0
2022-05-24 00:00:00-04:00,4.71999979019165,4.75,4.25,4.349999904632568,837900,0,0
2022-05-25 00:00:00-04:00,4.360000133514404,4.610000133514404,4.255000114440918,4.5,558000,0,0
2022-05-26 00:00:00-04:00,4.5,4.804999828338623,4.440000057220459,4.599999904632568,854200,0,0
2022-05-27 00:00:00-04:00,4.699999809265137,5.070000171661377,4.610000133514404,5.010000228881836,1294000,0,0
2022-05-31 00:00:00-04:00,4.940000057220459,5.059999942779541,4.570000171661377,4.78000020980835,718700,0,0
2022-06-01 00:00:00-04:00,4.769999980926514,5.0,4.369999885559082,4.369999885559082,770700,0,0
2022-06-02 00:00:00-04:00,4.53000020980835,5.019999980926514,4.375,5.019999980926514,897700,0,0
2022-06-03 00:00:00-04:00,4.869999885559082,4.940000057220459,4.550000190734863,4.570000171661377,1025400,0,0
2022-06-06 00:00:00-04:00,4.699999809265137,5.230000019073486,4.650000095367432,4.989999771118164,884100,0,0
2022-06-07 00:00:00-04:00,4.880000114440918,5.329999923706055,4.860000133514404,5.300000190734863,964300,0,0
2022-06-08 00:00:00-04:00,5.230000019073486,5.489999771118164,5.139999866485596,5.409999847412109,810500,0,0
2022-06-09 00:00:00-04:00,5.349999904632568,5.46999979019165,5.170000076293945,5.21999979019165,778600,0,0
2022-06-10 00:00:00-04:00,4.949999809265137,5.090000152587891,4.510000228881836,4.519999980926514,992400,0,0
2022-06-13 00:00:00-04:00,4.260000228881836,4.389999866485596,4.059999942779541,4.170000076293945,795700,0,0
2022-06-14 00:00:00-04:00,4.25,4.25,3.880000114440918,4.199999809265137,651100,0,0
2022-06-15 00:00:00-04:00,4.300000190734863,4.849999904632568,4.21999979019165,4.679999828338623,1355500,0,0
2022-06-16 00:00:00-04:00,4.449999809265137,4.570000171661377,4.300000190734863,4.449999809265137,1093400,0,0
2022-06-17 00:00:00-04:00,4.5,4.820000171661377,4.409999847412109,4.699999809265137,1390600,0,0
2022-06-21 00:00:00-04:00,4.769999980926514,5.230000019073486,4.769999980926514,5.050000190734863,1124600,0,0
2022-06-22 00:00:00-04:00,4.909999847412109,5.480000019073486,4.909999847412109,5.329999923706055,1211300,0,0
2022-06-23 00:00:00-04:00,5.440000057220459,5.909999847412109,5.289999961853027,5.840000152587891,1441600,0,0
2022-06-24 00:00:00-04:00,5.960000038146973,6.11299991607666,5.46999979019165,5.769999980926514,2887200,0,0
2022-06-27 00:00:00-04:00,5.769999980926514,5.78000020980835,5.340000152587891,5.400000095367432,650800,0,0
2022-06-28 00:00:00-04:00,5.389999866485596,5.5,4.900000095367432,4.940000057220459,685800,0,0
2022-06-29 00:00:00-04:00,4.869999885559082,4.929999828338623,4.690000057220459,4.829999923706055,727600,0,0
2022-06-30 00:00:00-04:00,4.739999771118164,5.025000095367432,4.659999847412109,4.96999979019165,760400,0,0
2022-07-01 00:00:00-04:00,4.989999771118164,5.460000038146973,4.949999809265137,5.460000038146973,547800,0,0
2022-07-05 00:00:00-04:00,5.389999866485596,5.820000171661377,5.239999771118164,5.78000020980835,1131700,0,0
2022-07-06 00:00:00-04:00,5.78000020980835,5.949999809265137,5.159999847412109,5.260000228881836,796500,0,0
2022-07-07 00:00:00-04:00,5.269999980926514,5.610000133514404,5.079999923706055,5.480000019073486,831800,0,0
2022-07-08 00:00:00-04:00,5.320000171661377,5.820000171661377,5.309999942779541,5.739999771118164,827100,0,0
2022-07-11 00:00:00-04:00,5.659999847412109,5.809999942779541,4.715000152587891,4.820000171661377,1537000,0,0
2022-07-12 00:00:00-04:00,4.980000019073486,5.079999923706055,4.679999828338623,5.079999923706055,953200,0,0
2022-07-13 00:00:00-04:00,4.900000095367432,5.429999828338623,4.860000133514404,5.139999866485596,1244300,0,0
2022-07-14 00:00:00-04:00,5.130000114440918,5.170000076293945,4.440000057220459,4.625,1105900,0,0
2022-07-15 00:00:00-04:00,4.730000019073486,4.744999885559082,4.28000020980835,4.389999866485596,1038200,0,0
2022-07-18 00:00:00-04:00,4.429999828338623,4.570000171661377,4.170000076293945,4.210000038146973,989300,0,0
2022-07-19 00:00:00-04:00,4.320000171661377,4.550000190734863,4.269999980926514,4.449999809265137,1243100,0,0
2022-07-20 00:00:00-04:00,4.480000019073486,4.860000133514404,4.480000019073486,4.730000019073486,889700,0,0
2022-07-21 00:00:00-04:00,4.730000019073486,4.989999771118164,4.690000057220459,4.889999866485596,617500,0,0
2022-07-22 00:00:00-04:00,4.929999828338623,4.953000068664551,4.440000057220459,4.519999980926514,646300,0,0
2022-07-25 00:00:00-04:00,4.429999828338623,4.440000057220459,4.25,4.349999904632568,448000,0,0
2022-07-26 00:00:00-04:00,4.369999885559082,4.409999847412109,4.159999847412109,4.329999923706055,631900,0,0
2022-07-27 00:00:00-04:00,4.429999828338623,4.639999866485596,4.28000020980835,4.610000133514404,448500,0,0
2022-07-28 00:00:00-04:00,4.570000171661377,4.730000019073486,4.429999828338623,4.710000038146973,432300,0,0
2022-07-29 00:00:00-04:00,4.650000095367432,4.710000038146973,4.369999885559082,4.489999771118164,546100,0,0
2022-08-01 00:00:00-04:00,4.349999904632568,4.639999866485596,4.349999904632568,4.510000228881836,419200,0,0
2022-08-02 00:00:00-04:00,4.5,4.96999979019165,4.409999847412109,4.840000152587891,519600,0,0
2022-08-03 00:00:00-04:00,4.980000019073486,5.28000020980835,4.909999847412109,5.139999866485596,441700,0,0
2022-08-04 00:00:00-04:00,5.210000038146973,5.260000228881836,4.940000057220459,5.230000019073486,468200,0,0
2022-08-05 00:00:00-04:00,5.110000133514404,5.349999904632568,4.889999866485596,5.260000228881836,560200,0,0
2022-08-08 00:00:00-04:00,5.340000152587891,5.539999961853027,5.099999904632568,5.179999828338623,768000,0,0
2022-08-09 00:00:00-04:00,5.079999923706055,5.239999771118164,4.699999809265137,4.96999979019165,844700,0,0
2022-08-10 00:00:00-04:00,4.650000095367432,5.309999942779541,4.25,5.139999866485596,2077700,0,0
2022-08-11 00:00:00-04:00,5.190000057220459,5.699999809265137,4.730000019073486,4.760000228881836,1207200,0,0
2022-08-12 00:00:00-04:00,4.840000152587891,5.21999979019165,4.681000232696533,5.21999979019165,674000,0,0
2022-08-15 00:00:00-04:00,5.210000038146973,5.46999979019165,5.079999923706055,5.21999979019165,1261300,0,0
2022-08-16 00:00:00-04:00,5.21999979019165,5.28000020980835,4.590000152587891,4.639999866485596,1365300,0,0
2022-08-17 00:00:00-04:00,4.510000228881836,4.564000129699707,4.264999866485596,4.309999942779541,628500,0,0
2022-08-18 00:00:00-04:00,4.300000190734863,4.316999912261963,4.119999885559082,4.190000057220459,548300,0,0
2022-08-19 00:00:00-04:00,4.099999904632568,4.170000076293945,3.950000047683716,4.110000133514404,598100,0,0
2022-08-22 00:00:00-04:00,4.0,4.114999771118164,3.930000066757202,4.059999942779541,457400,0,0
2022-08-23 00:00:00-04:00,4.090000152587891,4.199999809265137,3.950000047683716,4.050000190734863,438600,0,0
2022-08-24 00:00:00-04:00,4.059999942779541,4.239999771118164,3.950000047683716,4.079999923706055,401400,0,0
2022-08-25 00:00:00-04:00,4.139999866485596,4.175000190734863,3.9200000762939453,4.059999942779541,700700,0,0
2022-08-26 00:00:00-04:00,4.099999904632568,4.156000137329102,3.890000104904175,3.9200000762939453,520300,0,0
2022-08-29 00:00:00-04:00,3.8399999141693115,4.019999980926514,3.799999952316284,3.809999942779541,517900,0,0
2022-08-30 00:00:00-04:00,3.8499999046325684,3.9000000953674316,3.5899999141693115,3.6600000858306885,632700,0,0
2022-08-31 00:00:00-04:00,3.7200000286102295,3.7699999809265137,3.625,3.6700000762939453,350700,0,0
2022-09-01 00:00:00-04:00,3.609999895095825,3.700000047683716,3.5,3.690000057220459,422700,0,0
2022-09-02 00:00:00-04:00,3.7699999809265137,3.7699999809265137,3.5,3.5399999618530273,379500,0,0
2022-09-06 00:00:00-04:00,3.549999952316284,3.700000047683716,3.5,3.619999885559082,503800,0,0
2022-09-07 00:00:00-04:00,3.630000114440918,3.819999933242798,3.619999885559082,3.680000066757202,647300,0,0
2022-09-08 00:00:00-04:00,3.640000104904175,3.890000104904175,3.569999933242798,3.8399999141693115,521800,0,0
2022-09-09 00:00:00-04:00,3.930000066757202,4.050000190734863,3.9100000858306885,3.9600000381469727,365800,0,0
2022-09-12 00:00:00-04:00,4.0,4.119999885559082,3.869999885559082,4.03000020980835,499400,0,0
2022-09-13 00:00:00-04:00,3.759999990463257,3.799999952316284,3.549999952316284,3.5799999237060547,570100,0,0
2022-09-14 00:00:00-04:00,3.569999933242798,3.619999885559082,3.440000057220459,3.5999999046325684,620400,0,0
2022-09-15 00:00:00-04:00,3.5299999713897705,3.7799999713897705,3.5299999713897705,3.630000114440918,502800,0,0
2022-09-16 00:00:00-04:00,3.609999895095825,3.630000114440918,3.3299999237060547,3.490000009536743,1445300,0,0
2022-09-19 00:00:00-04:00,3.430000066757202,3.434999942779541,3.2200000286102295,3.2899999618530273,700200,0,0
2022-09-20 00:00:00-04:00,3.2699999809265137,3.365000009536743,3.2100000381469727,3.2200000286102295,302300,0,0
2022-09-21 00:00:00-04:00,3.240000009536743,3.3499999046325684,3.109999895095825,3.119999885559082,693500,0,0
2022-09-22 00:00:00-04:00,3.0999999046325684,3.109999895095825,2.9100000858306885,3.0,487700,0,0
2022-09-23 00:00:00-04:00,2.950000047683716,3.049999952316284,2.930000066757202,3.0,410500,0,0
2022-09-26 00:00:00-04:00,3.0,3.130000114440918,2.990000009536743,2.990000009536743,343500,0,0
2022-09-27 00:00:00-04:00,3.0999999046325684,3.130000114440918,2.9000000953674316,2.9600000381469727,409200,0,0
2022-09-28 00:00:00-04:00,2.9700000286102295,3.1500000953674316,2.9700000286102295,3.049999952316284,883900,0,0
2022-09-29 00:00:00-04:00,3.0,3.0950000286102295,2.809999942779541,2.9000000953674316,546400,0,0
2022-09-30 00:00:00-04:00,2.880000114440918,3.0899999141693115,2.819999933242798,2.859999895095825,481600,0,0
2022-10-03 00:00:00-04:00,2.940000057220459,2.990000009536743,2.799999952316284,2.9200000762939453,514500,0,0
2022-10-04 00:00:00-04:00,3.0199999809265137,3.2799999713897705,3.0199999809265137,3.2799999713897705,502900,0,0
2022-10-05 00:00:00-04:00,3.190000057220459,3.2100000381469727,3.0280001163482666,3.140000104904175,433000,0,0
2022-10-06 00:00:00-04:00,3.119999885559082,3.2799999713897705,3.0799999237060547,3.140000104904175,266300,0,0
2022-10-07 00:00:00-04:00,3.049999952316284,3.069999933242798,2.6700000762939453,2.7300000190734863,712200,0,0
2022-10-10 00:00:00-04:00,2.7100000381469727,2.7100000381469727,2.5299999713897705,2.5399999618530273,460200,0,0
2022-10-11 00:00:00-04:00,2.5199999809265137,2.6700000762939453,2.440000057220459,2.5999999046325684,414800,0,0
2022-10-12 00:00:00-04:00,2.5899999141693115,2.7300000190734863,2.5199999809265137,2.7200000286102295,348500,0,0
2022-10-13 00:00:00-04:00,2.5899999141693115,2.75,2.5399999618530273,2.619999885559082,383800,0,0
2022-10-14 00:00:00-04:00,2.640000104904175,2.6600000858306885,2.430000066757202,2.430000066757202,428300,0,0
2022-10-17 00:00:00-04:00,2.5199999809265137,2.5199999809265137,2.359999895095825,2.380000114440918,595300,0,0
2022-10-18 00:00:00-04:00,2.4700000286102295,2.505000114440918,2.359999895095825,2.369999885559082,733300,0,0
2022-10-19 00:00:00-04:00,2.309999942779541,2.36899995803833,2.0299999713897705,2.069999933242798,962400,0,0
2022-10-20 00:00:00-04:00,2.049999952316284,2.1600000858306885,1.934999942779541,2.0199999809265137,1060900,0,0
2022-10-21 00:00:00-04:00,2.0399999618530273,2.049999952316284,1.9149999618530273,1.9700000286102295,937500,0,0
2022-10-24 00:00:00-04:00,1.9600000381469727,1.9900000095367432,1.8250000476837158,1.899999976158142,1119500,0,0
2022-10-25 00:00:00-04:00,1.8899999856948853,1.9700000286102295,1.8300000429153442,1.899999976158142,2065200,0,0
2022-10-26 00:00:00-04:00,1.9199999570846558,2.049999952316284,1.8700000047683716,1.9900000095367432,2748700,0,0
2022-10-27 00:00:00-04:00,2.0,2.0850000381469727,1.9299999475479126,2.049999952316284,2376600,0,0
2022-10-28 00:00:00-04:00,2.0199999809265137,2.0999999046325684,1.9800000190734863,2.069999933242798,1663100,0,0
2022-10-31 00:00:00-04:00,2.0999999046325684,2.4000000953674316,2.0999999046325684,2.2200000286102295,1745500,0,0
2022-11-01 00:00:00-04:00,2.299999952316284,2.369999885559082,2.115000009536743,2.2100000381469727,1568000,0,0
