Date,Open,High,Low,Close,Volume,Dividends,Stock Splits
1996-10-23 00:00:00-04:00,12.095416270703824,12.540100692420877,12.095416270703824,12.406695365905762,7996800,0.0,0.0
1996-10-24 00:00:00-04:00,12.406699071912206,12.406699071912206,12.095419883728027,12.095419883728027,1786400,0.0,0.0
1996-10-25 00:00:00-04:00,12.095420199307528,12.362230938998135,12.095420199307528,12.228825569152832,631200,0.0,0.0
1996-10-28 00:00:00-05:00,12.451167527367087,12.451167527367087,12.095419883728027,12.095419883728027,320000,0.0,0.0
1996-10-29 00:00:00-05:00,12.095419883728027,12.13988833918291,12.095419883728027,12.095419883728027,498800,0.0,0.0
1996-10-30 00:00:00-05:00,12.13988833918291,12.13988833918291,12.095419883728027,12.095419883728027,705600,0.0,0.0
1996-10-31 00:00:00-05:00,12.095420199307528,12.273294025767932,12.095420199307528,12.228825569152832,635200,0.0,0.0
1996-11-01 00:00:00-05:00,12.139891624450684,12.184360091939514,12.139891624450684,12.139891624450684,512600,0.0,0.0
1996-11-04 00:00:00-05:00,12.139889325479137,12.139889325479137,11.650736275734557,11.695204734802246,494600,0.0,0.0
1996-11-05 00:00:00-05:00,11.828612301800701,11.828612301800701,11.383927628800675,11.517333030700684,714600,0.0,0.0
1996-11-06 00:00:00-05:00,11.517330386591892,11.56179884368298,11.02817735858992,11.339456558227539,529400,0.0,0.0
1996-11-07 00:00:00-05:00,11.161581232480193,11.206049683605611,10.761365172351422,10.983707427978516,297400,0.0,0.0
1996-11-08 00:00:00-05:00,10.850304904954259,10.89477336767948,10.183277964075923,10.272214889526367,527000,0.0,0.0
1996-11-11 00:00:00-05:00,10.183278136334176,10.539025844153711,9.960935818946968,10.49455738067627,395400,0.0,0.0
1996-11-12 00:00:00-05:00,10.583494307631153,10.805836625018362,10.405620453721385,10.49455738067627,454400,0.0,0.0
1996-11-13 00:00:00-05:00,10.494553746848272,10.494553746848272,10.272211506448944,10.316679954528809,713200,0.0,0.0
1996-11-14 00:00:00-05:00,10.272213961627031,10.272213961627031,9.871997833251953,9.871997833251953,46000,0.0,0.0
1996-11-15 00:00:00-05:00,9.871998177634346,9.871998177634346,9.516250495557433,9.60518741607666,368400,0.0,0.0
1996-11-18 00:00:00-05:00,9.605185269179502,9.605185269179502,9.382843017578125,9.382843017578125,122800,0.0,0.0
1996-11-19 00:00:00-05:00,9.471783098773422,9.605188494530793,9.382846168268506,9.516251564025879,277000,0.0,0.0
1996-11-20 00:00:00-05:00,9.516247858455525,9.516247858455525,8.893689587341612,8.93815803527832,646400,0.0,0.0
1996-11-21 00:00:00-05:00,8.893691500027975,8.893691500027975,8.537943840026855,8.537943840026855,113000,0.0,0.0
1996-11-22 00:00:00-05:00,8.582412907571504,8.982629053520434,8.537944446910512,8.804755210876465,107400,0.0,0.0
1996-11-25 00:00:00-05:00,8.760284263209293,8.804752711245888,8.449005126953125,8.449005126953125,53200,0.0,0.0
1996-11-26 00:00:00-05:00,8.493475382526716,8.626880755027136,8.449006925026575,8.537943840026855,595200,0.0,0.0
1996-11-27 00:00:00-05:00,8.537942115296708,8.537942115296708,8.360068321228027,8.360068321228027,239400,0.0,0.0
1996-11-29 00:00:00-05:00,8.36006506842536,8.36006506842536,8.226659774780273,8.226659774780273,121000,0.0,0.0
1996-12-02 00:00:00-05:00,8.1821955984289,8.1821955984289,7.8264479637146,7.8264479637146,193400,0.0,0.0
1996-12-03 00:00:00-05:00,7.826452077821243,7.826452077821243,7.64857816696167,7.64857816696167,126000,0.0,0.0
1996-12-04 00:00:00-05:00,7.6041091642072125,8.271136283874512,7.6041091642072125,8.271136283874512,535400,0.0,0.0
1996-12-05 00:00:00-05:00,8.271132787068684,8.537943522135416,8.271132787068684,8.40453815460205,168000,0.0,0.0
1996-12-06 00:00:00-05:00,8.31560230255127,8.31560230255127,8.226665379529331,8.31560230255127,40800,0.0,0.0
1996-12-09 00:00:00-05:00,8.315598119860109,8.404534998147383,8.1821928024292,8.1821928024292,37800,0.0,0.0
1996-12-10 00:00:00-05:00,8.1821928024292,8.1821928024292,8.137724363285562,8.1821928024292,279600,0.0,0.0
1996-12-11 00:00:00-05:00,8.137724363285562,8.226661241572836,8.00431904585465,8.1821928024292,812800,0.0,0.0
1996-12-12 00:00:00-05:00,8.271133095026016,8.537943840026855,8.271133095026016,8.537943840026855,484200,0.0,0.0
1996-12-13 00:00:00-05:00,8.449006610446505,8.449006610446505,8.31560124291314,8.40453815460205,367600,0.0,0.0
1996-12-16 00:00:00-05:00,8.449005218262368,8.449005218262368,8.360068321228027,8.360068321228027,20400,0.0,0.0
1996-12-17 00:00:00-05:00,8.404536678916529,8.58241047106291,8.31559978284334,8.449005126953125,717400,0.0,0.0
1996-12-18 00:00:00-05:00,8.404540619483361,8.804756839458758,8.404540619483361,8.671351432800293,206000,0.0,0.0
1996-12-19 00:00:00-05:00,8.71581579559478,9.204968722898569,8.626878899721364,8.93815803527832,502400,0.0,0.0
1996-12-20 00:00:00-05:00,8.982628936767577,9.027097396850586,8.804755096435546,8.893692016601562,23600,0.0,0.0
1996-12-23 00:00:00-05:00,8.89369377723107,8.89369377723107,8.671351432800293,8.671351432800293,22200,0.0,0.0
1996-12-24 00:00:00-05:00,8.671351432800293,8.715819901686448,8.671351432800293,8.671351432800293,40600,0.0,0.0
1996-12-26 00:00:00-05:00,8.671348889668781,9.338375727335611,8.626880433824327,9.204970359802246,363800,0.0,0.0
1996-12-27 00:00:00-05:00,9.249445353968863,9.293913841247559,9.204976866690165,9.293913841247559,11400,0.0,0.0
1996-12-30 00:00:00-05:00,9.24944127647622,9.24944127647622,9.160504341125488,9.160504341125488,49000,0.0,0.0
1996-12-31 00:00:00-05:00,9.160504341125488,9.293909744151588,9.160504341125488,9.160504341125488,96200,0.0,0.0
1997-01-02 00:00:00-05:00,9.116039892132774,9.293913841247559,9.02710291757538,9.293913841247559,20600,0.0,0.0
1997-01-03 00:00:00-05:00,9.338375214607485,9.649654388427734,9.338375214607485,9.649654388427734,239200,0.0,0.0
1997-01-06 00:00:00-05:00,9.649654388427734,9.694122841830628,9.605185935024842,9.649654388427734,141200,0.0,0.0
1997-01-07 00:00:00-05:00,9.60518741607666,9.649655876336276,9.60518741607666,9.60518741607666,49600,0.0,0.0
1997-01-08 00:00:00-05:00,9.64965695978325,9.64965695978325,9.427314633520965,9.516251564025879,75800,0.0,0.0
1997-01-09 00:00:00-05:00,9.60518741607666,9.60518741607666,9.516250495557433,9.60518741607666,98600,0.0,0.0
1997-01-10 00:00:00-05:00,9.560718955817046,9.60518741607666,9.560718955817046,9.60518741607666,74800,0.0,0.0
1997-01-13 00:00:00-05:00,9.605186036575672,9.605186036575672,9.560717582702637,9.560717582702637,6800,0.0,0.0
1997-01-14 00:00:00-05:00,9.560720029278336,9.560720029278336,9.516251564025879,9.516251564025879,38200,0.0,0.0
1997-01-15 00:00:00-05:00,9.560718955817046,9.60518741607666,9.516250495557433,9.60518741607666,272200,0.0,0.0
1997-01-16 00:00:00-05:00,9.605188494530793,9.605188494530793,9.427314633520965,9.516251564025879,46200,0.0,0.0
1997-01-17 00:00:00-05:00,9.427314758300781,9.427314758300781,9.427314758300781,9.427314758300781,17800,0.0,0.0
1997-01-20 00:00:00-05:00,9.471783098773422,9.516251564025879,9.427314633520965,9.516251564025879,78800,0.0,0.0
1997-01-21 00:00:00-05:00,9.516250495557433,9.60518741607666,9.516250495557433,9.60518741607666,17600,0.0,0.0
1997-01-22 00:00:00-05:00,9.560714361402724,10.094335628085666,9.560714361402724,10.005398750305176,74600,0.0,0.0
1997-01-23 00:00:00-05:00,9.96094036102295,10.049877328532082,9.872003393513815,9.96094036102295,24800,0.0,0.0
1997-01-24 00:00:00-05:00,9.871999453191888,9.871999453191888,9.738594055175781,9.738594055175781,9600,0.0,0.0
1997-01-27 00:00:00-05:00,9.783062485029113,9.827530950870154,9.427314758300781,9.427314758300781,57600,0.0,0.0
1997-01-28 00:00:00-05:00,9.516248368538951,9.516248368538951,9.382843017578125,9.382843017578125,40400,0.0,0.0
1997-01-29 00:00:00-05:00,9.2494388156467,9.2494388156467,9.116033448113335,9.204970359802246,230000,0.0,0.0
1997-01-30 00:00:00-05:00,9.249436642642312,9.471778869628906,9.249436642642312,9.471778869628906,94200,0.0,0.0
1997-01-31 00:00:00-05:00,9.516250163585216,9.871997833251953,9.516250163585216,9.871997833251953,68600,0.0,0.0
1997-02-03 00:00:00-05:00,9.96094036102295,9.96094036102295,9.872003393513815,9.96094036102295,88000,0.0,0.0
1997-02-04 00:00:00-05:00,9.960933386761209,10.761365533911663,9.960933386761209,10.227744102478027,419400,0.0,0.0
1997-02-05 00:00:00-05:00,10.272214241516895,10.405619621276855,10.272214241516895,10.405619621276855,111600,0.0,0.0
1997-02-06 00:00:00-05:00,10.40561685068854,10.40561685068854,10.272211506448944,10.316679954528809,67200,0.0,0.0
1997-02-07 00:00:00-05:00,10.272214241516895,10.405619621276855,10.227745781596909,10.405619621276855,76600,0.0,0.0
1997-02-10 00:00:00-05:00,10.361148402608675,10.361148402608675,10.272211506448944,10.316679954528809,14800,0.0,0.0
1997-02-11 00:00:00-05:00,10.316681007716966,10.316681007716966,10.227744102478027,10.227744102478027,7600,0.0,0.0
1997-02-12 00:00:00-05:00,10.2722159723007,10.2722159723007,10.09434210265047,10.183279037475586,59800,0.0,0.0
1997-02-13 00:00:00-05:00,10.227744102478027,10.227744102478027,10.183275649858558,10.227744102478027,22800,0.0,0.0
1997-02-14 00:00:00-05:00,10.272214889526367,10.272214889526367,10.272214889526367,10.272214889526367,6400,0.0,0.0
1997-02-18 00:00:00-05:00,10.31668335225159,10.31668335225159,10.227746426801145,10.272214889526367,128000,0.0,0.0
1997-02-19 00:00:00-05:00,10.272213805805553,10.850303760244827,10.227745347771762,10.761366844177246,308600,0.0,0.0
1997-02-20 00:00:00-05:00,10.805832343023331,11.07264301815971,10.805832343023331,10.850300788879395,564800,0.0,0.0
1997-02-21 00:00:00-05:00,10.850302170734016,10.983707525292221,10.850302170734016,10.894770622253418,95200,0.0,0.0
1997-02-24 00:00:00-05:00,10.98370911495619,11.294988320643208,10.98370911495619,11.161582946777344,78800,0.0,0.0
1997-02-25 00:00:00-05:00,11.161583625909053,11.161583625909053,8.804755210876465,8.804755210876465,1588800,0.0,0.0
1997-02-26 00:00:00-05:00,8.804756158590317,8.804756158590317,6.84814367890358,7.114954471588135,2218400,0.0,0.0
1997-02-27 00:00:00-05:00,7.159420583375107,7.648573542487692,6.981546780061439,7.515168190002441,427600,0.0,0.0
1997-02-28 00:00:00-05:00,7.6041017377698745,8.36006506842536,7.6041017377698745,8.226659774780273,335600,0.0,0.0
1997-03-03 00:00:00-05:00,8.31560230255127,8.449007687084178,8.2711338410403,8.31560230255127,278000,0.0,0.0
1997-03-04 00:00:00-05:00,8.226664052768188,8.315600961446762,7.4707003290003,7.8264479637146,236200,0.0,0.0
1997-03-05 00:00:00-05:00,7.826446308809168,7.826446308809168,7.559635639190674,7.559635639190674,99800,0.0,0.0
1997-03-06 00:00:00-05:00,7.6041082776458575,8.093261441704948,7.6041082776458575,7.959856033325195,317200,0.0,0.0
1997-03-07 00:00:00-05:00,8.137726078642174,8.626879012331049,8.137726078642174,8.360068321228027,407800,0.0,0.0
1997-03-10 00:00:00-05:00,8.360066559003746,8.360066559003746,8.137724363285562,8.1821928024292,377600,0.0,0.0
1997-03-11 00:00:00-05:00,8.182195875379774,8.182195875379774,7.959853596157497,8.004322052001953,209800,0.0,0.0
1997-03-12 00:00:00-05:00,8.04879297224503,8.04879297224503,7.7375136860256095,7.959856033325195,164000,0.0,0.0
1997-03-13 00:00:00-05:00,7.915384489914467,7.915384489914467,7.737510681152345,7.737510681152344,123000,0.0,0.0
1997-03-14 00:00:00-05:00,7.781982077339481,7.781982077339481,7.648576670299375,7.693045139312744,339200,0.0,0.0
1997-03-17 00:00:00-05:00,7.69304425832702,7.69304425832702,7.159422691275434,7.29282808303833,325600,0.0,0.0
1997-03-18 00:00:00-05:00,7.203890977505438,7.426233291625977,7.070485589033115,7.426233291625977,364000,0.0,0.0
1997-03-19 00:00:00-05:00,7.426232447768703,7.426232447768703,7.292827074455493,7.3372955322265625,12800,0.0,0.0
1997-03-20 00:00:00-05:00,7.337296546959296,7.337296546959296,7.29282808303833,7.29282808303833,91800,0.0,0.0
1997-03-21 00:00:00-05:00,7.337297091454817,7.337297091454817,7.2483601570129395,7.2483601570129395,12400,0.0,0.0
1997-03-24 00:00:00-05:00,7.292828689386815,7.292828689386815,7.203891754150391,7.203891754150391,9200,0.0,0.0
1997-03-25 00:00:00-05:00,7.2483601570129395,7.292828624233878,7.159423222571063,7.2483601570129395,24800,0.0,0.0
1997-03-26 00:00:00-05:00,7.203889522912368,7.2483579767575055,7.070484161376954,7.070484161376953,168600,0.0,0.0
1997-03-27 00:00:00-05:00,7.026015281677246,7.0704837328271015,6.937078379377534,7.026015281677246,86800,0.0,0.0
1997-03-31 00:00:00-05:00,7.0260139711441525,7.0260139711441525,6.892608642578124,6.892608642578125,35200,0.0,0.0
1997-04-01 00:00:00-05:00,6.892608723609276,6.981545610365525,6.803671836853027,6.803671836853027,16200,0.0,0.0
1997-04-02 00:00:00-05:00,6.803672633758962,6.803672633758962,6.492393493652344,6.492393493652344,23000,0.0,0.0
1997-04-03 00:00:00-05:00,6.492395271573748,6.5368637323379515,6.003242203167506,6.225584506988525,151600,0.0,0.0
1997-04-04 00:00:00-05:00,6.225584336927721,6.44792663467514,6.225584336927721,6.358989715576172,33800,0.0,0.0
1997-04-07 00:00:00-04:00,6.403458716164173,6.536864106084259,6.314521789550781,6.314521789550781,99600,0.0,0.0
1997-04-08 00:00:00-04:00,6.358989659282896,6.403458118438721,6.358989659282896,6.403458118438721,12600,0.0,0.0
1997-04-09 00:00:00-04:00,6.447926577594545,6.447926577594545,6.403458118438721,6.403458118438721,20000,0.0,0.0
1997-04-10 00:00:00-04:00,6.44792663467514,6.44792663467514,6.358989715576172,6.358989715576172,53200,0.0,0.0
1997-04-11 00:00:00-04:00,6.314521428516932,6.358989889281136,6.225584506988525,6.225584506988525,9000,0.0,0.0
1997-04-14 00:00:00-04:00,6.181114625930786,6.181114625930786,5.73643012046814,5.780898571014404,154000,0.0,0.0
1997-04-15 00:00:00-04:00,5.825367664589602,6.1366468527737785,5.825367664589602,6.047709941864014,159800,0.0,0.0
1997-04-16 00:00:00-04:00,6.0921783973188965,6.0921783973188965,5.958773030954249,6.047709941864014,49400,0.0,0.0
1997-04-17 00:00:00-04:00,6.04770903410735,6.092177482887551,5.958772136546948,6.003240585327148,96000,0.0,0.0
1997-04-18 00:00:00-04:00,6.047708942942376,6.092177391052246,6.003240494832505,6.092177391052246,109000,0.0,0.0
1997-04-21 00:00:00-04:00,6.136645414391343,6.536861419677734,6.136645414391343,6.536861419677734,132600,0.0,0.0
1997-04-22 00:00:00-04:00,6.536864106084259,6.5813325693909555,6.314521789550781,6.314521789550781,52800,0.0,0.0
1997-04-23 00:00:00-04:00,6.314524731737502,6.314524731737502,6.270056247711182,6.270056247711182,10200,0.0,0.0
1997-04-24 00:00:00-04:00,6.270053026487502,6.270053026487502,6.181116104125977,6.181116104125977,127200,0.0,0.0
1997-04-25 00:00:00-04:00,6.225584506988525,6.225584506988525,6.1811160462243215,6.225584506988525,18400,0.0,0.0
1997-04-28 00:00:00-04:00,6.181116162866785,6.181116162866785,6.136647701263428,6.136647701263428,58200,0.0,0.0
1997-04-29 00:00:00-04:00,6.136645839162116,6.181114287271987,6.047708942942376,6.092177391052246,12600,0.0,0.0
1997-04-30 00:00:00-04:00,6.003240194535793,6.047708640421243,5.8253664109939916,5.914303302764893,59400,0.0,0.0
1997-05-01 00:00:00-04:00,5.914303346113725,5.9587717923251065,5.869834899902344,5.869834899902344,51600,0.0,0.0
1997-05-02 00:00:00-04:00,5.869836553931236,5.869836553931236,5.691962718963623,5.691962718963623,13600,0.0,0.0
1997-05-05 00:00:00-04:00,5.7808989968918665,5.869835904536356,5.7808989968918665,5.825367450714111,151400,0.0,0.0
1997-05-06 00:00:00-04:00,5.825367664589602,6.047709941864014,5.825367664589602,6.047709941864014,137600,0.0,0.0
1997-05-07 00:00:00-04:00,6.270052967752729,6.581332193102155,6.1811160462243215,6.225584506988525,102200,0.0,0.0
1997-05-08 00:00:00-04:00,6.22558456530674,6.22558456530674,6.136647642945214,6.181116104125977,317200,0.0,0.0
1997-05-09 00:00:00-04:00,6.181116162866785,6.181116162866785,6.047710778056711,6.136647701263428,15800,0.0,0.0
1997-05-12 00:00:00-04:00,6.0921783973188965,6.0921783973188965,6.047709941864014,6.047709941864014,54600,0.0,0.0
1997-05-13 00:00:00-04:00,6.04770903410735,6.04770903410735,5.914303687766746,6.003240585327148,25600,0.0,0.0
1997-05-14 00:00:00-04:00,6.047709941864014,6.0921783973188965,6.047709941864014,6.047709941864014,98600,0.0,0.0
1997-05-15 00:00:00-04:00,6.092177391052246,6.136645839162116,6.047708942942376,6.092177391052246,23000,0.0,0.0
1997-05-16 00:00:00-04:00,6.136647701263428,6.136647701263428,6.092179239660069,6.136647701263428,7800,0.0,0.0
1997-05-19 00:00:00-04:00,6.092177391052246,6.092177391052246,6.092177391052246,6.092177391052246,34000,0.0,0.0
1997-05-20 00:00:00-04:00,6.136647642945214,6.22558456530674,6.136647642945214,6.181116104125977,44200,0.0,0.0
1997-05-21 00:00:00-04:00,6.225584687857792,6.5368639222506815,6.181116225801665,6.447926998138428,45000,0.0,0.0
1997-05-22 00:00:00-04:00,6.447927179470868,6.447927179470868,6.314521789550781,6.314521789550781,16400,0.0,0.0
1997-05-23 00:00:00-04:00,6.314521256026689,6.358989715576172,6.314521256026689,6.358989715576172,105200,0.0,0.0
1997-05-27 00:00:00-04:00,6.403458118438721,6.447926577594545,6.314521200127071,6.403458118438721,171400,0.0,0.0
1997-05-28 00:00:00-04:00,6.40345743540171,6.581331253051758,6.40345743540171,6.581331253051758,13000,0.0,0.0
1997-05-29 00:00:00-04:00,6.625799084341289,6.759204435032725,6.581330634110811,6.714735984802246,346600,0.0,0.0
1997-05-30 00:00:00-04:00,6.714736616289293,6.714736616289293,6.536862798639246,6.581331253051758,76400,0.0,0.0
1997-06-02 00:00:00-04:00,6.581331253051758,6.581331253051758,6.536862798639246,6.581331253051758,31200,0.0,0.0
1997-06-03 00:00:00-04:00,6.536861419677734,6.603564087225466,6.536861419677734,6.536861419677734,51000,0.0,0.0
1997-06-04 00:00:00-04:00,6.581332384306808,6.581332384306808,6.447926998138428,6.447926998138428,121200,0.0,0.0
1997-06-05 00:00:00-04:00,6.4034585360823,6.447926998138428,6.4034585360823,6.447926998138428,55800,0.0,0.0
1997-06-06 00:00:00-04:00,6.447926998138428,6.447926998138428,6.4034585360823,6.447926998138428,14600,0.0,0.0
1997-06-09 00:00:00-04:00,6.447926577594545,6.447926577594545,6.403458118438721,6.403458118438721,83800,0.0,0.0
1997-06-10 00:00:00-04:00,6.447926577594545,6.447926577594545,6.358989659282896,6.403458118438721,34800,0.0,0.0
1997-06-11 00:00:00-04:00,6.403458410029789,6.403458410029789,6.181116104125977,6.181116104125977,90200,0.0,0.0
1997-06-12 00:00:00-04:00,6.270052796477205,6.358989715576172,6.270052796477205,6.358989715576172,107600,0.0,0.0
1997-06-13 00:00:00-04:00,6.314521200127071,6.403458118438721,6.270052740971247,6.403458118438721,315200,0.0,0.0
1997-06-16 00:00:00-04:00,6.358989659282896,6.492395036750369,6.358989659282896,6.403458118438721,92600,0.0,0.0
1997-06-17 00:00:00-04:00,6.403458118438721,6.447926577594545,6.403458118438721,6.403458118438721,23000,0.0,0.0
1997-06-18 00:00:00-04:00,6.447926577594545,6.447926577594545,6.358989659282896,6.403458118438721,195800,0.0,0.0
1997-06-19 00:00:00-04:00,6.44792663467514,6.492395094224624,6.270052796477205,6.358989715576172,1078200,0.0,0.0
1997-06-20 00:00:00-04:00,6.403458175125656,6.403458175125656,6.314521256026689,6.358989715576172,204600,0.0,0.0
1997-06-23 00:00:00-04:00,6.44792663467514,6.44792663467514,6.314521256026689,6.358989715576172,44200,0.0,0.0
1997-06-24 00:00:00-04:00,6.358987639550449,6.536861419677734,6.358987639550449,6.536861419677734,186400,0.0,0.0
1997-06-25 00:00:00-04:00,6.492393493652344,6.670267287998983,6.403456596479024,6.492393493652344,58000,0.0,0.0
1997-06-26 00:00:00-04:00,6.536861942239003,6.670267287998983,6.447925045065683,6.492393493652344,39800,0.0,0.0
1997-06-27 00:00:00-04:00,6.581331309705678,6.7592051288869115,6.581331309705678,6.736970901489258,63000,0.0,0.0
1997-06-30 00:00:00-04:00,6.714739961955074,7.070487774508985,6.714739961955074,7.048253536224365,203600,0.0,0.0
1997-07-01 00:00:00-04:00,7.070486006140709,7.203891402482987,7.00378330796957,7.114954471588135,129600,0.0,0.0
1997-07-02 00:00:00-04:00,7.1149532520139696,7.159421709839057,7.1149532520139696,7.137187480926514,15400,0.0,0.0
1997-07-03 00:00:00-04:00,7.2038918193082635,7.248360287328684,7.159423351287842,7.159423351287842,13200,0.0,0.0
1997-07-07 00:00:00-04:00,7.1816563405186296,7.3817644119262695,7.1816563405186296,7.3817644119262695,35400,0.0,0.0
1997-07-08 00:00:00-04:00,7.381764090239113,7.537403694551383,7.381764090239113,7.448466777801514,20000,0.0,0.0
1997-07-09 00:00:00-04:00,7.4484669878369285,7.559638136909122,7.4484669878369285,7.470701217651367,31800,0.0,0.0
1997-07-10 00:00:00-04:00,7.426232447768703,7.426232447768703,7.292827074455493,7.3372955322265625,196200,0.0,0.0
1997-07-11 00:00:00-04:00,7.337296546959296,7.337296546959296,7.248359619117365,7.29282808303833,14000,0.0,0.0
1997-07-14 00:00:00-04:00,7.27059445557771,7.27059445557771,7.159423286532179,7.203891754150391,13000,0.0,0.0
1997-07-15 00:00:00-04:00,7.20388908627667,7.20388908627667,7.003781056102318,7.026015281677246,27000,0.0,0.0
1997-07-16 00:00:00-04:00,7.092716635427167,7.092716635427167,6.848140199722782,6.892608642578125,21000,0.0,0.0
1997-07-17 00:00:00-04:00,6.914846175142964,7.092720031738282,6.914846175142964,7.092720031738281,20800,0.0,0.0
1997-07-18 00:00:00-04:00,7.092719945178669,7.092719945178669,6.98154878616333,6.98154878616333,47600,0.0,0.0
1997-07-21 00:00:00-04:00,7.003785059655127,7.070487774508985,7.003785059655127,7.048253536224365,29400,0.0,0.0
1997-07-22 00:00:00-04:00,7.114953143780048,7.248358515225924,7.114953143780048,7.226124286651611,19800,0.0,0.0
1997-07-23 00:00:00-04:00,7.159420228964035,7.181654453277588,7.11495178033693,7.181654453277588,29600,0.0,0.0
1997-07-24 00:00:00-04:00,7.2705913505318,7.292825574845352,7.159420228964035,7.181654453277588,34800,0.0,0.0
1997-07-25 00:00:00-04:00,7.203891754150391,7.203891754150391,7.181657520341285,7.203891754150391,7400,0.0,0.0
1997-07-28 00:00:00-04:00,7.181656923235917,7.315062314998813,7.181656923235917,7.29282808303833,19800,0.0,0.0
1997-07-29 00:00:00-04:00,7.315059486411799,7.537401720041337,7.292825263048845,7.49293327331543,27200,0.0,0.0
1997-07-30 00:00:00-04:00,7.492934912700818,7.715277194976807,7.492934912700818,7.715277194976807,18200,0.0,0.0
1997-07-31 00:00:00-04:00,7.693045216565692,7.959856033325196,7.693045216565692,7.959856033325195,139600,0.0,0.0
1997-08-01 00:00:00-04:00,7.959853596157497,8.026556279924181,7.959853596157497,8.004322052001953,35000,0.0,0.0
1997-08-04 00:00:00-04:00,8.00431904585465,8.1821928024292,8.00431904585465,8.1821928024292,24400,0.0,0.0
1997-08-05 00:00:00-04:00,8.182195399834857,8.226663853094829,8.093258493314913,8.204429626464844,38600,0.0,0.0
1997-08-06 00:00:00-04:00,8.204434142625036,8.204434142625036,8.004325992804914,8.071028709411621,67400,0.0,0.0
1997-08-07 00:00:00-04:00,8.071024735768635,8.071024735768635,8.004322052001953,8.004322052001953,75200,0.0,0.0
1997-08-08 00:00:00-04:00,8.004322052001953,8.004322052001953,7.93761936823527,8.004322052001953,82000,0.0,0.0
1997-08-11 00:00:00-04:00,8.048790235411037,8.048790235411037,7.8042137365449555,7.8264479637146,27800,0.0,0.0
1997-08-12 00:00:00-04:00,7.848679032124265,7.937615905009525,7.826444813902949,7.8931474685668945,95800,0.0,0.0
1997-08-13 00:00:00-04:00,7.893150542559248,7.982087450081043,7.8709163156788,7.915384769439697,25400,0.0,0.0
1997-08-14 00:00:00-04:00,7.959853223200594,7.959853223200594,7.915384769439696,7.915384769439697,59800,0.0,0.0
1997-08-15 00:00:00-04:00,7.915384707956396,7.915384707956396,7.737510894294455,7.759745121002197,303000,0.0,0.0
1997-08-18 00:00:00-04:00,7.75974490724761,7.781979133342875,7.737510681152345,7.737510681152344,59000,0.0,0.0
1997-08-19 00:00:00-04:00,7.737515122391457,8.04879446639571,7.64857816696167,7.64857816696167,93000,0.0,0.0
1997-08-20 00:00:00-04:00,7.737511055036024,7.8264479637146,7.737511055036024,7.8264479637146,19000,0.0,0.0
1997-08-21 00:00:00-04:00,7.826450624945444,7.959856033325196,7.826450624945444,7.959856033325195,9000,0.0,0.0
1997-08-22 00:00:00-04:00,7.915384769439696,7.937618996320145,7.893150542559248,7.915384769439697,15600,0.0,0.0
1997-08-25 00:00:00-04:00,7.959853223200594,8.00432167696149,7.915384769439696,7.915384769439697,23000,0.0,0.0
1997-08-26 00:00:00-04:00,7.959851704517786,8.271130821454236,7.959851704517786,8.248896598815918,29000,0.0,0.0
1997-08-27 00:00:00-04:00,8.2488971999351,8.360068321228027,8.20442875141793,8.360068321228027,23000,0.0,0.0
1997-08-28 00:00:00-04:00,8.404540204626368,8.493477138008657,8.404540204626368,8.471242904663086,31000,0.0,0.0
1997-08-29 00:00:00-04:00,8.493475950775538,8.649115562438965,8.471241720537906,8.649115562438965,16200,0.0,0.0
1997-09-02 00:00:00-04:00,8.649113449395871,9.204969069536995,8.649113449395871,9.071563720703125,95000,0.0,0.0
1997-09-03 00:00:00-04:00,9.093795070693284,9.405074119567871,9.049326635139773,9.405074119567871,47200,0.0,0.0
1997-09-04 00:00:00-04:00,9.360609441308931,9.649654388427734,9.360609441308931,9.649654388427734,27600,0.0,0.0
1997-09-05 00:00:00-04:00,9.649658616606173,9.694127089493758,9.516253197943414,9.538487434387207,97600,0.0,0.0
1997-09-08 00:00:00-04:00,9.560720029278336,9.560720029278336,9.516251564025879,9.516251564025879,80000,0.0,0.0
1997-09-09 00:00:00-04:00,9.471787790362345,9.471787790362345,9.293913841247559,9.293913841247559,51200,0.0,0.0
1997-09-10 00:00:00-04:00,9.293908157348632,9.293908157348632,8.893692016601562,8.893692016601562,91000,0.0,0.0
1997-09-11 00:00:00-04:00,8.804755379171931,8.804755379171931,8.182196918018361,8.31560230255127,375800,0.0,0.0
1997-09-12 00:00:00-04:00,8.293365218422629,8.560175895690918,8.293365218422629,8.560175895690918,170000,0.0,0.0
1997-09-15 00:00:00-04:00,8.56017668209775,8.582410907246055,8.44900555635622,8.493474006652832,63600,0.0,0.0
1997-09-16 00:00:00-04:00,8.449005126953125,8.471239350971423,8.449005126953125,8.449005126953125,13000,0.0,0.0
1997-09-17 00:00:00-04:00,8.49347506629096,8.49347506629096,8.004322052001953,8.004322052001953,244400,0.0,0.0
1997-09-18 00:00:00-04:00,8.026556279924181,8.048790507846407,8.004322052001953,8.004322052001953,6600,0.0,0.0
1997-09-19 00:00:00-04:00,8.00432424076268,8.13772964477539,8.00432424076268,8.13772964477539,141000,0.0,0.0
1997-09-22 00:00:00-04:00,8.115494815447859,8.76028755420947,8.071026350705678,8.738053321838379,374000,0.0,0.0
1997-09-23 00:00:00-04:00,9.116039892132774,9.338382328526256,9.116039892132774,9.293913841247559,403600,0.0,0.0
1997-09-24 00:00:00-04:00,9.293909237763591,9.916467751297995,9.293909237763591,9.516251564025879,145000,0.0,0.0
1997-09-25 00:00:00-04:00,9.58295015855269,9.805292389609596,9.538481712341309,9.783058166503906,322600,0.0,0.0
1997-09-26 00:00:00-04:00,9.69412300406659,9.76082568528723,9.69412300406659,9.716357231140137,37600,0.0,0.0
1997-09-29 00:00:00-04:00,9.73858954201282,9.783057987410139,9.427310424231587,9.471778869628906,57600,0.0,0.0
1997-09-30 00:00:00-04:00,9.516253197943414,9.538487434387207,9.427316252168241,9.538487434387207,49600,0.0,0.0
1997-10-01 00:00:00-04:00,9.494011767705281,9.53848020689828,9.338372230529785,9.338372230529785,218400,0.0,0.0
1997-10-02 00:00:00-04:00,9.338379729565956,9.338379729565956,9.271677017211914,9.271677017211914,11400,0.0,0.0
1997-10-03 00:00:00-04:00,9.29391125466326,9.382848204468651,9.249442779760566,9.271677017211914,82800,0.0,0.0
1997-10-06 00:00:00-04:00,9.293904822606306,9.293904822606306,9.227202156415352,9.249436378479004,6600,0.0,0.0
1997-10-07 00:00:00-04:00,9.204968897501628,9.227203121891728,9.004860877990723,9.004860877990723,34200,0.0,0.0
1997-10-08 00:00:00-04:00,8.960392951965332,8.960392951965332,8.893690274903555,8.960392951965332,17200,0.0,0.0
1997-10-09 00:00:00-04:00,8.938160052850618,8.938160052850618,8.849223136901855,8.849223136901855,31800,0.0,0.0
1997-10-10 00:00:00-04:00,8.849221139404904,8.93815803527832,8.849221139404904,8.93815803527832,10800,0.0,0.0
1997-10-13 00:00:00-04:00,8.982628936767577,8.982628936767577,8.893692016601562,8.893692016601562,57000,0.0,0.0
1997-10-14 00:00:00-04:00,8.893691328235139,8.915925556555726,8.87145709991455,8.87145709991455,7600,0.0,0.0
1997-10-15 00:00:00-04:00,8.849223556518554,8.893692016601562,8.849223556518554,8.893692016601562,214800,0.0,0.0
1997-10-16 00:00:00-04:00,8.893691594876238,8.893691594876238,8.849223136901855,8.849223136901855,22400,0.0,0.0
1997-10-17 00:00:00-04:00,8.804754522782337,8.804754522782337,8.693583379817914,8.782520294189453,24800,0.0,0.0
1997-10-20 00:00:00-04:00,8.738051991965902,8.849223136901855,8.738051991965902,8.849223136901855,19000,0.0,0.0
1997-10-21 00:00:00-04:00,8.871457365889047,8.893691594876238,8.826988907914664,8.849223136901855,12600,0.0,0.0
1997-10-22 00:00:00-04:00,8.871457786560057,8.893692016601562,8.871457786560057,8.893692016601562,26200,0.0,0.0
1997-10-23 00:00:00-04:00,8.804751914164742,8.804751914164742,8.582409694110076,8.760283470153809,34600,0.0,0.0
1997-10-24 00:00:00-04:00,8.849223556518554,8.982628936767577,8.715818176269531,8.893692016601562,426400,0.0,0.0
1997-10-27 00:00:00-05:00,8.893689690326228,8.893689690326228,8.604644775390625,8.604644775390625,153600,0.0,0.0
1997-10-28 00:00:00-05:00,8.604643244834298,8.604643244834298,8.115490398874725,8.159958839416504,295400,0.0,0.0
1997-10-29 00:00:00-05:00,8.159964145894824,8.159964145894824,7.826450624945444,7.959856033325195,104800,0.0,0.0
1997-10-30 00:00:00-05:00,7.915385416875487,7.982088102972752,7.559637757690072,7.58187198638916,43400,0.0,0.0
1997-10-31 00:00:00-05:00,7.626342128390915,7.626342128390915,7.00378358729778,7.2483601570129395,92800,0.0,0.0
1997-11-03 00:00:00-05:00,7.292828333377838,7.292828333377838,7.026017540693283,7.114954471588135,38800,0.0,0.0
1997-11-04 00:00:00-05:00,7.11495488326742,7.292828755349106,7.11495488326742,7.159423351287842,164600,0.0,0.0
1997-11-05 00:00:00-05:00,7.159422727961526,7.159422727961526,7.092720031738282,7.092720031738281,4600,0.0,0.0
1997-11-06 00:00:00-05:00,7.003781253641302,7.026015479843338,6.803673217822979,6.848141670227051,29400,0.0,0.0
1997-11-07 00:00:00-05:00,6.848141979526829,6.848141979526829,6.536862798639246,6.581331253051758,83800,0.0,0.0
1997-11-10 00:00:00-05:00,6.581329750478076,6.9148430824279785,6.581329750478076,6.9148430824279785,70000,0.0,0.0
1997-11-11 00:00:00-05:00,6.40345929120038,6.40345929120038,5.691963814400338,5.758666515350342,2175200,0.0,0.0
1997-11-12 00:00:00-05:00,5.691961069576076,5.714195292504107,5.380681948583634,5.425150394439697,437200,0.0,0.0
1997-11-13 00:00:00-05:00,5.469619274139404,5.536321948214274,5.425150824756157,5.469619274139404,303000,0.0,0.0
1997-11-14 00:00:00-05:00,5.469621202220088,5.691963527513587,5.447386969690738,5.625260829925537,368200,0.0,0.0
1997-11-17 00:00:00-05:00,5.6697282791137695,5.691962507659314,5.625259822022681,5.6697282791137695,203000,0.0,0.0
1997-11-18 00:00:00-05:00,5.62525950282453,5.647493730108422,5.3806830027017245,5.536322593688965,83200,0.0,0.0
1997-11-19 00:00:00-05:00,5.5140890113610785,5.5140890113610785,5.402917861938477,5.402917861938477,32600,0.0,0.0
1997-11-20 00:00:00-05:00,5.447385049447781,5.469619274139404,5.425150824756157,5.469619274139404,37400,0.0,0.0
1997-11-21 00:00:00-05:00,5.291747064301462,5.291747064301462,5.091638982037962,5.136107444763184,367000,0.0,0.0
1997-11-24 00:00:00-05:00,5.13610798615035,5.13610798615035,5.024936817618957,5.091639518737793,211000,0.0,0.0
1997-11-25 00:00:00-05:00,5.069407148020608,5.069407148020608,4.891533213002341,4.980470180511475,194600,0.0,0.0
1997-11-26 00:00:00-05:00,4.980470180511475,4.980470180511475,4.891533213002341,4.980470180511475,108600,0.0,0.0
1997-11-28 00:00:00-05:00,4.980465155707465,5.0249335945977105,4.980465155707465,5.002699375152588,24200,0.0,0.0
1997-12-01 00:00:00-05:00,5.047167814042833,5.158338911268446,4.980465155707465,5.002699375152588,49800,0.0,0.0
1997-12-02 00:00:00-05:00,4.980467737248514,5.024936199188232,4.980467737248514,5.024936199188232,36200,0.0,0.0
1997-12-03 00:00:00-05:00,5.069403598619544,5.113872051239014,5.069403598619544,5.113872051239014,135200,0.0,0.0
1997-12-04 00:00:00-05:00,5.113871402152309,5.113871402152309,5.047168731689453,5.047168731689453,93000,0.0,0.0
1997-12-05 00:00:00-05:00,5.0694044494628905,5.558557510375977,5.0694044494628905,5.558557510375977,207600,0.0,0.0
1997-12-08 00:00:00-05:00,5.5585588092234595,6.02547774919823,5.5585588092234595,5.958775043487549,261200,0.0,0.0
1997-12-09 00:00:00-05:00,6.092176577523618,6.53686099924067,6.092176577523618,6.203347682952881,673400,0.0,0.0
1997-12-10 00:00:00-05:00,6.358990252857477,6.5813325693909555,6.314521789550781,6.314521789550781,538200,0.0,0.0
1997-12-11 00:00:00-05:00,6.31452280727785,6.31452280727785,5.958775043487549,5.958775043487549,141600,0.0,0.0
1997-12-12 00:00:00-05:00,6.1366459316677515,6.292285502398456,5.958772136546948,6.003240585327148,368400,0.0,0.0
1997-12-15 00:00:00-05:00,6.0254756585606986,6.0254756585606986,5.869836065904149,5.892070293426514,109200,0.0,0.0
1997-12-16 00:00:00-05:00,5.914303302764893,5.914303302764893,5.8253664109939916,5.914303302764893,38200,0.0,0.0
1997-12-17 00:00:00-05:00,5.914306573013761,6.047711984435124,5.714198455881716,5.958775043487549,65400,0.0,0.0
1997-12-18 00:00:00-05:00,5.981007972785404,6.225584506988525,5.981007972785404,6.225584506988525,150200,0.0,0.0
1997-12-19 00:00:00-05:00,6.270052423477173,7.003781962394714,6.270052423477173,6.670268535614014,296200,0.0,0.0
1997-12-22 00:00:00-05:00,6.759202665148807,6.8259053230285645,6.670265787975796,6.8259053230285645,268400,0.0,0.0
1997-12-23 00:00:00-05:00,6.78143848942275,6.78143848942275,6.603564692978875,6.648033142089844,86800,0.0,0.0
1997-12-24 00:00:00-05:00,6.648033063705653,6.648033063705653,6.314519699305704,6.492393493652344,51200,0.0,0.0
1997-12-26 00:00:00-05:00,6.536862798639246,6.581331253051758,6.492394344226733,6.581331253051758,9400,0.0,0.0
1997-12-29 00:00:00-05:00,6.625798309741377,6.670266754773198,6.514627197161824,6.536861419677734,50000,0.0,0.0
1997-12-30 00:00:00-05:00,6.5368639222506815,6.603566615334872,6.447926998138428,6.447926998138428,132000,0.0,0.0
1997-12-31 00:00:00-05:00,6.470162324937944,6.58133349890595,6.270054211795533,6.5146307945251465,125600,0.0,0.0
1998-01-02 00:00:00-05:00,6.358991150969938,6.559099264112349,6.358991150969938,6.5146307945251465,30600,0.0,0.0
1998-01-05 00:00:00-05:00,6.559097529200378,7.248358625489232,6.514629071375292,7.137187480926514,273200,0.0,0.0
1998-01-06 00:00:00-05:00,7.11495130490034,7.159419750555967,6.8259064081387635,6.937077522277832,502200,0.0,0.0
1998-01-07 00:00:00-05:00,6.937081011185735,7.159423351287842,6.759207139104049,7.159423351287842,602000,0.0,0.0
1998-01-08 00:00:00-05:00,7.559638986933417,8.582413673400879,7.470702057675377,8.582413673400879,822000,0.0,0.0
1998-01-09 00:00:00-05:00,7.915384707956396,8.093258521618338,7.537402853924771,7.759745121002197,724000,0.0,0.0
1998-01-12 00:00:00-05:00,7.403997551189379,7.959853223200594,7.070484147982651,7.915384769439697,340000,0.0,0.0
1998-01-13 00:00:00-05:00,8.048792245984078,8.048792245984078,6.8926121443510056,7.114954471588135,744400,0.0,0.0
1998-01-14 00:00:00-05:00,5.691962507659314,5.958773250205844,5.469620222203872,5.6697282791137695,1292200,0.0,0.0
1998-01-15 00:00:00-05:00,5.69196294969128,5.736431410235743,5.4696206469689646,5.514089107513428,444200,0.0,0.0
1998-01-16 00:00:00-05:00,5.647495062454888,5.736431992572287,5.558558132337487,5.625260829925537,242400,0.0,0.0
1998-01-20 00:00:00-05:00,5.625259256362915,5.625259256362915,5.024935146000074,5.113872051239014,439800,0.0,0.0
1998-01-21 00:00:00-05:00,5.1361046918233235,5.1361046918233235,4.713654522365994,5.002699375152588,471400,0.0,0.0
1998-01-22 00:00:00-05:00,5.024936573527683,5.024936573527683,4.691423084134253,4.7581257820129395,351400,0.0,0.0
1998-01-23 00:00:00-05:00,4.780358406885756,4.780358406885756,4.135565877584887,4.246737003326416,471600,0.0,0.0
1998-01-26 00:00:00-05:00,4.268972305053058,4.335674997319512,4.13556692052015,4.157801151275635,721800,0.0,0.0
1998-01-27 00:00:00-05:00,4.157801151275635,4.157801151275635,4.002161535987242,4.157801151275635,450200,0.0,0.0
1998-01-28 00:00:00-05:00,4.15780175839617,4.15780175839617,4.024396354383458,4.068864822387695,165400,0.0,0.0
1998-01-29 00:00:00-05:00,4.091097601528825,4.135566053719357,3.8242868883856413,3.868755340576172,537800,0.0,0.0
1998-01-30 00:00:00-05:00,3.8687563611239923,3.957693288965923,3.379603257993373,3.646414041519165,715600,0.0,0.0
1998-02-02 00:00:00-05:00,3.713116189411708,3.9132242475237162,3.6908819607325962,3.8909900188446045,318000,0.0,0.0
1998-02-03 00:00:00-05:00,3.8687542054964146,4.135564840358237,3.757583107637322,4.0910964012146,966600,0.0,0.0
1998-02-04 00:00:00-05:00,4.09109774600254,4.24673733416568,3.913223930958951,3.9576923847198486,1030200,0.0,0.0
1998-02-05 00:00:00-05:00,3.979927214947376,4.113332596453992,3.9132245241940677,4.046629905700684,479200,0.0,0.0
1998-02-06 00:00:00-05:00,4.09109774600254,4.09109774600254,3.957692384719848,3.9576923847198486,88800,0.0,0.0
1998-02-09 00:00:00-05:00,4.068862753854671,4.980465884499707,4.046628531156012,4.735889434814453,1256600,0.0,0.0
1998-02-10 00:00:00-05:00,4.691421433991077,4.691421433991077,4.402376511517693,4.5357818603515625,549400,0.0,0.0
1998-02-11 00:00:00-05:00,4.558016473796511,4.847061420915314,4.558016473796511,4.824827194213867,537000,0.0,0.0
1998-02-12 00:00:00-05:00,4.824828543752994,4.824828543752994,4.558017748706746,4.713657379150391,403400,0.0,0.0
1998-02-13 00:00:00-05:00,4.713656110541765,4.802593018287836,4.646953429732212,4.780358791351318,204200,0.0,0.0
1998-02-17 00:00:00-05:00,4.735890774271596,4.758125003258787,4.357908881489356,4.424611568450928,306200,0.0,0.0
1998-02-18 00:00:00-05:00,4.424611407954519,4.669187917941954,4.246737582509111,4.558016777038574,333600,0.0,0.0
1998-02-19 00:00:00-05:00,4.580252143493386,5.158342219856628,4.51354944237455,5.091639518737793,616600,0.0,0.0
1998-02-20 00:00:00-05:00,5.380682564583145,5.691961721211922,5.24727721174224,5.291745662689209,1543800,0.0,0.0
1998-02-23 00:00:00-05:00,5.336214113636177,5.336214113636177,5.0249349570074,5.291745662689209,341000,0.0,0.0
1998-02-24 00:00:00-05:00,5.247279515906945,6.092180454908911,5.247279515906945,5.958775043487549,1823000,0.0,0.0
1998-02-25 00:00:00-05:00,6.003241930156946,6.0477103888988495,5.669728489592671,5.691962718963623,600600,0.0,0.0
1998-02-26 00:00:00-05:00,5.714195296280366,6.047708640421243,5.55855573568129,5.914303302764893,349800,0.0,0.0
1998-02-27 00:00:00-05:00,5.958773515070345,6.003241974138035,5.691962760664211,5.847602367401123,392000,0.0,0.0
1998-03-02 00:00:00-05:00,5.736431410235743,5.780899870780206,5.425152186424501,5.514089107513428,244400,0.0,0.0
1998-03-03 00:00:00-05:00,5.536321598291397,5.536321598291397,5.113871355851491,5.3362135887146,715200,0.0,0.0
1998-03-04 00:00:00-05:00,5.336215190398387,5.336215190398387,5.069404430878468,5.202809810638428,273000,0.0,0.0
1998-03-05 00:00:00-05:00,5.158341429158711,5.158341429158711,4.847062204985341,4.95823335647583,681000,0.0,0.0
1998-03-06 00:00:00-05:00,5.002701779206594,5.024936009336401,4.780359477908523,4.80259370803833,367000,0.0,0.0
1998-03-09 00:00:00-05:00,4.802591432843889,4.802591432843889,4.535780797685895,4.669186115264893,351000,0.0,0.0
1998-03-10 00:00:00-05:00,4.6691907942295074,5.069407148020608,4.5357853429658075,4.980470180511475,846000,0.0,0.0
1998-03-11 00:00:00-05:00,5.069402599766244,5.20280793133904,4.802591936620652,4.913763046264648,617000,0.0,0.0
1998-03-12 00:00:00-05:00,4.958233875648998,5.024936573527683,4.7581257820129395,4.7581257820129395,195000,0.0,0.0
1998-03-13 00:00:00-05:00,4.80259219082919,4.958231752569025,4.713655298406428,4.891529083251953,273200,0.0,0.0
1998-03-16 00:00:00-05:00,4.935999126177733,5.136107198860613,4.891530665581537,4.95823335647583,440600,0.0,0.0
1998-03-17 00:00:00-05:00,4.958231490122247,4.958231490122247,4.8915288243358495,4.913763046264648,139800,0.0,0.0
1998-03-18 00:00:00-05:00,4.891530899774461,5.180575907488406,4.847062437049239,5.136107444763184,281200,0.0,0.0
1998-03-19 00:00:00-05:00,5.136106277548748,5.136106277548748,5.024935146000074,5.113872051239014,188200,0.0,0.0
1998-03-20 00:00:00-05:00,5.20280842534427,5.60302445806306,5.158339977264404,5.158339977264404,437600,0.0,0.0
1998-03-23 00:00:00-05:00,5.158341524893777,5.202809986315275,5.069404602050781,5.069404602050781,232400,0.0,0.0
1998-03-24 00:00:00-05:00,5.113871529184539,5.247276873424136,5.0694030811046735,5.158339977264404,236600,0.0,0.0
1998-03-25 00:00:00-05:00,5.225044120053005,5.2917468109472985,4.802593744389145,4.95823335647583,206400,0.0,0.0
1998-03-26 00:00:00-05:00,4.958233145980148,5.024935834042661,4.891530457917634,4.935998916625977,75600,0.0,0.0
1998-03-27 00:00:00-05:00,4.958233145980148,4.980467375334318,4.80259354050095,4.935998916625977,261400,0.0,0.0
1998-03-30 00:00:00-05:00,5.024936009336401,5.024936009336401,4.80259370803833,4.80259370803833,78000,0.0,0.0
1998-03-31 00:00:00-05:00,4.758123657513113,4.824826325609091,4.7136552121157935,4.735889434814453,246400,0.0,0.0
1998-04-01 00:00:00-05:00,4.735890029767238,5.0694034121452125,4.735890029767238,4.8470611572265625,198800,0.0,0.0
1998-04-02 00:00:00-05:00,4.8470611572265625,4.891529608210293,4.691421578783508,4.8470611572265625,345000,0.0,0.0
1998-04-03 00:00:00-05:00,4.9137624973720975,5.047167814042833,4.891528277926975,5.002699375152588,139000,0.0,0.0
1998-04-06 00:00:00-04:00,5.113871355851491,5.380682035287221,5.113871355851491,5.3362135887146,921600,0.0,0.0
1998-04-07 00:00:00-04:00,5.380681948583634,5.669726846648044,5.380681948583634,5.425150394439697,722000,0.0,0.0
1998-04-08 00:00:00-04:00,5.336214964054832,5.603025712257574,5.202809589953462,5.380683422088623,396000,0.0,0.0
1998-04-09 00:00:00-04:00,5.380683670043945,5.647494430541991,5.336215209960937,5.558557510375977,613000,0.0,0.0
1998-04-13 00:00:00-04:00,5.580791777673863,5.9587736909027695,5.580791777673863,5.714197158813477,670600,0.0,0.0
1998-04-14 00:00:00-04:00,5.691961073337641,6.114411309249419,5.691961073337641,5.914303302764893,755200,0.0,0.0
1998-04-15 00:00:00-04:00,5.914304944013388,5.936539173126221,5.8253680275620585,5.936539173126221,392600,0.0,0.0
1998-04-16 00:00:00-04:00,5.936540808250655,6.003243513961336,5.914306573013761,5.958775043487549,219400,0.0,0.0
1998-04-17 00:00:00-04:00,5.914303687766746,6.04770903410735,5.914303687766746,6.003240585327148,284800,0.0,0.0
1998-04-20 00:00:00-04:00,6.047711984435124,6.092180454908911,5.958775043487549,5.958775043487549,247000,0.0,0.0
1998-04-21 00:00:00-04:00,6.003240585327148,6.025474809717249,5.958772136546948,6.003240585327148,172000,0.0,0.0
1998-04-22 00:00:00-04:00,6.02547774919823,6.225585866330275,5.958775043487549,5.958775043487549,373600,0.0,0.0
1998-04-23 00:00:00-04:00,6.092179473017303,6.381224484510825,6.047711009710607,6.314521789550781,940600,0.0,0.0
1998-04-24 00:00:00-04:00,6.581332317297009,6.581332317297009,5.869836931643278,6.136647701263428,843800,0.0,0.0
1998-04-27 00:00:00-04:00,5.958773347081748,6.069944491616855,5.914304889267705,5.9810075759887695,1330000,0.0,0.0
1998-04-28 00:00:00-04:00,6.025474295599301,6.314519188008123,5.981005850613328,6.292284965515137,245800,0.0,0.0
1998-04-29 00:00:00-04:00,6.247819094590738,6.314521789550781,6.203350631284042,6.314521789550781,227400,0.0,0.0
1998-04-30 00:00:00-04:00,6.403458118438721,6.759205791685316,6.358989659282896,6.403458118438721,562000,0.0,0.0
1998-05-01 00:00:00-04:00,6.425691454289324,6.581331039687335,6.425691454289324,6.559096813201904,224800,0.0,0.0
1998-05-04 00:00:00-04:00,6.714736992518107,6.7592054494222005,6.603565850257874,6.670268535614014,700200,0.0,0.0
1998-05-05 00:00:00-04:00,6.670268590018254,6.714737047285042,6.581331675484677,6.625800132751465,459800,0.0,0.0
1998-05-06 00:00:00-04:00,6.625799442381169,6.692502121331315,6.536862537114307,6.603565216064453,125800,0.0,0.0
1998-05-07 00:00:00-04:00,6.603565904118071,6.670268590018254,6.581331675484677,6.625800132751465,126200,0.0,0.0
1998-05-08 00:00:00-04:00,6.603566890769351,6.670269586635709,6.40345880317028,6.425693035125732,327800,0.0,0.0
1998-05-11 00:00:00-04:00,6.492395460194555,6.492395460194555,6.358990074026173,6.447926998138428,231400,0.0,0.0
1998-05-12 00:00:00-04:00,6.358988774833033,6.559096813201904,6.358988774833033,6.559096813201904,229800,0.0,0.0
1998-05-13 00:00:00-04:00,6.55909728847052,6.825908025628642,6.55909728847052,6.759205341339111,536000,0.0,0.0
1998-05-14 00:00:00-04:00,6.692502657049581,6.759205341339111,6.58133151656703,6.759205341339111,204400,0.0,0.0
1998-05-15 00:00:00-04:00,6.714735293999696,6.959311745105645,6.714735293999696,6.937077522277832,314000,0.0,0.0
1998-05-18 00:00:00-04:00,6.937078575035194,7.026015479843338,6.848141670227051,6.848141670227051,223800,0.0,0.0
1998-05-19 00:00:00-04:00,6.892612419245434,7.2483601570129395,6.892612419245434,7.2483601570129395,470200,0.0,0.0
1998-05-20 00:00:00-04:00,7.203890459878104,7.537403907094683,7.203890459878104,7.470701217651367,466200,0.0,0.0
1998-05-21 00:00:00-04:00,7.381763886671799,7.381763886671799,7.114953143780048,7.226124286651611,240200,0.0,0.0
1998-05-22 00:00:00-04:00,7.248357034969039,7.292825483036333,7.248357034969039,7.2705912590026855,70800,0.0,0.0
1998-05-26 00:00:00-04:00,7.226123259617732,7.737510444144526,7.226123259617732,7.515168190002441,236400,0.0,0.0
1998-05-27 00:00:00-04:00,7.470698749317843,7.626338306595298,7.426230304381427,7.559635639190674,331600,0.0,0.0
1998-05-28 00:00:00-04:00,7.5596361714401015,7.5596361714401015,7.248357034969039,7.2705912590026855,178400,0.0,0.0
1998-05-29 00:00:00-04:00,7.226125387156882,7.381765010880262,7.226125387156882,7.29282808303833,122800,0.0,0.0
1998-06-01 00:00:00-04:00,7.203890077219714,7.203890077219714,6.581331675484677,6.625800132751465,1103000,0.0,0.0
1998-06-02 00:00:00-04:00,6.648034200856561,6.759205341339111,6.58133151656703,6.759205341339111,323600,0.0,0.0
1998-06-03 00:00:00-04:00,6.803671103735312,6.87037376161507,6.714734226562301,6.8259053230285645,513800,0.0,0.0
1998-06-04 00:00:00-04:00,6.781437749648018,6.9148430824279785,6.759203527518024,6.9148430824279785,71400,0.0,0.0
1998-06-05 00:00:00-04:00,6.892609717353942,7.003780841827393,6.892609717353942,7.003780841827393,49400,0.0,0.0
1998-06-08 00:00:00-04:00,7.003781480609247,7.070484161376954,6.981547253686678,7.070484161376953,43000,0.0,0.0
1998-06-09 00:00:00-04:00,7.1149532520139696,7.159421709839057,7.026016336363796,7.137187480926514,80600,0.0,0.0
1998-06-10 00:00:00-04:00,7.137189052723072,7.315062923195922,7.114954818913966,7.203891754150391,318400,0.0,0.0
1998-06-11 00:00:00-04:00,7.203888420860608,7.203888420860608,6.9593119621276855,6.9593119621276855,196400,0.0,0.0
1998-06-12 00:00:00-04:00,7.048248457677156,7.048248457677156,6.825906235037498,6.87037467956543,147600,0.0,0.0
1998-06-15 00:00:00-04:00,6.781437867352752,6.781437867352752,6.536861419677734,6.536861419677734,98000,0.0,0.0
1998-06-16 00:00:00-04:00,6.559096813201904,6.670267945629056,6.536862586716475,6.559096813201904,222400,0.0,0.0
1998-06-17 00:00:00-04:00,6.514628627512715,6.803673583682221,6.514628627512715,6.736970901489258,183800,0.0,0.0
1998-06-18 00:00:00-04:00,6.736970849897041,6.781439304351807,6.736970849897041,6.781439304351807,39600,0.0,0.0
1998-06-19 00:00:00-04:00,6.848141670227051,6.848141670227051,6.803673217822979,6.848141670227051,93000,0.0,0.0
1998-06-22 00:00:00-04:00,6.825908172313984,7.292826972374549,6.781439715165358,7.226124286651611,157800,0.0,0.0
1998-06-23 00:00:00-04:00,7.092717252782261,7.515167496678383,7.048248806056353,7.49293327331543,269600,0.0,0.0
1998-06-24 00:00:00-04:00,7.470699049952476,7.559635943404291,7.381762156500661,7.49293327331543,462000,0.0,0.0
1998-06-25 00:00:00-04:00,7.470700842893718,7.781980044680957,7.470700842893718,7.58187198638916,157000,0.0,0.0
1998-06-26 00:00:00-04:00,7.581870395473749,7.604104619507396,7.248357034969039,7.2705912590026855,150600,0.0,0.0
1998-06-29 00:00:00-04:00,7.226124387798888,7.381763989997633,6.937079412286932,7.3372955322265625,204600,0.0,0.0
1998-06-30 00:00:00-04:00,7.426232378823416,7.781980037689208,7.426232378823416,7.781980037689209,231400,0.0,0.0
1998-07-01 00:00:00-04:00,7.759748054673467,8.026558876037598,7.759748054673467,8.026558876037598,129600,0.0,0.0
1998-07-02 00:00:00-04:00,8.004322213641668,8.004322213641668,7.870916843414306,7.870916843414307,37600,0.0,0.0
1998-07-06 00:00:00-04:00,7.915387432878188,8.093261307774327,7.915387432878188,8.048792839050293,162200,0.0,0.0
1998-07-07 00:00:00-04:00,8.026558604688276,8.07102707341231,8.026558604688276,8.048792839050293,34200,0.0,0.0
1998-07-08 00:00:00-04:00,8.026558876037598,8.026558876037598,7.737513819559789,8.026558876037598,242800,0.0,0.0
1998-07-09 00:00:00-04:00,7.982090273295363,8.115495681762695,7.982090273295363,8.115495681762695,51800,0.0,0.0
1998-07-10 00:00:00-04:00,8.093257040347693,8.248896598815918,8.093257040347693,8.248896598815918,42200,0.0,0.0
1998-07-13 00:00:00-04:00,8.404538955688476,8.626881256103514,8.31560203552246,8.337836265563965,122000,0.0,0.0
1998-07-14 00:00:00-04:00,8.537943675105733,8.915925556555726,8.537943675105733,8.87145709991455,368200,0.0,0.0
1998-07-15 00:00:00-04:00,8.871456991182088,9.360610008239746,8.760285850941711,9.360610008239746,318600,0.0,0.0
1998-07-16 00:00:00-04:00,9.360606450126284,9.360606450126284,9.249435352143786,9.338372230529785,451000,0.0,0.0
1998-07-17 00:00:00-04:00,9.249439210233177,9.293907667974683,8.693583488464355,8.693583488464355,293400,0.0,0.0
1998-07-20 00:00:00-04:00,8.715815815172697,8.715815815172697,8.449005126953125,8.449005126953125,206600,0.0,0.0
1998-07-21 00:00:00-04:00,8.182196040611482,8.226664497353935,7.870916843414306,7.870916843414307,148400,0.0,0.0
1998-07-22 00:00:00-04:00,7.781978509743516,7.826446958370623,6.8926095372014,7.181654453277588,339000,0.0,0.0
1998-07-23 00:00:00-04:00,7.203888865879604,7.203888865879604,6.937078167143322,7.003780841827393,124200,0.0,0.0
1998-07-24 00:00:00-04:00,7.04824841520794,7.11495108159792,6.892608860297985,6.9148430824279785,53000,0.0,0.0
1998-07-27 00:00:00-04:00,6.870374501920214,6.892608723609276,6.803671836853027,6.803671836853027,18000,0.0,0.0
1998-07-28 00:00:00-04:00,6.803675213456154,7.203891402482987,6.759206748008729,7.114954471588135,185000,0.0,0.0
1998-07-29 00:00:00-04:00,7.0704851897366074,7.5818724833339095,7.0704851897366074,7.3817644119262695,205800,0.0,0.0
1998-07-30 00:00:00-04:00,7.4039986038208,8.404538955688476,7.4039986038208,8.337836265563965,339200,0.0,0.0
1998-07-31 00:00:00-04:00,8.315600304913945,8.315600304913945,7.515168190002441,7.515168190002441,60600,0.0,0.0
1998-08-03 00:00:00-04:00,7.537403946367715,7.693043555879733,7.492935486507139,7.626340866088867,63600,0.0,0.0
1998-08-04 00:00:00-04:00,7.559637830264843,7.559637830264843,7.1149532520139696,7.137187480926514,156200,0.0,0.0
1998-08-05 00:00:00-04:00,7.137185998158912,7.137185998158912,6.358988147892364,6.492393493652344,282200,0.0,0.0
1998-08-06 00:00:00-04:00,6.447926454765852,6.714737204618233,6.447926454765852,6.692502975463867,218600,0.0,0.0
1998-08-07 00:00:00-04:00,6.692503772723447,7.092719945178669,6.692503772723447,6.98154878616333,144800,0.0,0.0
1998-08-10 00:00:00-04:00,6.937080080755825,6.937080080755825,6.447926998138428,6.447926998138428,111800,0.0,0.0
1998-08-11 00:00:00-04:00,6.403456624348959,6.403456624348959,5.981006360937048,6.003240585327148,151600,0.0,0.0
1998-08-12 00:00:00-04:00,6.047708942942376,6.181114287271987,6.02547471888744,6.092177391052246,79800,0.0,0.0
1998-08-13 00:00:00-04:00,6.114413006028879,6.114413006028879,5.869836485787723,5.936539173126221,220800,0.0,0.0
1998-08-14 00:00:00-04:00,5.936537569219416,6.047708684747869,5.869834899902344,5.869834899902344,110400,0.0,0.0
1998-08-17 00:00:00-04:00,5.869836931643278,6.181116162866785,5.869836931643278,6.136647701263428,240800,0.0,0.0
1998-08-18 00:00:00-04:00,6.069944894313812,6.225584506988525,6.069944894313812,6.225584506988525,226600,0.0,0.0
1998-08-19 00:00:00-04:00,6.181115636151962,6.181115636151962,5.9810075759887695,5.9810075759887695,83600,0.0,0.0
1998-08-20 00:00:00-04:00,5.981006015430797,5.981006015430797,5.8031322305852715,5.869834899902344,57800,0.0,0.0
1998-08-21 00:00:00-04:00,5.8476021074781235,5.8476021074781235,5.6697282791137695,5.6697282791137695,64800,0.0,0.0
1998-08-24 00:00:00-04:00,5.669729604825869,6.069945812225342,5.669729604825869,6.069945812225342,69200,0.0,0.0
1998-08-25 00:00:00-04:00,6.24781879589712,6.270053026487502,6.181116104125977,6.181116104125977,234600,0.0,0.0
1998-08-26 00:00:00-04:00,6.15888108050122,6.15888108050122,5.958773030954249,6.047709941864014,33000,0.0,0.0
1998-08-27 00:00:00-04:00,6.04770850404469,6.04770850404469,5.7808978347486,5.803132057189941,44200,0.0,0.0
1998-08-28 00:00:00-04:00,5.803132057189941,5.8698347245139635,5.7808978347486,5.803132057189941,68600,0.0,0.0
1998-08-31 00:00:00-04:00,5.803132124350105,5.803132124350105,4.7136552121157935,4.735889434814453,183800,0.0,0.0
1998-09-01 00:00:00-04:00,4.780360275101893,4.802594508939576,4.580252170562744,4.580252170562744,126600,0.0,0.0
1998-09-02 00:00:00-04:00,4.62471915390085,4.847061420915314,4.602484927199403,4.824827194213867,109000,0.0,0.0
1998-09-03 00:00:00-04:00,4.780358153196117,4.780358153196117,4.402376345734098,4.46907901763916,139800,0.0,0.0
1998-09-04 00:00:00-04:00,4.4246118357687285,4.580251448082201,4.35790914477724,4.402377605438232,118600,0.0,0.0
1998-09-08 00:00:00-04:00,4.446845797438119,4.646953858322834,4.4023773394637375,4.424611568450928,50600,0.0,0.0
1998-09-09 00:00:00-04:00,4.424611465218141,4.424611465218141,4.291206094407544,4.313440322875977,85400,0.0,0.0
1998-09-10 00:00:00-04:00,4.313441466231373,4.313441466231373,4.0243964195251465,4.0243964195251465,129200,0.0,0.0
1998-09-11 00:00:00-04:00,4.068863314025256,4.513547829219273,4.068863314025256,4.357908248901367,273600,0.0,0.0
1998-09-14 00:00:00-04:00,4.335673302412033,4.624718189239502,4.335673302412033,4.624718189239502,106800,0.0,0.0
1998-09-15 00:00:00-04:00,4.580251388549804,4.580251388549804,4.446846008300781,4.446846008300781,114800,0.0,0.0
1998-09-16 00:00:00-04:00,4.402377548217773,4.446846008300781,4.402377548217773,4.446846008300781,76800,0.0,0.0
1998-09-17 00:00:00-04:00,4.38014388534258,4.713657379150391,4.224504254898935,4.713657379150391,313800,0.0,0.0
1998-09-18 00:00:00-04:00,4.802594310832474,4.802594310832474,4.69142314622987,4.713657379150391,49800,0.0,0.0
1998-09-21 00:00:00-04:00,4.669188327259488,4.80259370803833,4.6247198669998735,4.80259370803833,17200,0.0,0.0
1998-09-22 00:00:00-04:00,4.802596245493207,4.980470180511475,4.802596245493207,4.980470180511475,185600,0.0,0.0
1998-09-23 00:00:00-04:00,4.980466392418857,5.180574417114258,4.980466392418857,5.180574417114258,148600,0.0,0.0
1998-09-24 00:00:00-04:00,5.158341557928856,5.291746943047706,5.158341557928856,5.225044250488281,46400,0.0,0.0
1998-09-25 00:00:00-04:00,5.158341524893777,5.180575755604527,5.069404602050781,5.069404602050781,62200,0.0,0.0
1998-09-28 00:00:00-04:00,5.069402033487956,5.113870472378201,4.93599671681722,5.002699375152588,193200,0.0,0.0
1998-09-29 00:00:00-04:00,5.002701817072026,5.002701817072026,4.802593744389145,4.95823335647583,62400,0.0,0.0
1998-09-30 00:00:00-04:00,4.958231837738978,5.047168731689453,4.958231837738978,5.047168731689453,153200,0.0,0.0
1998-10-01 00:00:00-04:00,5.024934806075751,5.024934806075751,4.491313410740273,4.5357818603515625,67800,0.0,0.0
1998-10-02 00:00:00-04:00,4.513548757090713,4.580251448082201,4.402377605438232,4.402377605438232,27800,0.0,0.0
1998-10-05 00:00:00-04:00,4.424609694791877,4.424609694791877,4.0910964012146,4.0910964012146,105000,0.0,0.0
1998-10-06 00:00:00-04:00,4.135565927042764,4.224502828699597,3.646412967930179,3.7575840950012207,193400,0.0,0.0
1998-10-07 00:00:00-04:00,3.7575853303074838,3.7575853303074838,3.5574772357940674,3.5574772357940674,133400,0.0,0.0
1998-10-08 00:00:00-04:00,3.4685400403779125,3.4685400403779125,3.20172926804115,3.223963499069214,168400,0.0,0.0
1998-10-09 00:00:00-04:00,3.246196746826172,3.290665195412832,3.157259849652852,3.246196746826172,233600,0.0,0.0
1998-10-12 00:00:00-04:00,3.3128992013442207,3.5352414296223564,3.290664978516407,3.468538761138916,125000,0.0,0.0
1998-10-13 00:00:00-04:00,3.4685385427167335,3.490772764144405,3.424070099861391,3.4463043212890625,87600,0.0,0.0
1998-10-14 00:00:00-04:00,3.4463055845763946,3.4463055845763946,3.2017290592193604,3.2017290592193604,48400,0.0,0.0
1998-10-15 00:00:00-04:00,3.2461965328607802,3.4685387611389156,3.2239623100329666,3.468538761138916,96400,0.0,0.0
1998-10-16 00:00:00-04:00,3.513008459366579,4.157801151275635,3.513008459366579,4.157801151275635,106600,0.0,0.0
1998-10-19 00:00:00-04:00,4.3134386017209,4.713654554457891,4.3134386017209,4.669186115264893,205600,0.0,0.0
1998-10-20 00:00:00-04:00,5.091640123263563,5.425153668455499,5.091640123263563,5.3139824867248535,589400,0.0,0.0
1998-10-21 00:00:00-04:00,5.291745142141978,5.35844781200091,5.291745142141978,5.3362135887146,189400,0.0,0.0
1998-10-22 00:00:00-04:00,5.291745861716892,5.291745861716892,4.268971451469089,5.113872051239014,503400,0.0,0.0
1998-10-23 00:00:00-04:00,5.024936199188232,5.09163889209781,5.002701968218373,5.024936199188232,128400,0.0,0.0
1998-10-26 00:00:00-05:00,5.047169372309809,5.158340503858483,5.047169372309809,5.113872051239014,312600,0.0,0.0
1998-10-27 00:00:00-05:00,5.113872890798454,5.247278270558414,5.113872890798454,5.202809810638428,210000,0.0,0.0
1998-10-28 00:00:00-05:00,5.158340503858483,5.313980088026627,5.113872051239014,5.113872051239014,271800,0.0,0.0
1998-10-29 00:00:00-05:00,5.0694028680974785,5.0694028680974785,4.847060637040571,4.891529083251953,111200,0.0,0.0
1998-10-30 00:00:00-05:00,4.891529083251953,4.891529083251953,4.780357967723499,4.891529083251953,57600,0.0,0.0
1998-11-02 00:00:00-05:00,4.891533213002341,4.980470180511475,4.869298971125057,4.980470180511475,117600,0.0,0.0
1998-11-03 00:00:00-05:00,4.980465975674716,4.980465975674716,4.824826413934881,4.891529083251953,47800,0.0,0.0
1998-11-04 00:00:00-05:00,4.891531177770311,5.024936573527683,4.669188851508024,4.7581257820129395,73200,0.0,0.0
1998-11-05 00:00:00-05:00,4.758124564414801,4.780358791351318,4.713656110541765,4.780358791351318,40000,0.0,0.0
1998-11-06 00:00:00-05:00,4.802596245493207,5.047172906143325,4.802596245493207,4.980470180511475,47000,0.0,0.0
1998-11-09 00:00:00-05:00,4.6247198669998735,4.80259370803833,4.535782946480645,4.80259370803833,69400,0.0,0.0
1998-11-10 00:00:00-05:00,4.780358791351318,4.824827245224354,4.646953429732212,4.780358791351318,52600,0.0,0.0
1998-11-11 00:00:00-05:00,4.780358740810975,4.9359983277211,4.780358740810975,4.824827194213867,59600,0.0,0.0
1998-11-12 00:00:00-05:00,4.847061084910027,4.847061084910027,4.669187283628925,4.6914215087890625,45400,0.0,0.0
1998-11-13 00:00:00-05:00,4.646954680388829,4.713657379150391,4.580251981627266,4.713657379150391,39400,0.0,0.0
1998-11-16 00:00:00-05:00,4.669188913309349,4.735891612070911,4.669188913309349,4.713657379150391,37000,0.0,0.0
1998-11-17 00:00:00-05:00,4.713655077494108,4.713655077494108,4.624718189239502,4.624718189239502,61800,0.0,0.0
1998-11-18 00:00:00-05:00,4.5802492368788945,4.669186115264893,4.5802492368788945,4.669186115264893,62400,0.0,0.0
1998-11-19 00:00:00-05:00,4.758125247778716,4.80259370803833,4.758125247778716,4.80259370803833,50200,0.0,0.0
1998-11-20 00:00:00-05:00,4.713656110541765,4.780358791351318,4.691421883605248,4.780358791351318,34400,0.0,0.0
1998-11-23 00:00:00-05:00,4.780359477908523,4.824827938168138,4.758125247778716,4.80259370803833,81400,0.0,0.0
1998-11-24 00:00:00-05:00,4.80259219082919,4.891529083251953,4.780357967723499,4.891529083251953,114600,0.0,0.0
1998-11-25 00:00:00-05:00,4.891529608210293,4.935998059194023,4.8470611572265625,4.8470611572265625,91200,0.0,0.0
1998-11-27 00:00:00-05:00,4.869297027587891,4.869297027587891,4.869297027587891,4.869297027587891,400,0.0,0.0
1998-11-30 00:00:00-05:00,4.86929569909739,4.86929569909739,4.758124564414801,4.780358791351318,105400,0.0,0.0
1998-12-01 00:00:00-05:00,4.780357880211772,4.780357880211772,4.624718321321156,4.735889434814453,114400,0.0,0.0
1998-12-02 00:00:00-05:00,4.713655077494108,4.713655077494108,4.624718189239502,4.624718189239502,29600,0.0,0.0
1998-12-03 00:00:00-05:00,4.624718958017778,4.624718958017778,4.313439797381966,4.357908248901367,68000,0.0,0.0
1998-12-04 00:00:00-05:00,4.35790953364397,4.35790953364397,4.24673837207142,4.2912068367004395,49800,0.0,0.0
1998-12-07 00:00:00-05:00,4.313439678771333,4.313439678771333,4.180034327881498,4.246737003326416,91800,0.0,0.0
1998-12-08 00:00:00-05:00,4.202267499073692,4.22450171864551,3.9132226446400518,4.0910964012146,103800,0.0,0.0
1998-12-09 00:00:00-05:00,4.046629481845431,4.202269077301025,4.046629481845431,4.202269077301025,99200,0.0,0.0
1998-12-10 00:00:00-05:00,4.202269077301025,4.224503305223252,4.202269077301025,4.202269077301025,40200,0.0,0.0
1998-12-11 00:00:00-05:00,4.22450413975691,4.313441069014949,4.18003567512789,4.2912068367004395,69400,0.0,0.0
1998-12-14 00:00:00-05:00,4.246739328548473,4.2689735658707155,4.135568141937256,4.135568141937256,248600,0.0,0.0
1998-12-15 00:00:00-05:00,4.091099190312391,4.091099190312391,3.9576937819326394,3.9799280166625977,91600,0.0,0.0
1998-12-16 00:00:00-05:00,3.9354585890184373,3.979927047651414,3.668647837220577,3.802053213119507,63400,0.0,0.0
1998-12-17 00:00:00-05:00,3.757583597127129,3.802052042063545,3.6464124847860897,3.779817819595337,261400,0.0,0.0
1998-12-18 00:00:00-05:00,3.824288215166257,3.824288215166257,3.557477409456983,3.6019458770751953,184800,0.0,0.0
1998-12-21 00:00:00-05:00,3.579711675643921,3.579711675643921,3.55747744163371,3.579711675643921,19800,0.0,0.0
1998-12-22 00:00:00-05:00,3.557475428427419,3.557475428427419,3.446304321289062,3.4463043212890625,40600,0.0,0.0
1998-12-23 00:00:00-05:00,3.4463055845763946,3.4463055845763946,3.2017290592193604,3.2017290592193604,679200,0.0,0.0
1998-12-24 00:00:00-05:00,3.1572606000635357,3.2017290592193604,3.1572606000635357,3.2017290592193604,87800,0.0,0.0
1998-12-28 00:00:00-05:00,3.2017293580820865,3.2017293580820865,3.1572608947753906,3.1572608947753906,169400,0.0,0.0
1998-12-29 00:00:00-05:00,3.179494857788086,3.201729087562828,3.1572606280133444,3.179494857788086,341800,0.0,0.0
1998-12-30 00:00:00-05:00,3.1572606000635357,3.2017290592193604,3.1572606000635357,3.2017290592193604,861000,0.0,0.0
1998-12-31 00:00:00-05:00,3.201728042291135,3.335133377386599,3.1794938197752245,3.268430709838867,1666800,0.0,0.0
1999-01-04 00:00:00-05:00,3.424070667746841,3.4685391179773193,3.335133767285884,3.357367992401123,359200,0.0,0.0
1999-01-05 00:00:00-05:00,3.357368523642521,3.4240712095427037,3.2684316091089443,3.3129000663757324,102200,0.0,0.0
1999-01-06 00:00:00-05:00,3.3351342144765352,3.3796026706695557,3.290665758283515,3.3796026706695557,251200,0.0,0.0
1999-01-07 00:00:00-05:00,3.3796020925861514,3.3796020925861514,3.201728298239512,3.246196746826172,301800,0.0,0.0
1999-01-08 00:00:00-05:00,3.2461977300972773,3.2461977300972773,3.1794950370130866,3.223963499069214,562000,0.0,0.0
1999-01-11 00:00:00-05:00,3.201728087205153,3.5352414296223564,3.1794938643773394,3.468538761138916,290200,0.0,0.0
1999-01-12 00:00:00-05:00,3.5130080392486174,3.5130080392486174,3.3796026706695557,3.3796026706695557,190400,0.0,0.0
1999-01-13 00:00:00-05:00,3.2017284165944484,3.3796022175163625,3.135025741248731,3.357367992401123,193000,0.0,0.0
1999-01-14 00:00:00-05:00,3.335134295009127,3.335134295009127,3.2906658377423383,3.3129000663757324,100600,0.0,0.0
1999-01-15 00:00:00-05:00,3.31290003935496,3.3796027247111002,3.2906658109029134,3.335134267807007,147600,0.0,0.0
1999-01-19 00:00:00-05:00,3.3796016967374514,3.4685385834937,3.335133253359327,3.4018359184265137,207600,0.0,0.0
1999-01-20 00:00:00-05:00,3.490772983966729,3.513007206794543,3.3796018698276615,3.468538761138916,122000,0.0,0.0
1999-01-21 00:00:00-05:00,3.401836953163147,3.401836953163147,3.2906658109029134,3.335134267807007,357200,0.0,0.0
1999-01-22 00:00:00-05:00,3.335134267807007,3.3796027247111002,3.2684315824508667,3.335134267807007,105400,0.0,0.0
1999-01-25 00:00:00-05:00,3.2461967120205397,3.2461967120205397,2.957151799306382,3.046088695526123,417800,0.0,0.0
1999-01-26 00:00:00-05:00,3.023855285644531,3.023855285644531,2.623639144897461,2.7792787551879883,492800,0.0,0.0
1999-01-27 00:00:00-05:00,2.8015129566192627,2.890449875877017,2.8015129566192627,2.8015129566192627,230800,0.0,0.0
1999-01-28 00:00:00-05:00,2.801512985229492,2.801512985229492,2.757044525146484,2.7792787551879883,50600,0.0,0.0
1999-01-29 00:00:00-05:00,2.7792781841855088,2.7792781841855088,2.6458728313446045,2.6458728313446045,225000,0.0,0.0
1999-02-01 00:00:00-05:00,2.668107685289885,2.668107685289885,2.5124680703146414,2.5347023010253906,314400,0.0,0.0
1999-02-02 00:00:00-05:00,2.534701799309772,2.6236387045487115,2.512467573000037,2.556936025619507,414600,0.0,0.0
1999-02-03 00:00:00-05:00,2.5569358526491652,2.5569358526491652,2.2234224805644915,2.2678909301757812,640000,0.0,0.0
1999-02-04 00:00:00-05:00,2.3123592979029604,2.334593521921258,2.1122512817382812,2.1122512817382812,659800,0.0,0.0
1999-02-05 00:00:00-05:00,2.134485960006714,2.156720188756784,2.112251731256644,2.134485960006714,1009600,0.0,0.0
1999-02-08 00:00:00-05:00,2.1344856472190368,2.5124674805807414,2.1344856472190368,2.4235305786132812,681600,0.0,0.0
1999-02-09 00:00:00-05:00,2.44576442700166,2.467998649065311,2.2901248725560994,2.312359094619751,291000,0.0,0.0
1999-02-10 00:00:00-05:00,2.3345948681972994,2.356829105037274,2.201189447157454,2.2456579208374023,317600,0.0,0.0
1999-02-11 00:00:00-05:00,2.2901248725560994,2.379061760810705,2.223422206365145,2.312359094619751,390400,0.0,0.0
1999-02-12 00:00:00-05:00,2.312359790007273,2.312359790007273,2.134485960006714,2.134485960006714,211000,0.0,0.0
1999-02-16 00:00:00-05:00,2.1789552103174796,2.2456579208374023,2.1789552103174796,2.2456579208374023,79000,0.0,0.0
1999-02-17 00:00:00-05:00,2.2456572633801084,2.2678914937106045,2.201188802719116,2.201188802719116,209600,0.0,0.0
1999-02-18 00:00:00-05:00,2.201189494902088,2.2234237322243313,2.0455498336463847,2.067784070968628,312400,0.0,0.0
1999-02-19 00:00:00-05:00,2.1122521274494677,2.401297155416237,2.1122521274494677,2.3568286895751953,458400,0.0,0.0
1999-02-22 00:00:00-05:00,2.3123594511539567,2.4235305786132812,2.2901252256620914,2.4235305786132812,326400,0.0,0.0
1999-02-23 00:00:00-05:00,2.445764561494191,2.6681067943573,2.4235303382078808,2.6681067943573,337000,0.0,0.0
1999-02-24 00:00:00-05:00,2.7125760932122507,2.9571526262067978,2.7125760932122507,2.757044553756714,651200,0.0,0.0
1999-02-25 00:00:00-05:00,2.7570436875025432,2.8459805806477863,2.645872571070989,2.6681067943573,133400,0.0,0.0
1999-02-26 00:00:00-05:00,2.712576272123951,2.712576272123951,2.6236393451690674,2.6236393451690674,96400,0.0,0.0
1999-03-01 00:00:00-05:00,2.668107577732631,2.8015129566192627,2.668107577732631,2.8015129566192627,42000,0.0,0.0
1999-03-02 00:00:00-05:00,2.779278627111892,2.801512856128787,2.6903417110443115,2.6903417110443115,34000,0.0,0.0
1999-03-03 00:00:00-05:00,2.6903419473529917,2.6903419473529917,2.445765406684538,2.512468099594116,136200,0.0,0.0
1999-03-04 00:00:00-05:00,2.5569365317361394,2.5569365317361394,2.4679996088931433,2.5347023010253906,171200,0.0,0.0
1999-03-05 00:00:00-05:00,2.5124681864754628,2.668107808646509,2.5124681864754628,2.6236393451690674,177400,0.0,0.0
1999-03-08 00:00:00-05:00,2.6236393451690674,2.645873576907788,2.5791708816916254,2.6236393451690674,95400,0.0,0.0
1999-03-09 00:00:00-05:00,2.5791708816916254,2.645873576907788,2.5791708816916254,2.6236393451690674,60400,0.0,0.0
1999-03-10 00:00:00-05:00,2.601406299642154,2.601406299642154,2.4902350902557373,2.4902350902557373,91800,0.0,0.0
1999-03-11 00:00:00-05:00,2.4902336498922555,2.8459813141625774,2.4902336498922555,2.6903417110443115,357800,0.0,0.0
1999-03-12 00:00:00-05:00,2.6458733749389647,2.8237472152709957,2.4902337646484374,2.7792787551879883,377600,0.0,0.0
1999-03-15 00:00:00-05:00,2.890449285507202,3.0016204118728638,2.8459808349609377,2.890449285507202,282400,0.0,0.0
1999-03-16 00:00:00-05:00,2.9349177360534666,2.9793861865997315,2.890449285507202,2.890449285507202,252800,0.0,0.0
1999-03-17 00:00:00-05:00,2.934917952268178,2.957152179179301,2.8237468177125655,2.9126837253570557,296200,0.0,0.0
1999-03-18 00:00:00-05:00,2.957151449880292,3.490772764144405,2.957151449880292,3.4463043212890625,1021800,0.0,0.0
1999-03-19 00:00:00-05:00,3.601943570634593,4.22450171864551,3.601943570634593,4.0910964012146,803000,0.0,0.0
1999-03-22 00:00:00-05:00,4.091099949770196,4.246739621772322,3.6908836503361546,3.824289083480835,946400,0.0,0.0
1999-03-23 00:00:00-05:00,3.7798187764067404,3.7798187764067404,3.201728845897474,3.3796026706695557,620400,0.0,0.0
1999-03-24 00:00:00-05:00,3.424070738538911,3.5352418664135508,3.379602287389055,3.513007640838623,365800,0.0,0.0
1999-03-25 00:00:00-05:00,3.5574761923257405,3.5574761923257405,3.335133930305382,3.4240708351135254,355200,0.0,0.0
1999-03-26 00:00:00-05:00,3.446304321289062,3.4685385427167335,3.2906647712953627,3.4463043212890625,289000,0.0,0.0
1999-03-29 00:00:00-05:00,3.4463057742602583,3.468540005061937,2.6681076962014902,3.068323850631714,859600,0.0,0.0
1999-03-30 00:00:00-05:00,3.023855249364893,3.201729087562828,3.0016210195901514,3.179494857788086,433400,0.0,0.0
1999-03-31 00:00:00-05:00,3.2239633894735764,3.2239633894735764,2.7125760932122507,2.757044553756714,782800,0.0,0.0
1999-04-01 00:00:00-05:00,2.8015126936575947,3.1127918818417717,2.8015126936575947,3.023854970932007,396600,0.0,0.0
1999-04-05 00:00:00-04:00,3.29066547790131,3.490773513719633,3.0238547634768795,3.4240708351135254,797400,0.0,0.0
1999-04-06 00:00:00-04:00,3.44630489286208,3.5130075682077977,3.223962641709688,3.357367992401123,348800,0.0,0.0
1999-04-07 00:00:00-04:00,3.3796016967374514,3.4685385834937,3.3573674750483895,3.4018359184265137,432000,0.0,0.0
1999-04-08 00:00:00-04:00,3.4240711816151936,3.4240711816151936,3.31290003935496,3.335134267807007,418000,0.0,0.0
1999-04-09 00:00:00-04:00,3.335134295009127,3.357368523642521,3.1127920086751852,3.3129000663757324,266000,0.0,0.0
1999-04-12 00:00:00-04:00,3.357367992401123,3.357367992401123,3.357367992401123,3.357367992401123,13800,0.0,0.0
1999-04-13 00:00:00-04:00,3.7353500019420274,3.8242869067501712,3.268431251699274,3.4240708351135254,1277600,0.0,0.0
1999-04-14 00:00:00-04:00,3.4240711268625765,3.5130080392486174,3.223963073993984,3.3796026706695557,442600,0.0,0.0
1999-04-15 00:00:00-04:00,3.3796016967374514,3.446304361804638,3.335133253359327,3.4018359184265137,359800,0.0,0.0
1999-04-16 00:00:00-04:00,3.4018368987660663,3.4240711268625765,3.3351342144765352,3.3796026706695557,365600,0.0,0.0
1999-04-19 00:00:00-04:00,3.3796018698276615,3.4685387611389156,3.3796018698276615,3.468538761138916,315600,0.0,0.0
1999-04-20 00:00:00-04:00,3.468539189688767,3.601944543138335,3.468539189688767,3.513007640838623,335800,0.0,0.0
1999-04-21 00:00:00-04:00,3.490772983966729,3.55747565245017,3.401836092655475,3.468538761138916,99400,0.0,0.0
1999-04-22 00:00:00-04:00,3.4685400403779125,3.4685400403779125,3.0238554198166416,3.223963499069214,440000,0.0,0.0
1999-04-23 00:00:00-04:00,3.1794941914792094,3.357367992401123,3.068323065903013,3.357367992401123,107000,0.0,0.0
1999-04-26 00:00:00-04:00,3.3796027247111002,3.401836953163147,3.31290003935496,3.335134267807007,70200,0.0,0.0
1999-04-27 00:00:00-04:00,3.357368885237595,3.357368885237595,3.157260805985023,3.223963499069214,84600,0.0,0.0
1999-04-28 00:00:00-04:00,3.2684315824508667,3.4240711816151936,3.24619735399882,3.335134267807007,333800,0.0,0.0
1999-04-29 00:00:00-04:00,3.3351332141507055,3.4685385427167335,3.2906647712953627,3.4463043212890625,326800,0.0,0.0
1999-04-30 00:00:00-04:00,3.4685387611389156,3.5352414296223564,3.3351334241720343,3.468538761138916,216200,0.0,0.0
1999-05-03 00:00:00-04:00,3.468540304899216,3.6019457012414935,3.468540304899216,3.5574772357940674,254000,0.0,0.0
1999-05-04 00:00:00-04:00,3.55747744163371,3.6908828456949743,3.513008973613289,3.579711675643921,297000,0.0,0.0
1999-05-05 00:00:00-04:00,3.601945844896001,3.6241800785064697,3.5352431440645935,3.6241800785064697,228800,0.0,0.0
1999-05-06 00:00:00-04:00,3.6241798095586826,3.7575852013215787,3.6241798095586826,3.646414041519165,209600,0.0,0.0
1999-05-07 00:00:00-04:00,3.6464139515768266,3.735350877225042,3.624179720164773,3.7131166458129883,118200,0.0,0.0
1999-05-10 00:00:00-04:00,3.7131162958535535,3.8242874424359954,3.601945149271112,3.802053213119507,173600,0.0,0.0
1999-05-11 00:00:00-04:00,3.779817819595337,3.8465204869999607,3.757583597127129,3.779817819595337,130600,0.0,0.0
1999-05-12 00:00:00-04:00,3.7798189838030187,3.8242874424359954,3.75758475448653,3.802053213119507,276800,0.0,0.0
1999-05-13 00:00:00-04:00,3.824289083480835,3.8687575611957286,3.757586366908495,3.824289083480835,142200,0.0,0.0
1999-05-14 00:00:00-04:00,3.8020525458296377,3.8020525458296377,3.7131156441728037,3.7575840950012207,161000,0.0,0.0
1999-05-17 00:00:00-04:00,3.7353506088256836,3.7353506088256836,3.4685398510524204,3.7353506088256836,163000,0.0,0.0
1999-05-18 00:00:00-04:00,3.7353512799298323,3.7353512799298323,3.5797116432660894,3.6019458770751953,48200,0.0,0.0
1999-05-19 00:00:00-04:00,3.646414041519165,3.668648273479648,3.535242881716752,3.646414041519165,56200,0.0,0.0
1999-05-20 00:00:00-04:00,3.69088281231162,3.7131170461207264,3.6019458770751953,3.6019458770751953,75000,0.0,0.0
1999-05-21 00:00:00-04:00,3.646414166688919,3.646414166688919,3.5352430030703546,3.5574772357940674,140800,0.0,0.0
1999-05-24 00:00:00-04:00,3.5574761923257405,3.5574761923257405,3.335133930305382,3.4240708351135254,183800,0.0,0.0
1999-05-25 00:00:00-04:00,3.4240711268625765,3.4463053549590867,3.3351342144765352,3.3796026706695557,52200,0.0,0.0
1999-05-26 00:00:00-04:00,3.379602287389055,3.513007640838623,3.379602287389055,3.513007640838623,96200,0.0,0.0
1999-05-27 00:00:00-04:00,3.490773415263695,3.557476091988479,3.468539189688767,3.513007640838623,85200,0.0,0.0
1999-05-28 00:00:00-04:00,3.5352430030703546,3.5574772357940674,3.5130087703466417,3.5574772357940674,26800,0.0,0.0
1999-06-01 00:00:00-04:00,3.5352430030703546,3.6019457012414935,3.5130087703466417,3.5574772357940674,71800,0.0,0.0
1999-06-02 00:00:00-04:00,3.5352412069997476,3.601943871282762,3.424070099861391,3.4463043212890625,137800,0.0,0.0
1999-06-03 00:00:00-04:00,3.401836092655475,3.4685387611389156,3.3796018698276615,3.468538761138916,24400,0.0,0.0
1999-06-04 00:00:00-04:00,3.468540161278597,3.579711320293937,3.468540161278597,3.490774393081665,102800,0.0,0.0
1999-06-07 00:00:00-04:00,3.5352430030703546,3.5574772357940674,3.490774537622929,3.5574772357940674,46400,0.0,0.0
1999-06-08 00:00:00-04:00,3.513007640838623,3.557476091988479,3.490773415263695,3.513007640838623,22400,0.0,0.0
1999-06-09 00:00:00-04:00,3.490772764144405,3.5130069855720762,3.424070099861391,3.4463043212890625,29800,0.0,0.0
1999-06-10 00:00:00-04:00,3.446304964113839,3.513007640838623,3.446304964113839,3.513007640838623,13000,0.0,0.0
1999-06-11 00:00:00-04:00,3.513007206794543,3.55747565245017,3.4685387611389156,3.468538761138916,38800,0.0,0.0
1999-06-14 00:00:00-04:00,3.424070667746841,3.44630489286208,3.357367992401123,3.357367992401123,52800,0.0,0.0
1999-06-15 00:00:00-04:00,3.3796022175163625,3.4018364426316015,3.357367992401123,3.357367992401123,46800,0.0,0.0
1999-06-16 00:00:00-04:00,3.4018358784337197,3.446304321289062,3.3796016570060483,3.4463043212890625,59800,0.0,0.0
1999-06-17 00:00:00-04:00,3.446305929475529,3.490774393081665,3.4240716976724612,3.490774393081665,38200,0.0,0.0
1999-06-18 00:00:00-04:00,3.490774537622929,3.5797114685177807,3.490774537622929,3.5574772357940674,138400,0.0,0.0
1999-06-21 00:00:00-04:00,3.55747565245017,3.55747565245017,3.4240703154832888,3.468538761138916,14800,0.0,0.0
1999-06-22 00:00:00-04:00,3.357367646999848,3.4685387611389156,3.3351334241720343,3.468538761138916,86200,0.0,0.0
1999-06-23 00:00:00-04:00,3.4685385427167335,3.5130069855720762,3.446304321289062,3.4463043212890625,29000,0.0,0.0
1999-06-24 00:00:00-04:00,3.468540161278597,3.490774393081665,3.468540161278597,3.490774393081665,8200,0.0,0.0
1999-06-25 00:00:00-04:00,3.4685385427167335,3.4685385427167335,3.424070099861391,3.4463043212890625,12400,0.0,0.0
1999-06-28 00:00:00-04:00,3.490773513719633,3.513007739921669,3.4018366089114895,3.4240708351135254,39400,0.0,0.0
1999-06-29 00:00:00-04:00,3.379602287389055,3.513007640838623,3.379602287389055,3.513007640838623,77600,0.0,0.0
1999-06-30 00:00:00-04:00,3.535242881716752,3.646414041519165,3.424071721914338,3.646414041519165,168400,0.0,0.0
1999-07-01 00:00:00-04:00,3.6908820665370654,3.846521671752484,3.6464136079040887,3.802053213119507,163600,0.0,0.0
1999-07-02 00:00:00-04:00,3.7798193400491495,3.7798193400491495,3.6686481829888806,3.7131166458129883,72000,0.0,0.0
1999-07-06 00:00:00-04:00,3.7131170129483464,3.7131170129483464,3.6241800785064697,3.6241800785064697,30800,0.0,0.0
1999-07-07 00:00:00-04:00,3.668648273479648,3.668648273479648,3.6241798095586826,3.646414041519165,33600,0.0,0.0
1999-07-08 00:00:00-04:00,3.668647193344387,3.8020525458296377,3.5797102916875536,3.7575840950012207,155200,0.0,0.0
1999-07-09 00:00:00-04:00,3.7353504527698864,3.7353504527698864,3.6686477661132812,3.6686477661132812,26600,0.0,0.0
1999-07-12 00:00:00-04:00,3.69088281231162,3.69088281231162,3.6019458770751953,3.6019458770751953,25400,0.0,0.0
1999-07-13 00:00:00-04:00,3.6241798095586826,3.668648273479648,3.6019455775981997,3.646414041519165,22400,0.0,0.0
1999-07-14 00:00:00-04:00,3.624179720164773,3.735350877225042,3.601945488752719,3.7131166458129883,38400,0.0,0.0
1999-07-15 00:00:00-04:00,3.6908829281095823,3.8465225696563716,3.6908829281095823,3.846522569656372,126800,0.0,0.0
1999-07-16 00:00:00-04:00,3.8465212503176054,3.957692384719848,3.8242870234371567,3.9576923847198486,262800,0.0,0.0
1999-07-19 00:00:00-04:00,3.979927305231757,4.246738074297573,3.979927305231757,4.157801151275635,264600,0.0,0.0
1999-07-20 00:00:00-04:00,4.1578023792595,4.1578023792595,4.091099667292769,4.135568141937256,154600,0.0,0.0
1999-07-21 00:00:00-04:00,4.135565667403371,4.2245025634765625,4.091097219366776,4.2245025634765625,173800,0.0,0.0
1999-07-22 00:00:00-04:00,4.202268339458264,4.24673678749486,4.180034115439967,4.2245025634765625,69000,0.0,0.0
1999-07-23 00:00:00-04:00,4.224503462513288,4.291206148763497,4.224503462513288,4.268971920013428,98200,0.0,0.0
1999-07-26 00:00:00-04:00,4.224502894343162,4.44684515194017,4.068863314025256,4.357908248901367,364600,0.0,0.0
1999-07-27 00:00:00-04:00,4.357908723412491,4.669187917941954,4.357908723412491,4.558016777038574,506200,0.0,0.0
1999-07-28 00:00:00-04:00,4.558017936725061,4.602486404400428,4.535783702887378,4.580252170562744,77400,0.0,0.0
1999-07-29 00:00:00-04:00,4.5357818603515625,4.558016085157208,4.513547635545918,4.5357818603515625,171400,0.0,0.0
1999-07-30 00:00:00-04:00,4.535782548857898,4.58025100521925,4.535782548857898,4.558016777038574,133800,0.0,0.0
1999-08-02 00:00:00-04:00,4.602484608148512,4.6914215087890625,4.602484608148512,4.6914215087890625,261400,0.0,0.0
1999-08-03 00:00:00-04:00,4.669187917941954,4.713656374303306,4.535782548857898,4.558016777038574,210200,0.0,0.0
1999-08-04 00:00:00-04:00,4.5357817487513765,4.580250197268547,4.135565712096843,4.180034160614014,269800,0.0,0.0
1999-08-05 00:00:00-04:00,4.202269477844238,4.446846008300781,4.180035247802734,4.446846008300781,282000,0.0,0.0
1999-08-06 00:00:00-04:00,4.446846008300781,4.446846008300781,4.402377548217773,4.446846008300781,107400,0.0,0.0
1999-08-09 00:00:00-04:00,4.446844401093304,4.446844401093304,4.357907513071438,4.380141735076904,63400,0.0,0.0
1999-08-10 00:00:00-04:00,4.4246118357687285,4.4246118357687285,4.35790914477724,4.402377605438232,110000,0.0,0.0
1999-08-11 00:00:00-04:00,4.402377548217773,4.446846008300781,4.380143318176269,4.446846008300781,50800,0.0,0.0
1999-08-12 00:00:00-04:00,4.446846008300781,4.4690802383422845,4.424611778259277,4.446846008300781,54800,0.0,0.0
1999-08-13 00:00:00-04:00,4.446846008300781,4.446846008300781,4.424611778259277,4.446846008300781,39400,0.0,0.0
1999-08-16 00:00:00-04:00,4.446844793670806,4.46907901763916,4.446844793670806,4.46907901763916,27200,0.0,0.0
1999-08-17 00:00:00-04:00,4.446844793670806,4.491313241607514,4.446844793670806,4.46907901763916,53600,0.0,0.0
1999-08-18 00:00:00-04:00,4.4690802383422845,4.4690802383422845,4.402377548217773,4.446846008300781,27800,0.0,0.0
1999-08-19 00:00:00-04:00,4.446847367994856,4.491315841674805,4.402378894314908,4.491315841674805,70800,0.0,0.0
1999-08-20 00:00:00-04:00,4.446846008300781,4.446846008300781,4.424611778259277,4.446846008300781,47000,0.0,0.0
1999-08-23 00:00:00-04:00,4.446844961128983,4.558016085157208,4.446844961128983,4.5357818603515625,56000,0.0,0.0
1999-08-24 00:00:00-04:00,4.5357824961344395,4.62471940782335,4.5357824961344395,4.602485179901123,192200,0.0,0.0
1999-08-25 00:00:00-04:00,4.602485233399926,4.602485233399926,4.535782548857898,4.558016777038574,31600,0.0,0.0
1999-08-26 00:00:00-04:00,4.558016085157208,4.6024845347684975,4.5357818603515625,4.5357818603515625,46800,0.0,0.0
1999-08-27 00:00:00-04:00,4.535782548857898,4.558016777038574,4.535782548857898,4.558016777038574,21600,0.0,0.0
1999-08-30 00:00:00-04:00,4.58025100521925,4.624719461580602,4.558016777038574,4.558016777038574,52600,0.0,0.0
1999-08-31 00:00:00-04:00,4.5357843153547535,4.558018552194728,4.446847367994856,4.491315841674805,129800,0.0,0.0
1999-09-01 00:00:00-04:00,4.491314468383789,4.491314468383789,4.335674858093261,4.446846008300781,84600,0.0,0.0
1999-09-02 00:00:00-04:00,4.446845797438119,4.446845797438119,4.335674652502165,4.424611568450928,52000,0.0,0.0
1999-09-03 00:00:00-04:00,4.4246100580751015,4.580249607856638,4.4246100580751015,4.513546943664551,135600,0.0,0.0
1999-09-07 00:00:00-04:00,4.5357820549789745,4.5357820549789745,4.313439797381966,4.357908248901367,158400,0.0,0.0
1999-09-08 00:00:00-04:00,4.357908129067945,4.357908129067945,4.202268553029804,4.246737003326416,163200,0.0,0.0
1999-09-09 00:00:00-04:00,4.224503305223252,4.224503305223252,4.1800348493787975,4.202269077301025,55800,0.0,0.0
1999-09-10 00:00:00-04:00,4.180035992398288,4.180035992398288,4.068864822387695,4.068864822387695,88200,0.0,0.0
1999-09-13 00:00:00-04:00,4.091099667292769,4.135568141937256,4.091099667292769,4.135568141937256,75600,0.0,0.0
1999-09-14 00:00:00-04:00,4.091098090012868,4.291206148763497,4.091098090012868,4.268971920013428,54400,0.0,0.0
1999-09-15 00:00:00-04:00,4.291207803192959,4.291207803192959,4.002162718003796,4.135568141937256,65800,0.0,0.0
1999-09-16 00:00:00-04:00,4.091095671782623,4.113329887390137,4.002158809352566,4.113329887390137,73600,0.0,0.0
1999-09-17 00:00:00-04:00,4.068863709767659,4.224503305223252,4.068863709767659,4.202269077301025,36200,0.0,0.0
1999-09-20 00:00:00-04:00,4.224503305223252,4.224503305223252,4.202269077301025,4.202269077301025,15200,0.0,0.0
1999-09-21 00:00:00-04:00,4.180034160614014,4.224502609131184,4.135565712096843,4.180034160614014,46600,0.0,0.0
1999-09-22 00:00:00-04:00,4.202268339458264,4.268971011513158,4.180034115439967,4.2245025634765625,11600,0.0,0.0
1999-09-23 00:00:00-04:00,4.268971011513158,4.268971011513158,4.202268339458264,4.2245025634765625,35400,0.0,0.0
1999-09-24 00:00:00-04:00,4.1800348493787975,4.1800348493787975,3.9799267980787487,4.002161026000977,60000,0.0,0.0
1999-09-27 00:00:00-04:00,4.180035247802734,4.491314468383789,4.180035247802734,4.446846008300781,174200,0.0,0.0
1999-09-28 00:00:00-04:00,4.424610736323338,4.5357818603515625,4.357908061906404,4.5357818603515625,56200,0.0,0.0
1999-09-29 00:00:00-04:00,4.491313241607514,4.513547465575868,4.313439449860682,4.46907901763916,107400,0.0,0.0
1999-09-30 00:00:00-04:00,4.513546943664551,4.513546943664551,4.380141615280377,4.513546943664551,59800,0.0,0.0
1999-10-01 00:00:00-04:00,4.513550078514779,4.5357843153547535,4.446847367994856,4.491315841674805,46800,0.0,0.0
1999-10-04 00:00:00-04:00,4.446844279472463,4.513546943664551,4.357907393883014,4.513546943664551,35800,0.0,0.0
1999-10-05 00:00:00-04:00,4.469079185934628,4.5357818603515625,4.424610736323338,4.5357818603515625,51200,0.0,0.0
1999-10-06 00:00:00-04:00,4.5357811650619135,4.558015386459275,4.469078500869826,4.513546943664551,25800,0.0,0.0
1999-10-07 00:00:00-04:00,4.491315235212011,4.602486404400428,4.491315235212011,4.580252170562744,70600,0.0,0.0
1999-10-08 00:00:00-04:00,4.580252170562744,4.669189105913477,4.5135494690496945,4.580252170562744,113200,0.0,0.0
1999-10-11 00:00:00-04:00,4.558016085157208,4.580250309962852,4.5357818603515625,4.5357818603515625,17000,0.0,0.0
1999-10-12 00:00:00-04:00,4.513547078921245,4.624718189239502,4.4913128568575935,4.624718189239502,84200,0.0,0.0
1999-10-13 00:00:00-04:00,4.624718189239502,4.624718189239502,4.602483967175851,4.624718189239502,24600,0.0,0.0
1999-10-14 00:00:00-04:00,4.602486404400428,4.646954872075794,4.580252170562744,4.580252170562744,132000,0.0,0.0
1999-10-15 00:00:00-04:00,4.535782987421209,4.558017217751705,4.402377605438232,4.402377605438232,39000,0.0,0.0
1999-10-18 00:00:00-04:00,4.402378894314908,4.491315841674805,4.357910420634959,4.491315841674805,25800,0.0,0.0
1999-10-19 00:00:00-04:00,4.469081123058612,4.469081123058612,4.3356757164001465,4.3356757164001465,39000,0.0,0.0
1999-10-20 00:00:00-04:00,4.446845693686574,4.446845693686574,4.1800349520653794,4.313440322875977,57800,0.0,0.0
1999-10-21 00:00:00-04:00,4.291205571622265,4.402376700420769,4.291205571622265,4.357908248901367,24600,0.0,0.0
1999-10-22 00:00:00-04:00,4.357909950843224,4.402378419729379,4.291207247513991,4.3356757164001465,39600,0.0,0.0
1999-10-25 00:00:00-04:00,4.313441069014949,4.38014376595848,4.2912068367004395,4.2912068367004395,28800,0.0,0.0
1999-10-26 00:00:00-04:00,4.291206148763497,4.402377292513847,4.268971920013428,4.268971920013428,22200,0.0,0.0
1999-10-27 00:00:00-04:00,4.268971865939111,4.402377236749708,4.268971865939111,4.313440322875977,252400,0.0,0.0
1999-10-28 00:00:00-04:00,4.313439678771333,4.357908129067945,4.091097427288275,4.246737003326416,29600,0.0,0.0
1999-10-29 00:00:00-04:00,4.224503843542089,4.224503843542089,4.113332689764666,4.157801151275635,25800,0.0,0.0
1999-11-01 00:00:00-05:00,4.135565877584887,4.246737003326416,4.113331652436581,4.246737003326416,40400,0.0,0.0
1999-11-02 00:00:00-05:00,4.246737937927246,4.491314468383789,4.2245037078857415,4.446846008300781,30200,0.0,0.0
1999-11-03 00:00:00-05:00,4.402377236749708,4.402377236749708,4.291206094407544,4.313440322875977,32400,0.0,0.0
1999-11-04 00:00:00-05:00,4.313440766564027,4.313440766564027,4.13556692052015,4.157801151275635,28600,0.0,0.0
1999-11-05 00:00:00-05:00,4.15780062145657,4.15780062145657,3.957692570156521,4.002161026000977,105600,0.0,0.0
1999-11-08 00:00:00-05:00,4.002162185163129,4.0243964195251465,4.002162185163129,4.0243964195251465,29600,0.0,0.0
1999-11-09 00:00:00-05:00,4.002162185163129,4.0243964195251465,3.957693716439094,4.0243964195251465,44600,0.0,0.0
1999-11-10 00:00:00-05:00,4.002161445198478,4.091098366202889,4.002161445198478,4.046629905700684,63200,0.0,0.0
1999-11-11 00:00:00-05:00,4.046630720852474,4.091099190312391,3.979928016662598,3.9799280166625977,91400,0.0,0.0
1999-11-12 00:00:00-05:00,3.9576922449572334,3.979926471052499,3.8687553405761723,3.868755340576172,174000,0.0,0.0
1999-11-15 00:00:00-05:00,3.8687547094681687,3.8687547094681687,3.6908809297225056,3.779817819595337,72400,0.0,0.0
1999-11-16 00:00:00-05:00,3.757583597127129,3.824286264531753,3.757583597127129,3.779817819595337,47600,0.0,0.0
1999-11-17 00:00:00-05:00,3.7575846816554215,3.7575846816554215,3.6686477661132812,3.6686477661132812,69400,0.0,0.0
1999-11-18 00:00:00-05:00,3.668648578502514,3.69088281231162,3.5130089418387707,3.6019458770751953,170800,0.0,0.0
1999-11-19 00:00:00-05:00,3.646414166688919,3.646414166688919,3.5574772357940674,3.5574772357940674,69400,0.0,0.0
1999-11-22 00:00:00-05:00,3.557476495441638,3.601944951634658,3.3796026706695557,3.3796026706695557,70600,0.0,0.0
1999-11-23 00:00:00-05:00,3.379602895842658,3.379602895842658,3.1127921409077115,3.2017290592193604,271400,0.0,0.0
1999-11-24 00:00:00-05:00,3.2017290592193604,3.2017290592193604,3.1127921409077115,3.2017290592193604,227600,0.0,0.0
1999-11-26 00:00:00-05:00,3.2017290592193604,3.2017290592193604,3.179494829641448,3.2017290592193604,24400,0.0,0.0
1999-11-29 00:00:00-05:00,3.1794950370130866,3.223963499069214,3.068323881872769,3.223963499069214,59400,0.0,0.0
1999-11-30 00:00:00-05:00,3.2017290592193604,3.290665977531009,3.179494829641448,3.2017290592193604,321000,0.0,0.0
1999-12-01 00:00:00-05:00,3.157260714258466,3.179494944640568,3.0905580231121608,3.1127922534942627,62800,0.0,0.0
1999-12-02 00:00:00-05:00,3.11279228265337,3.11279228265337,3.068323821472607,3.0905580520629883,40000,0.0,0.0
1999-12-03 00:00:00-05:00,3.0905580814333926,3.201729235441788,3.068323850631714,3.068323850631714,63200,0.0,0.0
1999-12-06 00:00:00-05:00,3.046089086823791,3.112791767557159,2.9126837253570557,2.9126837253570557,55200,0.0,0.0
1999-12-07 00:00:00-05:00,2.8682152715348104,3.0238548599126687,2.8682152715348104,2.9126837253570557,127000,0.0,0.0
1999-12-08 00:00:00-05:00,2.912683534991834,2.912683534991834,2.534701702206634,2.8682150840759277,150400,0.0,0.0
1999-12-09 00:00:00-05:00,2.823747258526938,3.157260714258466,2.801513028144836,3.1127922534942627,134600,0.0,0.0
1999-12-10 00:00:00-05:00,3.15726077383843,3.15726077383843,3.0238553890283555,3.068323850631714,118000,0.0,0.0
1999-12-13 00:00:00-05:00,3.068323681751887,3.290665977531009,3.068323681751887,3.2017290592193604,156800,0.0,0.0
1999-12-14 00:00:00-05:00,3.1572596810080786,3.1794939041137695,2.934917449951172,2.934917449951172,153800,0.0,0.0
1999-12-15 00:00:00-05:00,2.934918465821639,3.112792312235072,2.890450004218281,3.068323850631714,34000,0.0,0.0
1999-12-16 00:00:00-05:00,3.11279228265337,3.268431896786038,3.068323821472607,3.0905580520629883,81800,0.0,0.0
1999-12-17 00:00:00-05:00,3.1127922534942627,3.1127922534942627,3.023855331965855,3.1127922534942627,60600,0.0,0.0
1999-12-20 00:00:00-05:00,3.068322788585316,3.090557011691007,2.934917449951172,2.934917449951172,39800,0.0,0.0
1999-12-21 00:00:00-05:00,2.890449285507202,2.9126835107803344,2.8015123844146728,2.890449285507202,179600,0.0,0.0
1999-12-22 00:00:00-05:00,2.8904489825542705,3.0238543202106216,2.8904489825542705,2.9571516513824463,70000,0.0,0.0
1999-12-23 00:00:00-05:00,2.9793875217437744,3.023855992217562,2.868216345559305,2.9793875217437744,151600,0.0,0.0
1999-12-27 00:00:00-05:00,3.001621756980668,3.023855992217562,2.7570451693748357,2.9793875217437744,179400,0.0,0.0
1999-12-28 00:00:00-05:00,2.9793869274249976,3.0905580814333926,2.9571526966233184,3.068323850631714,213600,0.0,0.0
1999-12-29 00:00:00-05:00,3.0683234263868893,3.0683234263868893,2.9793865154771244,3.023854970932007,144000,0.0,0.0
1999-12-30 00:00:00-05:00,3.0238553890283555,3.112792312235072,3.0016211582266763,3.068323850631714,135400,0.0,0.0
1999-12-31 00:00:00-05:00,3.068323708914377,3.201729087562828,3.046089479139635,3.179494857788086,66200,0.0,0.0
2000-01-03 00:00:00-05:00,3.135026109569213,3.1572603372966546,3.023854970932007,3.023854970932007,88400,0.0,0.0
2000-01-04 00:00:00-05:00,3.023854970932007,3.1127918818417717,3.023854970932007,3.023854970932007,70200,0.0,0.0
2000-01-05 00:00:00-05:00,3.0238553890283555,3.0905580814333926,3.0238553890283555,3.068323850631714,64000,0.0,0.0
2000-01-06 00:00:00-05:00,3.023855360291845,3.11279228265337,3.023855360291845,3.0905580520629883,20200,0.0,0.0
2000-01-07 00:00:00-05:00,3.1350253747434036,3.424070267450242,3.1350253747434036,3.268430709838867,53800,0.0,0.0
2000-01-10 00:00:00-05:00,3.268430755688594,3.513007206794543,3.268430755688594,3.468538761138916,232800,0.0,0.0
2000-01-11 00:00:00-05:00,3.4685385427167335,3.4685385427167335,3.424070099861391,3.4463043212890625,53400,0.0,0.0
2000-01-12 00:00:00-05:00,3.4240703154832888,3.4685387611389156,3.401836092655475,3.468538761138916,85000,0.0,0.0
2000-01-13 00:00:00-05:00,3.4240709460756316,3.557476307611046,3.4240709460756316,3.5352420806884766,54600,0.0,0.0
2000-01-14 00:00:00-05:00,3.5352414296223564,3.55747565245017,3.4685387611389156,3.468538761138916,113600,0.0,0.0
2000-01-18 00:00:00-05:00,3.468539189688767,3.513007640838623,3.468539189688767,3.513007640838623,44000,0.0,0.0
2000-01-19 00:00:00-05:00,3.490773415263695,3.557476091988479,3.490773415263695,3.513007640838623,38600,0.0,0.0
2000-01-20 00:00:00-05:00,3.490774393081665,3.490774393081665,3.468540161278597,3.490774393081665,124200,0.0,0.0
2000-01-21 00:00:00-05:00,3.468540161278597,3.513008624884733,3.468540161278597,3.490774393081665,61800,0.0,0.0
2000-01-24 00:00:00-05:00,3.490772983966729,3.513007206794543,3.4685387611389156,3.468538761138916,226800,0.0,0.0
2000-01-25 00:00:00-05:00,3.4685387611389156,3.490772983966729,3.4463045383111024,3.468538761138916,74000,0.0,0.0
2000-01-26 00:00:00-05:00,3.468540161278597,3.490774393081665,3.468540161278597,3.490774393081665,325200,0.0,0.0
2000-01-27 00:00:00-05:00,3.490774393081665,3.490774393081665,3.468540161278597,3.490774393081665,40200,0.0,0.0
2000-01-28 00:00:00-05:00,3.468540161278597,3.490774393081665,3.468540161278597,3.490774393081665,49000,0.0,0.0
2000-01-31 00:00:00-05:00,3.513008624884733,3.513008624884733,3.468540161278597,3.490774393081665,29800,0.0,0.0
2000-02-01 00:00:00-05:00,3.490773415263695,3.5352418664135508,3.490773415263695,3.513007640838623,127200,0.0,0.0
2000-02-02 00:00:00-05:00,3.5352418664135508,3.5352418664135508,3.513007640838623,3.513007640838623,167200,0.0,0.0
2000-02-03 00:00:00-05:00,3.5130089418387707,3.6019458770751953,3.5130089418387707,3.6019458770751953,165600,0.0,0.0
2000-02-04 00:00:00-05:00,3.5574766216856064,3.6908819949988163,3.5574766216856064,3.6686477661132812,73200,0.0,0.0
2000-02-07 00:00:00-05:00,3.6908822059631348,3.6908822059631348,3.6019452853375173,3.6908822059631348,45000,0.0,0.0
2000-02-08 00:00:00-05:00,3.6908822059631348,3.7353506662759437,3.6686479758067305,3.6908822059631348,34600,0.0,0.0
2000-02-09 00:00:00-05:00,3.6908819949988163,3.6908819949988163,3.6464135372277466,3.6686477661132812,79800,0.0,0.0
2000-02-10 00:00:00-05:00,3.646414377674553,3.646414377674553,3.55747744163371,3.579711675643921,62800,0.0,0.0
2000-02-11 00:00:00-05:00,3.5574761923257405,3.5574761923257405,3.3796023827094537,3.4240708351135254,80400,0.0,0.0
2000-02-14 00:00:00-05:00,3.4018366089114895,3.4463050613155612,3.4018366089114895,3.4240708351135254,94000,0.0,0.0
2000-02-15 00:00:00-05:00,3.4018368987660663,3.4463053549590867,3.3796026706695557,3.3796026706695557,35200,0.0,0.0
2000-02-16 00:00:00-05:00,3.3351340809383907,3.3796025353509025,3.268431399319623,3.290665626525879,50800,0.0,0.0
2000-02-17 00:00:00-05:00,3.3128991548706885,3.3128991548706885,3.201728042291135,3.268430709838867,59800,0.0,0.0
2000-02-18 00:00:00-05:00,3.246199333921392,3.246199333921392,3.1127938818424306,3.135028123855591,41200,0.0,0.0
2000-02-22 00:00:00-05:00,3.0905586979282433,3.1127929331651374,2.9793875217437744,2.9793875217437744,37400,0.0,0.0
2000-02-23 00:00:00-05:00,2.9793875217437744,3.023855992217562,2.9793875217437744,2.9793875217437744,60600,0.0,0.0
2000-02-24 00:00:00-05:00,3.00162102494921,3.00162102494921,2.7570444969903853,2.8015129566192627,45800,0.0,0.0
2000-02-25 00:00:00-05:00,2.84598141624814,2.84598141624814,2.8015129566192627,2.8015129566192627,27600,0.0,0.0
2000-02-28 00:00:00-05:00,2.8237478733062744,2.8459821085291583,2.779279402860506,2.8237478733062744,31800,0.0,0.0
2000-02-29 00:00:00-05:00,2.8237478750855174,2.9793875217437744,2.7792794046117297,2.9793875217437744,46800,0.0,0.0
2000-03-01 00:00:00-05:00,3.001621756980668,3.0460902274544557,2.9793875217437744,2.9793875217437744,25400,0.0,0.0
2000-03-02 00:00:00-05:00,3.001620633001546,3.001620633001546,2.8904494984459332,2.9126837253570557,53400,0.0,0.0
2000-03-03 00:00:00-05:00,2.9126848141978106,2.9126848141978106,2.8237478733062744,2.8237478733062744,17600,0.0,0.0
2000-03-06 00:00:00-05:00,2.84598147484564,2.84598147484564,2.757044553756714,2.757044553756714,53200,0.0,0.0
2000-03-07 00:00:00-05:00,2.757044553756714,2.7792787840289455,2.7125760932122507,2.757044553756714,94800,0.0,0.0
2000-03-08 00:00:00-05:00,2.757044525146484,2.7792787551879883,2.7125760650634763,2.7792787551879883,31800,0.0,0.0
2000-03-09 00:00:00-05:00,2.7570438617613258,2.7570438617613258,2.7125754123780785,2.734809637069702,101600,0.0,0.0
2000-03-10 00:00:00-05:00,2.779278627111892,2.779278627111892,2.6903417110443115,2.6903417110443115,95800,0.0,0.0
2000-03-13 00:00:00-05:00,2.6903410176436107,2.7348094642162324,2.6681067943573,2.6681067943573,73400,0.0,0.0
2000-03-14 00:00:00-05:00,2.6681070568180885,2.6903412822915724,2.6458728313446045,2.6458728313446045,39600,0.0,0.0
2000-03-15 00:00:00-05:00,2.6458732530105213,2.712575940061207,2.5569363369429405,2.6903417110443115,126200,0.0,0.0
2000-03-16 00:00:00-05:00,2.690341258049011,2.890449285507202,2.668107032775879,2.890449285507202,847400,0.0,0.0
2000-03-17 00:00:00-05:00,2.8459815155687953,3.0905580520629883,2.8459815155687953,3.0905580520629883,43600,0.0,0.0
2000-03-20 00:00:00-05:00,3.2239627992952022,3.4240708351135254,3.2017285730931664,3.4240708351135254,103200,0.0,0.0
2000-03-21 00:00:00-05:00,3.3796022175163625,3.3796022175163625,3.2906653170554057,3.357367992401123,19600,0.0,0.0
2000-03-22 00:00:00-05:00,3.357368787697383,3.4685399396078926,3.1127922534942627,3.1127922534942627,209600,0.0,0.0
2000-03-23 00:00:00-05:00,3.1127921684638604,3.201729087562828,3.1127921684638604,3.179494857788086,100200,0.0,0.0
2000-03-24 00:00:00-05:00,3.179494857788086,3.22396331733757,3.179494857788086,3.179494857788086,18600,0.0,0.0
2000-03-27 00:00:00-05:00,3.2017293580820865,3.2017293580820865,3.112792431468695,3.1572608947753906,10400,0.0,0.0
2000-03-28 00:00:00-05:00,3.2017289232087616,3.357368523642521,3.1127920086751852,3.3129000663757324,264200,0.0,0.0
2000-03-29 00:00:00-05:00,3.31290003935496,3.401836953163147,3.2017288970947266,3.335134267807007,48400,0.0,0.0
2000-03-30 00:00:00-05:00,3.2906660066617954,3.357368695986021,3.179494857788086,3.179494857788086,47600,0.0,0.0
2000-03-31 00:00:00-05:00,3.223965091908232,3.223965091908232,2.934919945737149,3.135028123855591,87800,0.0,0.0
2000-04-03 00:00:00-04:00,3.1794966078819114,3.1794966078819114,3.135028123855591,3.135028123855591,10600,0.0,0.0
2000-04-04 00:00:00-04:00,3.1350256390041777,3.1350256390041777,2.912683395103172,3.001620292663574,77400,0.0,0.0
2000-04-05 00:00:00-04:00,2.979386023361317,3.0905571436359933,2.934917575251447,3.046088695526123,24400,0.0,0.0
2000-04-06 00:00:00-04:00,3.068322919581058,3.0905571436359933,3.046088695526123,3.046088695526123,27400,0.0,0.0
2000-04-07 00:00:00-04:00,3.0683239681619994,3.1572608947753906,3.0238555048553035,3.1572608947753906,105000,0.0,0.0
2000-04-10 00:00:00-04:00,3.201729235441788,3.201729235441788,3.068323850631714,3.068323850631714,118400,0.0,0.0
2000-04-11 00:00:00-04:00,3.068322919581058,3.068322919581058,3.023854471471188,3.046088695526123,123800,0.0,0.0
2000-04-12 00:00:00-04:00,3.0460887414437754,3.0683229658338758,3.001620292663574,3.001620292663574,55400,0.0,0.0
2000-04-13 00:00:00-04:00,2.9571522877496834,3.0460891986594483,2.934918060022242,3.023854970932007,70000,0.0,0.0
2000-04-14 00:00:00-04:00,3.0238543423739346,3.0238543423739346,2.912683226845481,2.934917449951172,95000,0.0,0.0
2000-04-17 00:00:00-04:00,2.9126848160330927,3.001621756980668,2.9126848160330927,2.9793875217437744,45600,0.0,0.0
2000-04-18 00:00:00-04:00,2.9793875217437744,3.023855992217562,2.9126848160330927,2.9793875217437744,65200,0.0,0.0
2000-04-19 00:00:00-04:00,2.979387041548608,3.2017293580820865,2.979387041548608,3.1572608947753906,55200,0.0,0.0
2000-04-20 00:00:00-04:00,3.1794951264287383,3.223963589735434,3.1572608947753906,3.1572608947753906,45800,0.0,0.0
2000-04-24 00:00:00-04:00,3.135026543036751,3.135026543036751,3.0460896198300347,3.068323850631714,17400,0.0,0.0
2000-04-25 00:00:00-04:00,3.023855992217562,3.023855992217562,2.890450580796199,2.9793875217437744,74400,0.0,0.0
2000-04-26 00:00:00-04:00,3.001620743204566,3.0683234263868893,2.9793865154771244,3.023854970932007,43200,0.0,0.0
2000-04-27 00:00:00-04:00,2.979386023361317,3.0905571436359933,2.979386023361317,3.046088695526123,19000,0.0,0.0
2000-04-28 00:00:00-04:00,3.0905580520629883,3.0905580520629883,2.9571526685207012,3.0905580520629883,46600,0.0,0.0
2000-05-01 00:00:00-04:00,3.068323850631714,3.15726077383843,2.9793869274249976,3.068323850631714,48800,0.0,0.0
2000-05-02 00:00:00-04:00,3.068323850631714,3.068323850631714,3.0460896198300347,3.068323850631714,2800,0.0,0.0
2000-05-03 00:00:00-04:00,3.068322788585316,3.068322788585316,2.934917449951172,2.934917449951172,16000,0.0,0.0
2000-05-04 00:00:00-04:00,2.934917449951172,2.934917449951172,2.779277888211337,2.934917449951172,58800,0.0,0.0
2000-05-05 00:00:00-04:00,2.934918465821639,3.068323850631714,2.91268423501996,3.068323850631714,28400,0.0,0.0
2000-05-08 00:00:00-04:00,3.112792312235072,3.2906661586485044,3.068323850631714,3.068323850631714,39000,0.0,0.0
2000-05-09 00:00:00-04:00,3.0683229658338758,3.0683229658338758,2.979386068273474,3.001620292663574,20200,0.0,0.0
2000-05-10 00:00:00-04:00,2.957152565320333,2.957152565320333,2.779278726804824,2.8015129566192627,53400,0.0,0.0
2000-05-11 00:00:00-04:00,2.8015129566192627,2.890449875877017,2.8015129566192627,2.8015129566192627,133600,0.0,0.0
2000-05-12 00:00:00-04:00,2.845980679031706,3.1127913676909285,2.845980679031706,3.046088695526123,210400,0.0,0.0
2000-05-15 00:00:00-04:00,3.068323681751887,3.2017290592193604,3.068323681751887,3.2017290592193604,34200,0.0,0.0
2000-05-16 00:00:00-04:00,3.2461964873229565,3.3796018224184206,3.2461964873229565,3.268430709838867,73600,0.0,0.0
2000-05-17 00:00:00-04:00,3.2684314759338604,3.290665703661302,3.023854970932007,3.023854970932007,187200,0.0,0.0
2000-05-18 00:00:00-04:00,3.068323708914377,3.22396331733757,3.068323708914377,3.179494857788086,45400,0.0,0.0
2000-05-19 00:00:00-04:00,3.357368695986021,3.357368695986021,3.179494857788086,3.179494857788086,117200,0.0,0.0
2000-05-22 00:00:00-04:00,3.1572606280133444,3.179494857788086,3.1350263982386024,3.179494857788086,84400,0.0,0.0
2000-05-23 00:00:00-04:00,3.1572606280133444,3.22396331733757,3.1572606280133444,3.179494857788086,19800,0.0,0.0
2000-05-24 00:00:00-04:00,3.1350263704856234,3.2017290592193604,3.1350263704856234,3.2017290592193604,99600,0.0,0.0
2000-05-25 00:00:00-04:00,3.201729087562828,3.22396331733757,3.179494857788086,3.179494857788086,92000,0.0,0.0
2000-05-26 00:00:00-04:00,3.1794966078819114,3.2017308498950716,3.1127938818424306,3.135028123855591,219800,0.0,0.0
2000-05-30 00:00:00-04:00,3.1350263982386024,3.22396331733757,3.1350263982386024,3.179494857788086,66800,0.0,0.0
2000-05-31 00:00:00-04:00,3.201729087562828,3.2906660066617954,3.179494857788086,3.179494857788086,210800,0.0,0.0
2000-06-01 00:00:00-04:00,3.179494829641448,3.2017290592193604,3.179494829641448,3.2017290592193604,9600,0.0,0.0
2000-06-02 00:00:00-04:00,3.201728298239512,3.2684309711195016,3.201728298239512,3.246196746826172,72800,0.0,0.0
2000-06-05 00:00:00-04:00,3.246196746826172,3.2684309711195016,3.246196746826172,3.246196746826172,53800,0.0,0.0
2000-06-06 00:00:00-04:00,3.246196746826172,3.2684309711195016,3.246196746826172,3.246196746826172,29400,0.0,0.0
2000-06-07 00:00:00-04:00,3.246196746826172,3.246196746826172,3.246196746826172,3.246196746826172,219000,0.0,0.0
2000-06-08 00:00:00-04:00,3.2684309711195016,3.2684309711195016,3.2239625225328417,3.246196746826172,27400,0.0,0.0
2000-06-09 00:00:00-04:00,3.2461964873229565,3.268430709838867,3.223962264807046,3.268430709838867,115400,0.0,0.0
2000-06-12 00:00:00-04:00,3.2461977300972773,3.2684319611253407,3.223963499069214,3.223963499069214,61400,0.0,0.0
2000-06-13 00:00:00-04:00,3.223962264807046,3.290664932354778,3.223962264807046,3.268430709838867,43000,0.0,0.0
2000-06-14 00:00:00-04:00,3.2684316091089443,3.312900066375733,3.2684316091089443,3.3129000663757324,92000,0.0,0.0
2000-06-15 00:00:00-04:00,3.3351342144765352,3.4240711268625765,3.312899986380025,3.3796026706695557,133400,0.0,0.0
2000-06-16 00:00:00-04:00,3.4018368987660663,3.4018368987660663,3.3573684425730455,3.3796026706695557,59000,0.0,0.0
2000-06-19 00:00:00-04:00,3.3796027247111002,3.3796027247111002,3.335134267807007,3.335134267807007,140000,0.0,0.0
2000-06-20 00:00:00-04:00,3.335134267807007,3.3573684962590535,3.335134267807007,3.335134267807007,76600,0.0,0.0
2000-06-21 00:00:00-04:00,3.335133377386599,3.3796018224184206,3.2461964873229565,3.268430709838867,105200,0.0,0.0
2000-06-22 00:00:00-04:00,3.2461964873229565,3.268430709838867,3.2461964873229565,3.268430709838867,10200,0.0,0.0
2000-06-23 00:00:00-04:00,3.2684319611253407,3.2684319611253407,3.20172926804115,3.223963499069214,195600,0.0,0.0
2000-06-26 00:00:00-04:00,3.2017290592193604,3.2239632887972727,3.179494829641448,3.2017290592193604,197800,0.0,0.0
2000-06-27 00:00:00-04:00,3.2017290592193604,3.2461975183751846,3.2017290592193604,3.2017290592193604,63600,0.0,0.0
2000-06-28 00:00:00-04:00,3.20172926804115,3.223963499069214,3.20172926804115,3.223963499069214,295800,0.0,0.0
2000-06-29 00:00:00-04:00,3.268432579823394,3.3351352855340757,2.9126848160330927,2.9793875217437744,117400,0.0,0.0
2000-06-30 00:00:00-04:00,2.9571518310128826,3.290665195412832,2.890449158132893,3.246196746826172,277800,0.0,0.0
2000-07-03 00:00:00-04:00,3.2461964873229565,3.290664932354778,3.2461964873229565,3.268430709838867,9800,0.0,0.0
2000-07-05 00:00:00-04:00,3.223963499069214,3.2684319611253407,3.157260805985023,3.223963499069214,59600,0.0,0.0
2000-07-06 00:00:00-04:00,3.179494857788086,3.22396331733757,3.090557938689119,3.179494857788086,32000,0.0,0.0
2000-07-07 00:00:00-04:00,3.1794946178009638,3.3796026706695557,3.112791933511433,3.3796026706695557,93800,0.0,0.0
2000-07-10 00:00:00-04:00,3.335134295009127,3.379602752275915,3.312900066375733,3.3129000663757324,44200,0.0,0.0
2000-07-11 00:00:00-04:00,3.3128998537321346,3.3128998537321346,3.2461971721133667,3.290665626525879,17200,0.0,0.0
2000-07-12 00:00:00-04:00,3.279548204497786,3.357367992401123,3.279548204497786,3.357367992401123,71600,0.0,0.0
2000-07-13 00:00:00-04:00,3.3351332141507055,3.446304321289062,3.312898992723034,3.4463043212890625,58200,0.0,0.0
2000-07-14 00:00:00-04:00,3.4685385834937,3.4907728051827625,3.3573674750483895,3.4018359184265137,159000,0.0,0.0
2000-07-17 00:00:00-04:00,3.401836980909309,3.401836980909309,3.24619738047555,3.3129000663757324,42400,0.0,0.0
2000-07-18 00:00:00-04:00,3.312900423181468,3.312900423181468,3.20172926804115,3.223963499069214,38200,0.0,0.0
2000-07-19 00:00:00-04:00,3.22396331733757,3.22396331733757,3.1350263982386024,3.179494857788086,16000,0.0,0.0
2000-07-20 00:00:00-04:00,3.20172926804115,3.2461977300972773,3.157260805985023,3.223963499069214,37000,0.0,0.0
2000-07-21 00:00:00-04:00,3.2017290592193604,3.2017290592193604,3.0460894521739745,3.2017290592193604,97600,0.0,0.0
2000-07-24 00:00:00-04:00,3.22396331733757,3.2684317768870534,3.090557938689119,3.179494857788086,249000,0.0,0.0
2000-07-25 00:00:00-04:00,3.1461436285389413,3.157260743834132,3.0905580520629883,3.0905580520629883,42600,0.0,0.0
2000-07-26 00:00:00-04:00,3.1127929331651374,3.1127929331651374,2.9793875217437744,2.9793875217437744,40600,0.0,0.0
2000-07-27 00:00:00-04:00,3.0238551944494247,3.0238551944494247,2.8459813594818115,2.8459813594818115,69800,0.0,0.0
2000-07-28 00:00:00-04:00,2.8459821085291583,2.8904505789749266,2.8237478733062744,2.8237478733062744,97400,0.0,0.0
2000-07-31 00:00:00-04:00,2.8459814453125,2.8459814453125,2.7125760650634763,2.7792787551879883,82400,0.0,0.0
2000-08-01 00:00:00-04:00,2.7792787840289455,2.8015130143011766,2.757044553756714,2.757044553756714,162000,0.0,0.0
2000-08-02 00:00:00-04:00,2.7792787840289455,2.8015130143011766,2.757044553756714,2.757044553756714,145800,0.0,0.0
2000-08-03 00:00:00-04:00,2.6903417110443115,2.712575940061207,2.6903417110443115,2.6903417110443115,15400,0.0,0.0
2000-08-04 00:00:00-04:00,2.690340974291817,2.7125751972198486,2.6681067513637853,2.7125751972198486,56000,0.0,0.0
2000-08-07 00:00:00-04:00,2.712576697191854,2.8459821085291583,2.69034246196897,2.8237478733062744,630800,0.0,0.0
2000-08-08 00:00:00-04:00,2.8459813594818115,2.868215588852763,2.7792786713689566,2.8459813594818115,38000,0.0,0.0
2000-08-09 00:00:00-04:00,2.934917449951172,3.0016201192682437,2.845980557528409,2.934917449951172,17000,0.0,0.0
2000-08-10 00:00:00-04:00,2.890449309533881,2.912683534991834,2.845980858617975,2.8682150840759277,69200,0.0,0.0
2000-08-11 00:00:00-04:00,2.8015129566192627,2.8237471864337014,2.8015129566192627,2.8015129566192627,49800,0.0,0.0
2000-08-14 00:00:00-04:00,2.8459813594818115,2.868215588852763,2.8459813594818115,2.8459813594818115,6400,0.0,0.0
2000-08-15 00:00:00-04:00,2.845981044623688,2.9126837253570557,2.845981044623688,2.9126837253570557,49200,0.0,0.0
2000-08-16 00:00:00-04:00,2.95715250633657,3.0460894238203764,2.8459813594818115,2.8459813594818115,159800,0.0,0.0
2000-08-17 00:00:00-04:00,2.890450580796199,3.001621756980668,2.890450580796199,2.9793875217437744,22600,0.0,0.0
2000-08-18 00:00:00-04:00,2.934917449951172,2.934917449951172,2.912683226845481,2.934917449951172,26000,0.0,0.0
2000-08-21 00:00:00-04:00,2.9571519613265993,2.9571519613265993,2.890449285507202,2.890449285507202,7600,0.0,0.0
2000-08-22 00:00:00-04:00,2.890449285507202,2.890449285507202,2.890449285507202,2.890449285507202,114200,0.0,0.0
2000-08-23 00:00:00-04:00,2.8904494984459332,2.9126837253570557,2.8904494984459332,2.9126837253570557,39200,0.0,0.0
2000-08-24 00:00:00-04:00,2.8904491707130715,3.023854517053675,2.8904491707130715,3.001620292663574,34800,0.0,0.0
2000-08-25 00:00:00-04:00,3.001620292663574,3.001620292663574,3.001620292663574,3.001620292663574,600,0.0,0.0
2000-08-28 00:00:00-04:00,3.001620743204566,3.023854970932007,3.001620743204566,3.023854970932007,8200,0.0,0.0
2000-08-29 00:00:00-04:00,3.0016217550893467,3.0016217550893467,2.8237478733062744,2.8237478733062744,34200,0.0,0.0
2000-08-30 00:00:00-04:00,2.868215588852763,2.868215588852763,2.7792786713689566,2.8459813594818115,14400,0.0,0.0
2000-08-31 00:00:00-04:00,2.9349176194932727,3.1350256390041777,2.9349176194932727,3.001620292663574,73800,0.0,0.0
2000-09-01 00:00:00-04:00,3.001620292663574,3.0460887414437754,3.001620292663574,3.001620292663574,34400,0.0,0.0
2000-09-05 00:00:00-04:00,3.001620292663574,3.001620292663574,3.001620292663574,3.001620292663574,75200,0.0,0.0
2000-09-06 00:00:00-04:00,3.0016202474162523,3.0905571436359933,3.0016202474162523,3.046088695526123,28400,0.0,0.0
2000-09-07 00:00:00-04:00,3.023854970932007,3.0460891986594483,3.023854970932007,3.023854970932007,113400,0.0,0.0
2000-09-08 00:00:00-04:00,3.068322919581058,3.068322919581058,3.046088695526123,3.046088695526123,21800,0.0,0.0
2000-09-11 00:00:00-04:00,3.0905571436359933,3.0905571436359933,3.046088695526123,3.046088695526123,6200,0.0,0.0
2000-09-12 00:00:00-04:00,3.068323850631714,3.068323850631714,3.068323850631714,3.068323850631714,16400,0.0,0.0
2000-09-13 00:00:00-04:00,3.001621273201956,3.1572608947753906,3.001621273201956,3.1572608947753906,87400,0.0,0.0
2000-09-14 00:00:00-04:00,3.1572606000635357,3.2017290592193604,3.1572606000635357,3.2017290592193604,19800,0.0,0.0
2000-09-15 00:00:00-04:00,3.179494829641448,3.2239632887972727,3.179494829641448,3.2017290592193604,126600,0.0,0.0
2000-09-18 00:00:00-04:00,3.2017290592193604,3.2461975183751846,3.2017290592193604,3.2017290592193604,65600,0.0,0.0
2000-09-19 00:00:00-04:00,3.2017293580820865,3.223963589735434,3.135026663122043,3.1572608947753906,32800,0.0,0.0
2000-09-20 00:00:00-04:00,3.1572608947753906,3.1572608947753906,3.1572608947753906,3.1572608947753906,4000,0.0,0.0
2000-09-21 00:00:00-04:00,3.1127922534942627,3.20172917502267,3.1127922534942627,3.1127922534942627,37400,0.0,0.0
2000-09-22 00:00:00-04:00,3.0905580814333926,3.0905580814333926,3.0238553890283555,3.068323850631714,4600,0.0,0.0
2000-09-25 00:00:00-04:00,3.023854471471188,3.046088695526123,2.957151799306382,3.046088695526123,16600,0.0,0.0
2000-09-26 00:00:00-04:00,3.0460896198300347,3.068323850631714,3.0460896198300347,3.068323850631714,4400,0.0,0.0
2000-09-27 00:00:00-04:00,3.0460896198300347,3.068323850631714,3.0238553890283555,3.068323850631714,6600,0.0,0.0
2000-09-28 00:00:00-04:00,3.023854517053675,3.0460887414437754,3.001620292663574,3.001620292663574,6400,0.0,0.0
2000-09-29 00:00:00-04:00,2.9793858961625532,2.9793858961625532,2.912683226845481,2.934917449951172,27600,0.0,0.0
2000-10-02 00:00:00-04:00,2.9126837253570557,2.934917952268178,2.8015125908014427,2.9126837253570557,63200,0.0,0.0
2000-10-03 00:00:00-04:00,2.890449875877017,2.890449875877017,2.7125760373615084,2.8015129566192627,46800,0.0,0.0
2000-10-04 00:00:00-04:00,2.80151363808339,2.8459821085291583,2.757045167637622,2.8237478733062744,29000,0.0,0.0
2000-10-05 00:00:00-04:00,2.779278726804824,2.84598141624814,2.779278726804824,2.8015129566192627,14200,0.0,0.0
2000-10-06 00:00:00-04:00,2.8015123111445726,2.8015123111445726,2.7125754123780785,2.734809637069702,28800,0.0,0.0
2000-10-09 00:00:00-04:00,2.7125751972198486,2.7125751972198486,2.7125751972198486,2.7125751972198486,12400,0.0,0.0
2000-10-10 00:00:00-04:00,2.7125755077650564,2.7125755077650564,2.579170154924152,2.6458728313446045,48200,0.0,0.0
2000-10-11 00:00:00-04:00,2.645872571070989,2.6681067943573,2.623638347784678,2.6681067943573,22400,0.0,0.0
2000-10-12 00:00:00-04:00,2.645872571070989,2.6681067943573,2.645872571070989,2.6681067943573,10800,0.0,0.0
2000-10-13 00:00:00-04:00,2.645872571070989,2.6681067943573,2.645872571070989,2.6681067943573,7200,0.0,0.0
2000-10-16 00:00:00-04:00,2.623639135279207,2.623639135279207,2.5124679854792404,2.601404905319214,44600,0.0,0.0
2000-10-17 00:00:00-04:00,2.5791707925036946,2.5791707925036946,2.445765406684538,2.512468099594116,18200,0.0,0.0
2000-10-18 00:00:00-04:00,2.4679988684325385,2.601404212672135,2.40129619631274,2.579169988632202,27000,0.0,0.0
2000-10-19 00:00:00-04:00,2.6458727383032077,2.734809637069702,2.6458727383032077,2.734809637069702,29800,0.0,0.0
2000-10-20 00:00:00-04:00,2.7570447356013927,2.7570447356013927,2.6236393451690674,2.6236393451690674,46600,0.0,0.0
2000-10-23 00:00:00-04:00,2.5791699012120564,2.6681067943573,2.5791699012120564,2.6681067943573,22200,0.0,0.0
2000-10-24 00:00:00-04:00,2.6458726607520004,2.6681068847919334,2.5569357645922697,2.579169988632202,56400,0.0,0.0
2000-10-25 00:00:00-04:00,2.668107808646509,2.668107808646509,2.5791708816916254,2.6236393451690674,36800,0.0,0.0
2000-10-26 00:00:00-04:00,2.623638347784678,2.6681067943573,2.623638347784678,2.6681067943573,20000,0.0,0.0
2000-10-27 00:00:00-04:00,2.645872571070989,2.6903410176436107,2.623638347784678,2.6681067943573,47600,0.0,0.0
2000-10-30 00:00:00-05:00,2.6236383055077224,2.801512088931975,2.6236383055077224,2.7125751972198486,29200,0.0,0.0
2000-10-31 00:00:00-05:00,2.8459813594818115,2.8459813594818115,2.82374713011086,2.8459813594818115,47400,0.0,0.0
2000-11-01 00:00:00-05:00,2.8237471864337014,2.8237471864337014,2.8015129566192627,2.8015129566192627,9200,0.0,0.0
2000-11-02 00:00:00-05:00,2.801512985229492,2.801512985229492,2.6681076049804684,2.7792787551879883,30400,0.0,0.0
2000-11-03 00:00:00-05:00,2.757044441998005,2.8459813594818115,2.7348102126270533,2.8459813594818115,47800,0.0,0.0
2000-11-06 00:00:00-05:00,2.82374713011086,2.8459813594818115,2.7792786713689566,2.8459813594818115,7800,0.0,0.0
2000-11-07 00:00:00-05:00,2.8237471864337014,2.9126841056914556,2.7125760373615084,2.8015129566192627,16200,0.0,0.0
2000-11-08 00:00:00-05:00,2.779278086452949,2.779278086452949,2.734809637069702,2.734809637069702,7000,0.0,0.0
2000-11-09 00:00:00-05:00,2.7125751972198486,2.7125751972198486,2.690340974291817,2.7125751972198486,12000,0.0,0.0
2000-11-10 00:00:00-05:00,2.62363860587112,2.6681070568180885,2.62363860587112,2.6458728313446045,17400,0.0,0.0
2000-11-13 00:00:00-05:00,2.645872528435754,2.7125751972198486,2.645872528435754,2.7125751972198486,16200,0.0,0.0
2000-11-14 00:00:00-05:00,2.69034204038523,2.712576272123951,2.5347024182141835,2.6236393451690674,50400,0.0,0.0
2000-11-15 00:00:00-05:00,2.62363860587112,2.6458728313446045,2.556935929450668,2.6458728313446045,27800,0.0,0.0
2000-11-16 00:00:00-05:00,2.623638436712068,2.623638436712068,2.579169988632202,2.579169988632202,12400,0.0,0.0
2000-11-17 00:00:00-05:00,2.6236387045487115,2.6236387045487115,2.556936025619507,2.556936025619507,22800,0.0,0.0
2000-11-20 00:00:00-05:00,2.5569378158875873,2.5569378158875873,2.4457666065011705,2.4902350902557373,38400,0.0,0.0
2000-11-21 00:00:00-05:00,2.490233346690302,2.556936025619507,2.479116233535435,2.556936025619507,43200,0.0,0.0
2000-11-22 00:00:00-05:00,2.556936445399227,2.601404905319214,2.556936445399227,2.601404905319214,6200,0.0,0.0
2000-11-24 00:00:00-05:00,2.5791708816916254,2.6236393451690674,2.5569366499529047,2.6236393451690674,1200,0.0,0.0
2000-11-27 00:00:00-05:00,2.623638436712068,2.623638436712068,2.579169988632202,2.579169988632202,15000,0.0,0.0
2000-11-28 00:00:00-05:00,2.5791707925036946,2.5791707925036946,2.512468099594116,2.512468099594116,5000,0.0,0.0
2000-11-29 00:00:00-05:00,2.5347021463755013,2.5347021463755013,2.312359852833791,2.4679994583129883,108800,0.0,0.0
2000-11-30 00:00:00-05:00,2.490232967939533,2.7125751972198486,2.4679987450115015,2.7125751972198486,184400,0.0,0.0
2000-12-01 00:00:00-05:00,2.7125751972198486,2.7125751972198486,2.7125751972198486,2.7125751972198486,6800,0.0,0.0
2000-12-04 00:00:00-05:00,2.7570438617613258,2.7570438617613258,2.734809637069702,2.734809637069702,4600,0.0,0.0
2000-12-05 00:00:00-05:00,2.7792787840289455,2.7792787840289455,2.7348103234844823,2.757044553756714,30400,0.0,0.0
2000-12-06 00:00:00-05:00,2.7348103234844823,2.7792787840289455,2.7348103234844823,2.757044553756714,13200,0.0,0.0
2000-12-07 00:00:00-05:00,2.757044525146484,2.7792787551879883,2.757044525146484,2.7792787551879883,15000,0.0,0.0
2000-12-08 00:00:00-05:00,2.757044553756714,2.757044553756714,2.7348103234844823,2.757044553756714,22200,0.0,0.0
2000-12-11 00:00:00-05:00,2.7348103234844823,2.757044553756714,2.7348103234844823,2.757044553756714,24800,0.0,0.0
2000-12-12 00:00:00-05:00,2.7570436875025432,2.7792779107888537,2.6681067943573,2.6681067943573,41400,0.0,0.0
2000-12-13 00:00:00-05:00,2.668107482027416,2.712575940061207,2.668107482027416,2.6903417110443115,396200,0.0,0.0
2000-12-14 00:00:00-05:00,2.6681067943573,2.6681067943573,2.6681067943573,2.6681067943573,32800,0.0,0.0
2000-12-15 00:00:00-05:00,2.6681067943573,2.6681067943573,2.6681067943573,2.6681067943573,4400,0.0,0.0
2000-12-18 00:00:00-05:00,2.668107482027416,2.6903417110443115,2.579170565959836,2.6903417110443115,85400,0.0,0.0
2000-12-19 00:00:00-05:00,2.6458732530105213,2.6903417110443115,2.6458732530105213,2.6903417110443115,67200,0.0,0.0
2000-12-20 00:00:00-05:00,2.690340995788574,2.7125752188942647,2.3123592029918325,2.4457645416259766,316200,0.0,0.0
2000-12-21 00:00:00-05:00,2.445765228958817,2.4679994583129883,2.423530999604646,2.4679994583129883,12600,0.0,0.0
2000-12-22 00:00:00-05:00,2.4679998215113845,2.4679998215113845,2.3790628910064697,2.3790628910064697,30800,0.0,0.0
2000-12-26 00:00:00-05:00,2.379061760810705,2.379061760810705,2.312359094619751,2.312359094619751,111800,0.0,0.0
2000-12-27 00:00:00-05:00,2.312359479008889,2.3345937047685896,2.156719898690983,2.1789541244506836,40000,0.0,0.0
2000-12-28 00:00:00-05:00,2.156720593290509,2.4235313883367575,2.1344863603699884,2.3568286895751953,105800,0.0,0.0
2000-12-29 00:00:00-05:00,2.334594425754012,2.4012971236326983,2.3123601931277835,2.3790628910064697,44200,0.0,0.0
2001-01-02 00:00:00-05:00,2.379062922495716,2.4235313883367575,2.312360223734154,2.3568286895751953,16400,0.0,0.0
2001-01-03 00:00:00-05:00,2.356828658380241,2.3790628910064697,2.3123601931277835,2.3790628910064697,66400,0.0,0.0
2001-01-04 00:00:00-05:00,2.334594163629744,2.401296854019165,2.3123599334999367,2.401296854019165,51000,0.0,0.0
2001-01-05 00:00:00-05:00,2.445765314278779,2.445765314278779,2.401296854019165,2.401296854019165,18200,0.0,0.0
2001-01-08 00:00:00-05:00,2.4457648041051465,2.490233255088876,2.4235305786132812,2.4235305786132812,17200,0.0,0.0
2001-01-09 00:00:00-05:00,2.401296095414595,2.4457645416259766,2.3790618723089043,2.4457645416259766,78800,0.0,0.0
2001-01-10 00:00:00-05:00,2.4457654912593,2.645873576907788,2.4457654912593,2.6236393451690674,67800,0.0,0.0
2001-01-11 00:00:00-05:00,2.645872571070989,2.6681067943573,2.645872571070989,2.6681067943573,11600,0.0,0.0
2001-01-12 00:00:00-05:00,2.712576698901048,2.9793875217437744,2.712576698901048,2.9793875217437744,93200,0.0,0.0
2001-01-16 00:00:00-05:00,3.090557911329799,3.268431747953097,3.090557911329799,3.2017290592193604,223000,0.0,0.0
2001-01-17 00:00:00-05:00,3.24619632844002,3.446304321289062,3.2239621070123485,3.4463043212890625,201200,0.0,0.0
2001-01-18 00:00:00-05:00,3.4685387611389156,3.5797098752779837,3.4240703154832888,3.468538761138916,309200,0.0,0.0
2001-01-19 00:00:00-05:00,3.424070099861391,3.490772764144405,3.4018358784337197,3.4463043212890625,202200,0.0,0.0
2001-01-22 00:00:00-05:00,3.4463062715826567,3.6019459096541317,3.4463062715826567,3.579711675643921,261000,0.0,0.0
2001-01-23 00:00:00-05:00,3.5574766216856064,3.6686477661132812,3.5352423928000714,3.6686477661132812,210600,0.0,0.0
2001-01-24 00:00:00-05:00,3.624178768713263,3.668647219863119,3.513007640838623,3.513007640838623,101800,0.0,0.0
2001-01-25 00:00:00-05:00,3.5352418664135508,3.557476091988479,3.513007640838623,3.513007640838623,68800,0.0,0.0
2001-01-26 00:00:00-05:00,3.535242080688477,3.535242080688477,3.5130078537659077,3.5352420806884766,106000,0.0,0.0
2001-01-29 00:00:00-05:00,3.536132214024511,3.6001669126700193,3.536132214024511,3.596609354019165,88600,0.0,0.0
2001-01-30 00:00:00-05:00,3.5966073100363976,3.7958260707894347,3.5966073100363976,3.7709238529205322,249000,0.0,0.0
2001-01-31 00:00:00-05:00,3.770925990322671,3.8029430003300195,3.763810873031616,3.763810873031616,282200,0.0,0.0
2001-02-01 00:00:00-05:00,3.799384692676928,3.799384692676928,3.735350012469044,3.7602522373199463,65000,0.0,0.0
2001-02-02 00:00:00-05:00,3.7887120197973685,3.7887120197973685,3.7602522373199463,3.7602522373199463,39600,0.0,0.0
2001-02-05 00:00:00-05:00,3.760252247703387,3.7958271455320842,3.742465138056408,3.767367362976074,47000,0.0,0.0
2001-02-06 00:00:00-05:00,3.73535110274018,3.73535110274018,3.5432473453128126,3.5930521488189697,136000,0.0,0.0
2001-02-07 00:00:00-05:00,3.564592955507711,3.564592955507711,3.479213229576745,3.5076730251312256,57600,0.0,0.0
2001-02-08 00:00:00-05:00,3.4720972851320795,3.553919085076019,3.422292489991805,3.532574415206909,34600,0.0,0.0
2001-02-09 00:00:00-05:00,3.5468041737902216,3.5468041737902216,3.386717798769287,3.415177583694458,132200,0.0,0.0
2001-02-12 00:00:00-05:00,3.3796018698276615,3.475653875292128,3.2373029794365813,3.468538761138916,46600,0.0,0.0
2001-02-13 00:00:00-05:00,3.4685401946955277,3.58237935405841,3.4685401946955277,3.486327648162842,41600,0.0,0.0
2001-02-14 00:00:00-05:00,3.4685399617116723,3.5041148662567143,3.4685399617116723,3.504114866256714,41400,0.0,0.0
2001-02-15 00:00:00-05:00,3.5147864766611936,3.5539185921721494,3.507671361513367,3.5361311435699463,18400,0.0,0.0
2001-02-16 00:00:00-05:00,3.504114986785315,3.5752644590552443,3.457867744993,3.564592123031616,58800,0.0,0.0
2001-02-20 00:00:00-05:00,3.5574772407049333,3.5930521488189697,3.5396897866479153,3.5930521488189697,35200,0.0,0.0
2001-02-21 00:00:00-05:00,3.557476742992437,3.557476742992437,3.432964921280734,3.447194814682007,43600,0.0,0.0
2001-02-22 00:00:00-05:00,3.4400789830606997,3.475653875292128,3.4400789830606997,3.468538761138916,11000,0.0,0.0
2001-02-23 00:00:00-05:00,3.4614251952435517,3.557477243671055,3.4507528585074296,3.454310417175293,68600,0.0,0.0
2001-02-26 00:00:00-05:00,3.4222924724429635,3.4685397092787693,3.4222924724429635,3.4507522583007812,20400,0.0,0.0
2001-02-27 00:00:00-05:00,3.4507528484490755,3.5432473379391096,3.432965394429074,3.539689779281616,164400,0.0,0.0
2001-02-28 00:00:00-05:00,3.553919556838782,3.593052022239115,3.5396896619479667,3.571707010269165,195800,0.0,0.0
2001-03-01 00:00:00-05:00,3.5574785499501442,3.5610361099243164,3.5574785499501442,3.5610361099243164,359200,0.0,0.0
2001-03-02 00:00:00-05:00,3.5930522558566995,3.664201734936862,3.57526480126979,3.5823795795440674,86600,0.0,0.0
2001-03-05 00:00:00-05:00,3.5930513190889104,3.6357409954071045,3.5930513190889104,3.6357409954071045,7600,0.0,0.0
2001-03-06 00:00:00-05:00,3.617954006200831,3.6464137940372887,3.614396447904416,3.639298677444458,66600,0.0,0.0
2001-03-07 00:00:00-05:00,3.64285660624004,3.6499717235565186,3.6072820374600494,3.6499717235565186,51200,0.0,0.0
2001-03-08 00:00:00-05:00,3.6819891742364037,3.8776501560776087,3.521902422886361,3.8420755863189697,71000,0.0,0.0
2001-03-09 00:00:00-05:00,3.810056671315609,3.834958893846433,3.7531371116638184,3.7531371116638184,31600,0.0,0.0
2001-03-12 00:00:00-05:00,3.7531385567971984,3.7566961154620953,3.5930521488189697,3.5930521488189697,89000,0.0,0.0
2001-03-13 00:00:00-05:00,3.5930521488189697,3.6108392636085203,3.5752646947619517,3.5930521488189697,19200,0.0,0.0
2001-03-14 00:00:00-05:00,3.557476526564479,3.692660675286017,3.5468041919796574,3.5752639770507812,80000,0.0,0.0
2001-03-15 00:00:00-05:00,3.5574761680067906,3.6108381748199463,3.5219012706197765,3.6108381748199463,20800,0.0,0.0
2001-03-16 00:00:00-05:00,3.6464129632934097,3.6464129632934097,3.6428554058074947,3.642855405807495,24200,0.0,0.0
2001-03-19 00:00:00-05:00,3.66420062786482,3.66420062786482,3.550361156463623,3.550361156463623,72200,0.0,0.0
2001-03-20 00:00:00-05:00,3.5503617671908616,3.557476883806843,3.4863274139841933,3.504114866256714,63600,0.0,0.0
2001-03-21 00:00:00-05:00,3.504113653370344,3.504113653370344,3.4685387611389156,3.468538761138916,8400,0.0,0.0
2001-03-22 00:00:00-05:00,3.46853937382653,3.5219013823322953,3.46853937382653,3.5183441638946533,70200,0.0,0.0
2001-03-23 00:00:00-05:00,3.521902325261615,3.539689779281616,3.4970000931940928,3.539689779281616,14400,0.0,0.0
2001-03-26 00:00:00-05:00,3.5219027857841967,3.617954846491453,3.5219027857841967,3.6143972873687744,8800,0.0,0.0
2001-03-27 00:00:00-05:00,3.5966076538547194,3.5966076538547194,3.5219006538391113,3.5219006538391113,39400,0.0,0.0
2001-03-28 00:00:00-05:00,3.5219022158300146,3.5219022158300146,3.4685401946955277,3.486327648162842,70400,0.0,0.0
2001-03-29 00:00:00-05:00,3.4685387611389156,3.48632620725463,3.4685387611389156,3.468538761138916,9800,0.0,0.0
2001-03-30 00:00:00-05:00,3.521900886971952,3.5930506739954886,3.4720964431762695,3.4720964431762695,68600,0.0,0.0
2001-04-02 00:00:00-04:00,3.504113779483396,3.521900886971952,3.4685388859716273,3.4720964431762695,202400,0.0,0.0
2001-04-03 00:00:00-04:00,3.4720977532424815,3.486327648162842,3.4685401946955277,3.486327648162842,363200,0.0,0.0
2001-04-04 00:00:00-04:00,3.5041152129641433,3.5574772357940674,3.5041152129641433,3.5574772357940674,6800,0.0,0.0
2001-04-05 00:00:00-04:00,3.5219019792618016,3.557476883806843,3.475655078327654,3.504114866256714,18200,0.0,0.0
2001-04-06 00:00:00-04:00,3.5219019792618016,3.5219019792618016,3.5041148662567143,3.504114866256714,4400,0.0,0.0
2001-04-09 00:00:00-04:00,3.504113779483396,3.504113779483396,3.4720964431762695,3.4720964431762695,14400,0.0,0.0
2001-04-10 00:00:00-04:00,3.486327881536257,3.6108393856072967,3.4827703227511613,3.578822374343872,123800,0.0,0.0
2001-04-11 00:00:00-04:00,3.557477118432927,3.5930520253242384,3.5432472235298933,3.589494466781616,23600,0.0,0.0
2001-04-12 00:00:00-04:00,3.5894945759849235,3.610839249355115,3.532574994641123,3.596609354019165,53600,0.0,0.0
2001-04-16 00:00:00-04:00,3.5219006538391113,3.536130542448403,3.4329637652142115,3.5219006538391113,62800,0.0,0.0
2001-04-17 00:00:00-04:00,3.521901625591874,3.5752639770507812,3.521901625591874,3.5752639770507812,140800,0.0,0.0
2001-04-18 00:00:00-04:00,3.5930509580741066,3.657085296483799,3.5930509580741066,3.642855405807495,45600,0.0,0.0
2001-04-19 00:00:00-04:00,3.6250696182250977,3.642857074535434,3.593052603987505,3.6250696182250977,17000,0.0,0.0
2001-04-20 00:00:00-04:00,3.6108391395024384,3.6108391395024384,3.546804782072516,3.589494466781616,27000,0.0,0.0
2001-04-23 00:00:00-04:00,3.735350948610882,4.354351881527925,3.735350948610882,4.311662197113037,341000,0.0,0.0
2001-04-24 00:00:00-04:00,4.276086891930377,5.087191434398653,4.251184325867837,4.934219837188721,489400,0.0,0.0
2001-04-25 00:00:00-04:00,4.984024579989088,5.4963010387009765,4.984024579989088,5.3397722244262695,663800,0.0,0.0
2001-04-26 00:00:00-04:00,5.5105315541953965,5.5105315541953965,5.339772828399645,5.47495698928833,376200,0.0,0.0
2001-04-27 00:00:00-04:00,5.474956984370574,5.514089107513428,5.40024995708518,5.514089107513428,332200,0.0,0.0
2001-04-30 00:00:00-04:00,5.514088015741516,5.514088015741516,5.193915298921534,5.414478778839111,269800,0.0,0.0
2001-05-01 00:00:00-04:00,5.336214145913345,5.354001594253195,5.129880559412752,5.211702346801758,543000,0.0,0.0
2001-05-02 00:00:00-04:00,5.247277871449929,5.332657226578158,5.122766057437377,5.325542449951172,140000,0.0,0.0
2001-05-03 00:00:00-04:00,5.300640238919413,5.325542806951719,5.193916207488524,5.282853126525879,48200,0.0,0.0
2001-05-04 00:00:00-04:00,5.286409146505967,5.318426484380788,5.286409146505967,5.314868927001953,50000,0.0,0.0
2001-05-07 00:00:00-04:00,5.282853475313543,5.282853475313543,5.158341644733683,5.186801433563232,55400,0.0,0.0
2001-05-08 00:00:00-04:00,5.17612760316591,5.17612760316591,4.912874462862843,4.962678909301758,73000,0.0,0.0
2001-05-09 00:00:00-04:00,4.927105532472221,4.930662751449745,4.731444239476433,4.80259370803833,113800,0.0,0.0
2001-05-10 00:00:00-04:00,4.802592791756856,4.980466598858961,4.802592791756856,4.952006816864014,76200,0.0,0.0
2001-05-11 00:00:00-04:00,4.952010378049961,5.0231598842037455,4.909320674357689,4.980470180511475,75800,0.0,0.0
2001-05-14 00:00:00-04:00,4.944893001677888,5.087192288328571,4.902203317462918,5.080077171325684,56200,0.0,0.0
2001-05-15 00:00:00-04:00,5.080076471426779,5.119208931016349,5.0516166858711316,5.104979038238525,60600,0.0,0.0
2001-05-16 00:00:00-04:00,5.140554436591872,5.240163702236754,5.122766982909849,5.1939167976379395,179200,0.0,0.0
2001-05-17 00:00:00-04:00,5.215259909227905,5.247277248416274,5.176127794257321,5.190357685089111,34200,0.0,0.0
2001-05-18 00:00:00-04:00,5.176128368907806,5.176128368907806,5.122766017913818,5.122766017913818,43600,0.0,0.0
2001-05-21 00:00:00-04:00,5.126323953431813,5.211703314190248,5.126323953431813,5.208146095275879,26800,0.0,0.0
2001-05-22 00:00:00-04:00,5.208145252893719,5.2437198111554135,5.165455579419267,5.215260028839111,75000,0.0,0.0
2001-05-23 00:00:00-04:00,5.1939167976379395,5.229491365734525,5.158341890273895,5.1939167976379395,30800,0.0,0.0
2001-05-24 00:00:00-04:00,5.197471380933268,5.208144051290047,5.158339274093609,5.165454387664795,54000,0.0,0.0
2001-05-25 00:00:00-04:00,5.165455248211536,5.265064479931673,5.158340133454997,5.254392147064209,91000,0.0,0.0
2001-05-29 00:00:00-04:00,5.250834801002898,5.250834801002898,5.193915237729267,5.211702346801758,16200,0.0,0.0
2001-05-30 00:00:00-04:00,5.211703319882058,5.3326575840556485,5.211703319882058,5.282853126525879,100400,0.0,0.0
2001-05-31 00:00:00-04:00,5.247278199250539,5.354002569461661,4.984025001525879,4.984025001525879,589600,0.0,0.0
2001-06-01 00:00:00-04:00,4.948448650375285,4.952006207503725,4.795477086525561,4.909316539764404,71000,0.0,0.0
2001-06-04 00:00:00-04:00,4.927106375932267,4.927106375932267,4.624720658695202,4.873744010925293,69800,0.0,0.0
2001-06-05 00:00:00-04:00,4.884418092753159,4.980470180511475,4.884418092753159,4.980470180511475,147800,0.0,0.0
2001-06-06 00:00:00-04:00,4.980467316947592,4.980467316947592,4.8239384934069,4.923547744750977,28400,0.0,0.0
2001-06-07 00:00:00-04:00,4.90931747317178,4.90931747317178,4.831052897802272,4.855955123901367,30600,0.0,0.0
2001-06-08 00:00:00-04:00,4.855956209587864,4.873743663321558,4.784806733920553,4.8203816413879395,19200,0.0,0.0
2001-06-11 00:00:00-04:00,4.802592698666695,4.802592698666695,4.525109659960813,4.557126998901367,154000,0.0,0.0
2001-06-12 00:00:00-04:00,4.553569916813567,4.73144373903857,4.553569916813567,4.635391712188721,329400,0.0,0.0
2001-06-13 00:00:00-04:00,4.660292514194526,4.69586706161499,4.660292514194526,4.69586706161499,31800,0.0,0.0
2001-06-14 00:00:00-04:00,4.69586706161499,4.69586706161499,4.6816371747933525,4.69586706161499,23400,0.0,0.0
2001-06-15 00:00:00-04:00,5.01604101958291,5.01604101958291,4.9448912320856975,4.991138458251953,933600,0.0,0.0
2001-06-18 00:00:00-04:00,4.991139560254824,5.211703068099743,4.991139560254824,5.161898612976074,174200,0.0,0.0
2001-06-19 00:00:00-04:00,5.197473878545138,5.585238933563232,5.158341752900794,5.585238933563232,225200,0.0,0.0
2001-06-20 00:00:00-04:00,5.620812493115441,5.638599942061516,5.425151233243354,5.478513240814209,194000,0.0,0.0
2001-06-21 00:00:00-04:00,5.478513611889508,5.5887955314109865,5.478513611889508,5.567450523376465,44000,0.0,0.0
2001-06-22 00:00:00-04:00,5.54966413268799,5.649273391485075,5.531876680228794,5.631485939025879,49600,0.0,0.0
2001-06-25 00:00:00-04:00,5.65638534846806,5.65638534846806,5.250833398809208,5.265063285827637,57600,0.0,0.0
2001-06-26 00:00:00-04:00,5.268623233050599,5.336215142241324,5.265065674864924,5.282853126525879,81600,0.0,0.0
2001-06-27 00:00:00-04:00,5.329099693720258,5.691962463624685,5.300639908543527,5.531876087188721,204000,0.0,0.0
2001-06-28 00:00:00-04:00,5.567451245879749,5.691963073826682,5.514089227769598,5.631485939025879,153200,0.0,0.0
2001-06-29 00:00:00-04:00,5.745324995028152,6.225584506988525,5.656388073499745,6.225584506988525,330800,0.0,0.0
2001-07-02 00:00:00-04:00,6.225582531829751,6.225582531829751,5.354001045227051,5.354001045227051,257200,0.0,0.0
2001-07-03 00:00:00-04:00,5.3540028481548685,6.029923668497566,5.3540028481548685,6.02280855178833,219200,0.0,0.0
2001-07-05 00:00:00-04:00,6.044152600937514,6.044152600937514,5.976560356230363,6.0050201416015625,118200,0.0,0.0
2001-07-06 00:00:00-04:00,5.973002020809376,5.983674013637938,5.816472900155614,5.869834899902344,30600,0.0,0.0
2001-07-09 00:00:00-04:00,5.798687806884354,6.012136583510302,5.78090069155509,5.887624740600586,107800,0.0,0.0
2001-07-10 00:00:00-04:00,5.9054114527555,5.930313681069047,5.514088880376643,5.578123569488525,106000,0.0,0.0
2001-07-11 00:00:00-04:00,5.5745651510310115,5.620812381666876,5.389576228487552,5.510530471801758,111000,0.0,0.0
2001-07-12 00:00:00-04:00,5.528319016398956,5.816474790790873,5.528319016398956,5.812917232513428,206000,0.0,0.0
2001-07-13 00:00:00-04:00,5.816474911705802,6.257601969256452,5.816474911705802,6.193567276000977,151600,0.0,0.0
2001-07-16 00:00:00-04:00,6.197124133078505,6.399900186417883,6.1722219059715355,6.257601261138916,129000,0.0,0.0
2001-07-17 00:00:00-04:00,6.261157907961891,6.4497037020687245,6.218467897323067,6.4070143699646,137600,0.0,0.0
2001-07-18 00:00:00-04:00,6.41057383314162,6.5279705491299005,6.314521789550781,6.314521789550781,107800,0.0,0.0
2001-07-19 00:00:00-04:00,6.527968559198429,6.527968559198429,6.278944969177246,6.278944969177246,217200,0.0,0.0
2001-07-20 00:00:00-04:00,6.278946506433175,6.39634321537712,6.047710646820538,6.154434680938721,86000,0.0,0.0
2001-07-23 00:00:00-04:00,6.2433705912601924,6.399899737351153,6.225583481298952,6.385670185089111,144600,0.0,0.0
2001-07-24 00:00:00-04:00,6.670269491803938,6.688056605701455,6.3323088994719114,6.37144136428833,173400,0.0,0.0
2001-07-25 00:00:00-04:00,6.4603772036574005,6.684498600845159,6.371440292066815,6.424802303314209,133000,0.0,0.0
2001-07-26 00:00:00-04:00,6.424803128602277,6.435475803636613,6.243371724227819,6.271831512451172,80800,0.0,0.0
2001-07-27 00:00:00-04:00,6.229141321544108,6.293176005964704,5.9089685779759105,6.047709941864014,278600,0.0,0.0
2001-07-30 00:00:00-04:00,6.029921259241377,6.10107036230147,5.92319658684933,5.987231254577637,40600,0.0,0.0
2001-07-31 00:00:00-04:00,6.037037248400606,6.047709921947151,6.001463026981681,6.033479690551758,155400,0.0,0.0
2001-08-01 00:00:00-04:00,6.033479735968325,6.118859767913818,6.005019951498089,6.118859767913818,85800,0.0,0.0
2001-08-02 00:00:00-04:00,6.076170922877509,6.28250456968289,6.076170922877509,6.261159896850586,137200,0.0,0.0
2001-08-03 00:00:00-04:00,6.403455602923658,6.616904258728027,6.300288492513293,6.616904258728027,332000,0.0,0.0
2001-08-06 00:00:00-04:00,6.613348859308788,6.883717154386527,6.613348859308788,6.759205341339111,593000,0.0,0.0
2001-08-07 00:00:00-04:00,6.919291350420561,7.435124982608707,6.876601338267299,7.403107643127441,342800,0.0,0.0
2001-08-08 00:00:00-04:00,7.701935783692973,7.737510681152345,7.296383716846448,7.737510681152344,284000,0.0,0.0
2001-08-09 00:00:00-04:00,7.506273918263202,7.7232794761657715,7.417337025104952,7.7232794761657715,164000,0.0,0.0
2001-08-10 00:00:00-04:00,7.726840148055895,7.808662638430995,7.363977993384467,7.580983638763428,161600,0.0,0.0
2001-08-13 00:00:00-04:00,7.64857446401365,7.64857446401365,7.481373313026342,7.6165571212768555,130600,0.0,0.0
2001-08-14 00:00:00-04:00,7.595209774764792,7.755295753479004,7.559634886650116,7.755295753479004,111000,0.0,0.0
2001-08-15 00:00:00-04:00,7.755297896366057,7.801545467254291,7.548964302529815,7.6272292137146,129400,0.0,0.0
2001-08-16 00:00:00-04:00,7.57742450044188,7.57742450044188,7.381763568826651,7.4280104637146,97400,0.0,0.0
2001-08-17 00:00:00-04:00,7.428012535628599,7.428012535628599,7.043805002381171,7.075822353363037,107400,0.0,0.0
2001-08-20 00:00:00-04:00,7.0615890925239695,7.097163983680852,6.88371531527417,7.043801307678223,139000,0.0,0.0
2001-08-21 00:00:00-04:00,7.168317360169928,7.171874919259577,7.061593301620506,7.068708419799805,126000,0.0,0.0
2001-08-22 00:00:00-04:00,7.114951089991988,7.114951089991988,7.043801307678223,7.043801307678223,67600,0.0,0.0
2001-08-23 00:00:00-04:00,7.097166898724903,7.168316031727387,7.075821548142756,7.129184246063232,90400,0.0,0.0
2001-08-24 00:00:00-04:00,7.132740070826906,7.307057015453632,7.118510517745315,7.2750396728515625,43800,0.0,0.0
2001-08-27 00:00:00-04:00,7.36397789672584,7.417339917724016,7.278597848886864,7.29282808303833,52600,0.0,0.0
2001-08-28 00:00:00-04:00,7.346190929412842,7.410225633219194,7.346190929412842,7.346190929412842,90600,0.0,0.0
2001-08-29 00:00:00-04:00,7.381761276489571,7.381761276489571,7.221674615947054,7.296381950378418,36600,0.0,0.0
2001-08-30 00:00:00-04:00,7.331958716111136,7.346188268171624,7.061590441614438,7.168314456939697,52400,0.0,0.0
2001-08-31 00:00:00-04:00,7.114955085048625,7.150529996180866,7.09716796875,7.09716796875,83000,0.0,0.0
2001-09-04 00:00:00-04:00,7.097165330160521,7.253693795292125,7.097165330160521,7.111394882202148,131200,0.0,0.0
2001-09-05 00:00:00-04:00,7.097164589840002,7.097164589840002,7.022457244176436,7.047359466552734,17400,0.0,0.0
2001-09-06 00:00:00-04:00,7.008229091825568,7.075820657893615,6.6524814359671085,6.705843448638916,46200,0.0,0.0
2001-09-07 00:00:00-04:00,6.652481051525683,6.68805527222788,6.293175858448415,6.581331253051758,117800,0.0,0.0
2001-09-10 00:00:00-04:00,6.581331932736765,6.581331932736765,6.218469144407782,6.275388717651367,174000,0.0,0.0
2001-09-17 00:00:00-04:00,5.9587740938681595,5.9587740938681595,5.52120457698771,5.585238933563232,164200,0.0,0.0
2001-09-18 00:00:00-04:00,5.58523867760982,5.595911013338753,5.033829689025879,5.033829689025879,75200,0.0,0.0
2001-09-19 00:00:00-04:00,4.998255628386549,5.033830197498901,4.713657379150391,4.713657379150391,390600,0.0,0.0
2001-09-20 00:00:00-04:00,4.678082247230531,4.799036522821214,3.9132248070199727,4.087541103363037,202600,0.0,0.0
2001-09-21 00:00:00-04:00,4.087541372943241,4.087541372943241,3.5930522409385914,3.8420755863189697,417800,0.0,0.0
2001-09-24 00:00:00-04:00,3.9096672531377674,4.268972521814693,3.842075337486715,4.1978230476379395,266000,0.0,0.0
2001-09-25 00:00:00-04:00,4.1978228260429065,5.069404602050781,4.1978228260429065,5.069404602050781,382000,0.0,0.0
2001-09-26 00:00:00-04:00,4.962680219131063,4.962680219131063,4.642507433097099,4.845283508300781,118600,0.0,0.0
2001-09-27 00:00:00-04:00,4.848838666454513,5.389574712422071,4.848838666454513,5.265063285827637,182800,0.0,0.0
2001-09-28 00:00:00-04:00,5.3006405798605645,6.083285789143552,5.3006405798605645,5.919641494750977,287000,0.0,0.0
2001-10-01 00:00:00-04:00,5.955215447278133,6.190008836779312,5.834261194682401,5.976560115814209,361000,0.0,0.0
2001-10-02 00:00:00-04:00,6.101072801396808,6.101072801396808,5.699078206720242,5.702635765075684,101400,0.0,0.0
2001-10-03 00:00:00-04:00,5.613699272103143,6.154435663363963,5.613699272103143,6.1473212242126465,103000,0.0,0.0
2001-10-04 00:00:00-04:00,6.1117453559977415,6.314521428516932,6.1117453559977415,6.225584506988525,196600,0.0,0.0
2001-10-05 00:00:00-04:00,6.225584624470144,6.225584624470144,6.136647701263428,6.136647701263428,137400,0.0,0.0
2001-10-08 00:00:00-04:00,6.0832860159675715,6.559988004726925,6.0832860159675715,6.54575777053833,135000,0.0,0.0
2001-10-09 00:00:00-04:00,6.63469350376193,6.688055515289307,6.535084596520106,6.688055515289307,104200,0.0,0.0
2001-10-10 00:00:00-04:00,6.688055540016362,6.759205341339111,6.641808644130929,6.759205341339111,106000,0.0,0.0
2001-10-11 00:00:00-04:00,6.7592066422114625,7.0260174307198096,6.7592066422114625,6.905063152313232,201800,0.0,0.0
2001-10-12 00:00:00-04:00,6.905060394617292,6.937077730734222,6.442588817315539,6.5421977043151855,219000,0.0,0.0
2001-10-15 00:00:00-04:00,6.631135982437845,6.794780254364014,6.492394615994306,6.794780254364014,170000,0.0,0.0
2001-10-16 00:00:00-04:00,6.776992130204032,7.075820195896738,6.776992130204032,6.990440845489502,126000,0.0,0.0
2001-10-17 00:00:00-04:00,7.0260163506664295,7.075820806400771,6.8588151931762695,6.8588151931762695,61400,0.0,0.0
2001-10-18 00:00:00-04:00,6.862370817707598,6.901502588243979,6.862370817707598,6.865927696228027,24200,0.0,0.0
2001-10-19 00:00:00-04:00,6.858816026066089,6.865930464510055,6.556430339813232,6.556430339813232,62800,0.0,0.0
2001-10-22 00:00:00-04:00,6.556429180833434,6.559986738693999,5.869836120044484,6.047709941864014,164400,0.0,0.0
2001-10-23 00:00:00-04:00,6.047710158925765,6.0619403908787675,5.976560356230363,6.0050201416015625,69200,0.0,0.0
2001-10-24 00:00:00-04:00,6.005017750053197,6.008575306624621,4.984022762763219,5.265063285827637,542000,0.0,0.0
2001-10-25 00:00:00-04:00,5.229491341198153,5.442940105846019,5.133439634593834,5.403807640075684,727000,0.0,0.0
2001-10-26 00:00:00-04:00,5.51408764404769,5.777340779178063,5.414478413859747,5.421593189239502,238600,0.0,0.0
2001-10-29 00:00:00-05:00,5.5496627813206905,5.5496627813206905,5.336214082320913,5.37178897857666,92000,0.0,0.0
2001-10-30 00:00:00-05:00,5.339771488538612,5.371788826408349,5.24727703230767,5.254392147064209,63200,0.0,0.0
2001-10-31 00:00:00-05:00,5.279295476121547,5.691962718963623,5.250835689668122,5.691962718963623,290000,0.0,0.0
2001-11-01 00:00:00-05:00,5.620812816449865,5.834261198279168,5.122765913646713,5.133438587188721,443800,0.0,0.0
2001-11-02 00:00:00-05:00,5.133437580908988,5.371788481679626,5.055173019946324,5.3362135887146,77000,0.0,0.0
2001-11-05 00:00:00-05:00,5.371788692997899,5.642156600952148,5.211702007625027,5.642156600952148,193800,0.0,0.0
2001-11-06 00:00:00-05:00,5.624369900389847,5.869835603627542,5.603024894371744,5.763111591339111,269000,0.0,0.0
2001-11-07 00:00:00-05:00,5.727537270238464,5.958773105801412,5.727537270238464,5.8307037353515625,117200,0.0,0.0
2001-11-08 00:00:00-05:00,5.887622712830706,6.154433422086504,5.7453238036012255,5.763111591339111,135000,0.0,0.0
2001-11-09 00:00:00-05:00,5.6919621008856245,5.887623026689664,5.535433292388916,5.535433292388916,65000,0.0,0.0
2001-11-12 00:00:00-05:00,5.6208118622593695,5.834260207853625,5.6101395297964896,5.706191539764404,103800,0.0,0.0
2001-11-13 00:00:00-05:00,5.958770335941164,6.118856974589194,5.958770335941164,6.051264762878418,147600,0.0,0.0
2001-11-14 00:00:00-05:00,6.118860809336291,6.371441354681681,6.118860809336291,6.243371963500977,109400,0.0,0.0
2001-11-15 00:00:00-05:00,6.261158437864086,6.474607152053667,6.125973958178957,6.190008640289307,144400,0.0,0.0
2001-11-16 00:00:00-05:00,6.190009603430655,6.222026949467604,6.16510737396522,6.168664932250977,55000,0.0,0.0
2001-11-19 00:00:00-05:00,6.204238871218166,6.350095345565182,6.1900086402893075,6.190008640289307,63000,0.0,0.0
2001-11-20 00:00:00-05:00,6.172222606253089,6.186452161128028,6.015693431419503,6.136647701263428,126200,0.0,0.0
2001-11-21 00:00:00-05:00,6.367883445727005,6.367883445727005,6.190009602670189,6.225584506988525,102000,0.0,0.0
2001-11-23 00:00:00-05:00,6.2362550808017865,6.474605977337047,6.2362550808017865,6.346536636352539,74600,0.0,0.0
2001-11-26 00:00:00-05:00,6.350097188440613,6.421246328128981,6.029924363505573,6.1651082038879395,117000,0.0,0.0
2001-11-27 00:00:00-05:00,6.200679987069986,6.200679987069986,6.104627984451386,6.11530065536499,79800,0.0,0.0
2001-11-28 00:00:00-05:00,6.072610947660123,6.072610947660123,5.891179604450664,5.940984725952148,43000,0.0,0.0
2001-11-29 00:00:00-05:00,5.944543381535988,6.129532337188721,5.944543381535988,6.129532337188721,112600,0.0,0.0
2001-11-30 00:00:00-05:00,6.182894839607606,6.353654254391842,6.182894839607606,6.314521789550781,102600,0.0,0.0
2001-12-03 00:00:00-05:00,6.332308154834826,6.691613377298962,6.008577834517254,6.044152736663818,199400,0.0,0.0
2001-12-04 00:00:00-05:00,6.083283958433609,6.342979537725078,5.940985057351617,6.310962200164795,108400,0.0,0.0
2001-12-05 00:00:00-05:00,6.367882814186398,7.0082289928049315,6.367882814186398,6.830355167388916,153200,0.0,0.0
2001-12-06 00:00:00-05:00,6.794778426649271,7.278594639365189,6.794778426649271,7.043801307678223,189800,0.0,0.0
2001-12-07 00:00:00-05:00,6.972651899499462,7.221674769657019,6.545754581322821,6.5848870277404785,159000,0.0,0.0
2001-12-10 00:00:00-05:00,6.5884456940819724,6.919291069604721,6.5884456940819724,6.6809401512146,78600,0.0,0.0
2001-12-11 00:00:00-05:00,6.723631839943801,7.171874053078046,6.723631839943801,7.114954471588135,129000,0.0,0.0
2001-12-12 00:00:00-05:00,7.417341851345857,7.662808026169773,7.257255068083501,7.363979816436768,325800,0.0,0.0
2001-12-13 00:00:00-05:00,7.118512040074764,7.292828343445113,7.022459991727346,7.1861042976379395,137400,0.0,0.0
2001-12-14 00:00:00-05:00,7.203890086520506,7.4529137189499535,7.200332528510392,7.3675336837768555,139200,0.0,0.0
2001-12-17 00:00:00-05:00,7.39955257896397,7.91538706350526,7.271483856418889,7.6841511726379395,168400,0.0,0.0
2001-12-18 00:00:00-05:00,7.68414963959473,8.111046427134271,7.577424933808731,8.079029083251953,173600,0.0,0.0
2001-12-19 00:00:00-05:00,8.047014806416307,8.047014806416307,7.630789890937273,8.022111892700195,170400,0.0,0.0
2001-12-20 00:00:00-05:00,8.025666552419429,8.555730453539125,8.004321884051695,8.36718463897705,262400,0.0,0.0
2001-12-21 00:00:00-05:00,8.395644785529997,8.68024263783889,8.395644785529997,8.477466583251953,159400,0.0,0.0
2001-12-24 00:00:00-05:00,8.445451260300947,8.626882688998935,8.445451260300947,8.609095573425293,38400,0.0,0.0
2001-12-26 00:00:00-05:00,8.523716896639955,8.523716896639955,8.139509302741136,8.23556137084961,111600,0.0,0.0
2001-12-27 00:00:00-05:00,9.359719889498658,9.405967461052937,8.89369068746521,9.320588111877441,676200,0.0,0.0
2001-12-28 00:00:00-05:00,9.391734706962986,9.605183361821489,8.893688297982859,9.0786771774292,590000,0.0,0.0
2001-12-31 00:00:00-05:00,9.053778866956483,9.516250586670449,8.797640099146406,9.18184757232666,608000,0.0,0.0
2002-01-02 00:00:00-05:00,9.267221870638991,9.288567208647287,8.804750403677794,8.929262161254883,238200,0.0,0.0
2002-01-03 00:00:00-05:00,8.794081910955128,8.929266401735049,8.470351594636895,8.537943840026855,535200,0.0,0.0
2002-01-04 00:00:00-05:00,8.555732391275107,8.715819136627127,8.466795461309523,8.481025695800781,234800,0.0,0.0
2002-01-07 00:00:00-05:00,8.484578718084581,8.516596050036696,7.872692532808222,7.954514980316162,390600,0.0,0.0
2002-01-08 00:00:00-05:00,7.972307244204265,8.039899508567673,7.48137563415136,7.837123394012451,546000,0.0,0.0
2002-01-09 00:00:00-05:00,8.431219599615156,9.071565099963358,8.360069798005448,8.794081687927246,625200,0.0,0.0
2002-01-10 00:00:00-05:00,8.804755096435546,9.199635239103808,8.733605288888793,8.893692016601562,460200,0.0,0.0
2002-01-11 00:00:00-05:00,8.971955606089207,8.982628280001341,8.466793909339819,8.477466583251953,261600,0.0,0.0
2002-01-14 00:00:00-05:00,8.509483870938606,8.979070663452148,8.068356863470285,8.979070663452148,406400,0.0,0.0
2002-01-15 00:00:00-05:00,8.982627124400652,9.132041147274647,8.673126406113553,8.840328216552734,276600,0.0,0.0
2002-01-16 00:00:00-05:00,8.872347937855892,8.989744653168218,8.776295894818109,8.861675262451172,64600,0.0,0.0
2002-01-17 00:00:00-05:00,8.890138319954222,9.13204695644851,8.85812096050438,9.068012237548828,107400,0.0,0.0
2002-01-18 00:00:00-05:00,9.068007145087092,9.427312338271811,8.804753976310465,9.220978736877441,232600,0.0,0.0
2002-01-22 00:00:00-05:00,9.309918165331737,9.65855077953442,9.309918165331737,9.373952865600586,288200,0.0,0.0
2002-01-23 00:00:00-05:00,9.391737230256313,9.854209553125353,9.213863416507008,9.320588111877441,179000,0.0,0.0
2002-01-24 00:00:00-05:00,9.338375471381656,9.505576616501497,9.277898345949412,9.405967712402344,80600,0.0,0.0
2002-01-25 00:00:00-05:00,9.3205913696046,9.363280719845726,9.021763203776759,9.053780555725098,98400,0.0,0.0
2002-01-28 00:00:00-05:00,9.053778203537789,9.053778203537789,8.00432233684821,8.31026554107666,583600,0.0,0.0
2002-01-29 00:00:00-05:00,8.399203059464762,8.715818281964141,8.399203059464762,8.655341148376465,294800,0.0,0.0
2002-01-30 00:00:00-05:00,8.858114862390673,8.897247314453125,8.306706368862725,8.897247314453125,317400,0.0,0.0
2002-01-31 00:00:00-05:00,9.071563124403859,9.17828712504181,8.829654665854212,9.02531623840332,167800,0.0,0.0
2002-02-01 00:00:00-05:00,9.064449794048725,9.373950542466684,9.035990009708494,9.043105125427246,237000,0.0,0.0
2002-02-04 00:00:00-05:00,9.132042459370117,9.139157575418494,8.520156728440725,8.537943840026855,179000,0.0,0.0
2002-02-05 00:00:00-05:00,8.851003456048488,9.167619405458593,8.32449696468411,8.502370834350586,653200,0.0,0.0
2002-02-06 00:00:00-05:00,8.5201556100288,8.66956963475759,7.5631943402531014,7.904711723327637,626000,0.0,0.0
2002-02-07 00:00:00-05:00,7.915383132390634,8.32449268667244,7.1861009129550055,7.43156623840332,852000,0.0,0.0
2002-02-08 00:00:00-05:00,7.577424501460904,7.684149201157473,7.260809317284118,7.271481990814209,223800,0.0,0.0
2002-02-11 00:00:00-05:00,7.314170896849684,7.556079387664795,7.26792400468079,7.556079387664795,239000,0.0,0.0
2002-02-12 00:00:00-05:00,7.292827944048037,7.723282340902414,7.292827944048037,7.666362762451172,165600,0.0,0.0
2002-02-13 00:00:00-05:00,7.630790322253006,7.765974183106383,7.630790322253006,7.748187065124512,192000,0.0,0.0
2002-02-14 00:00:00-05:00,7.826451101120238,8.146623965004514,7.719727039337158,7.719727039337158,131600,0.0,0.0
2002-02-15 00:00:00-05:00,7.723283055094752,7.950962068488695,7.719726174830671,7.822892665863037,184000,0.0,0.0
2002-02-19 00:00:00-05:00,7.698380495034754,7.698380495034754,7.477817287142649,7.563196659088135,54800,0.0,0.0
2002-02-20 00:00:00-05:00,7.595214844912372,7.655691991518171,7.417340964134729,7.630789756774902,171400,0.0,0.0
2002-02-21 00:00:00-05:00,7.630790340713174,8.217774056490713,7.630790340713174,7.6556925773620605,184200,0.0,0.0
2002-02-22 00:00:00-05:00,7.666359852701275,7.666359852701275,7.203888283681272,7.452911853790283,262200,0.0,0.0
2002-02-25 00:00:00-05:00,7.45291377403748,7.701936729772748,7.45291377403748,7.680592060089111,126200,0.0,0.0
2002-02-26 00:00:00-05:00,7.769529334289787,8.004322747259959,7.769529334289787,7.8477935791015625,146000,0.0,0.0
2002-02-27 00:00:00-05:00,7.865581721951991,8.022110218577444,7.577425601615615,7.637902736663818,227600,0.0,0.0
2002-02-28 00:00:00-05:00,7.669922354409808,7.755301744722885,7.506278692610178,7.634347438812256,127800,0.0,0.0
2002-03-01 00:00:00-05:00,7.64146188970916,8.128836630164189,7.64146188970916,8.022111892700195,123800,0.0,0.0
2002-03-04 00:00:00-05:00,8.025665311655029,8.573516917162525,8.025665311655029,8.449005126953125,282600,0.0,0.0
2002-03-05 00:00:00-05:00,8.427659568736884,8.591303114472261,8.075469579035678,8.324492454528809,218400,0.0,0.0
2002-03-06 00:00:00-05:00,8.328051567077637,8.534385155501777,8.328051567077637,8.328051567077637,107600,0.0,0.0
2002-03-07 00:00:00-05:00,8.36362814185266,8.502369521640565,8.10749005335156,8.12883472442627,275400,0.0,0.0
2002-03-08 00:00:00-05:00,8.132393112282408,8.42054857605783,8.107490880399151,8.217772483825684,292400,0.0,0.0
2002-03-11 00:00:00-05:00,8.178640445840397,8.573520653631164,8.039899044631733,8.502370834350586,611800,0.0,0.0
2002-03-12 00:00:00-05:00,8.449007493703059,8.601979106365155,8.096817368021304,8.320938110351562,972600,0.0,0.0
2002-03-13 00:00:00-05:00,7.8264479637146,7.879809973214791,7.612999247179067,7.8264479637146,9297600,0.0,0.0
2002-03-14 00:00:00-05:00,7.858465535787067,7.890482878133923,7.577424570416836,7.7410688400268555,1079200,0.0,0.0
2002-03-15 00:00:00-05:00,7.780202016726277,7.780202016726277,7.684149980814075,7.712609767913818,592600,0.0,0.0
2002-03-18 00:00:00-05:00,7.748185012298298,7.879811278974851,7.712610107224814,7.844236373901367,850800,0.0,0.0
2002-03-19 00:00:00-05:00,7.876251345452459,7.926056468950061,7.851349122970995,7.8798089027404785,689200,0.0,0.0
2002-03-20 00:00:00-05:00,8.089701026758243,8.164408381914622,7.89759765934924,7.915384769439697,1865000,0.0,0.0
2002-03-21 00:00:00-05:00,8.032782054433985,8.036339612422191,7.719724415354831,7.961632251739502,648000,0.0,0.0
2002-03-22 00:00:00-05:00,7.897600649949342,7.968749795788113,7.719726767549898,7.862025737762451,726400,0.0,0.0
2002-03-25 00:00:00-05:00,7.8798133857370996,7.950963214906826,7.588100307504327,7.6556925773620605,166600,0.0,0.0
2002-03-26 00:00:00-05:00,7.620117417413924,7.911830486253709,7.563197827324943,7.719727039337158,359400,0.0,0.0
2002-03-27 00:00:00-05:00,7.684151265375215,7.85135245772041,7.616559005263345,7.822892665863037,263400,0.0,0.0
2002-03-28 00:00:00-05:00,7.858465123148726,8.050568488607967,7.830005340171995,8.01855182647705,809800,0.0,0.0
2002-04-01 00:00:00-05:00,8.018551791030061,8.018551791030061,7.794430407361162,7.968746662139893,269000,0.0,0.0
2002-04-02 00:00:00-05:00,7.84423233230596,7.993646313803909,7.826445228201133,7.830002784729004,267600,0.0,0.0
2002-04-03 00:00:00-05:00,7.862026546810021,7.950963497161865,7.5667558987833035,7.950963497161865,367600,0.0,0.0
2002-04-04 00:00:00-05:00,7.8264497588895665,7.8264497588895665,7.684150808071286,7.801547527313232,155800,0.0,0.0
2002-04-05 00:00:00-05:00,7.7659730821482915,7.879812249577783,7.744628407889002,7.822892665863037,472600,0.0,0.0
2002-04-08 00:00:00-04:00,7.790875384481828,8.246232736783718,7.648576423929666,8.203542709350586,360000,0.0,0.0
2002-04-09 00:00:00-04:00,8.331609974192126,8.505926240934254,8.157293707449996,8.338725090026855,735600,0.0,0.0
2002-04-10 00:00:00-04:00,8.274690029455327,9.000414848327637,8.19642579442574,9.000414848327637,701200,0.0,0.0
2002-04-11 00:00:00-04:00,9.000416795412015,9.107141515578327,8.395646095275879,8.395646095275879,442600,0.0,0.0
2002-04-12 00:00:00-04:00,8.449004652271995,8.722930439636071,8.29959064812201,8.42765998840332,441000,0.0,0.0
2002-04-15 00:00:00-04:00,8.545056653132889,8.662453322152782,8.449004647970805,8.470349311828613,296400,0.0,0.0
2002-04-16 00:00:00-04:00,8.548615364362284,8.826098067581128,8.548615364362284,8.715816497802734,274000,0.0,0.0
2002-04-17 00:00:00-04:00,8.71581853101572,8.858117473366143,8.630439165605466,8.662456512451172,218600,0.0,0.0
2002-04-18 00:00:00-04:00,8.715818507166953,8.804755430709472,8.217771871035817,8.555731773376465,389200,0.0,0.0
2002-04-19 00:00:00-04:00,8.520156728440725,8.577076299758119,8.39564491173337,8.537943840026855,52000,0.0,0.0
2002-04-22 00:00:00-04:00,8.569958451666473,8.573516008556537,8.057681794585356,8.324492454528809,278000,0.0,0.0
2002-04-23 00:00:00-04:00,8.377857598090632,8.62688124566819,8.249788894610186,8.40276050567627,275000,0.0,0.0
2002-04-24 00:00:00-04:00,8.473907599353502,8.804752971074581,8.360068477585967,8.456120491027832,458200,0.0,0.0
2002-04-25 00:00:00-04:00,8.395646921191522,8.605538145111435,8.360072010969763,8.520158767700195,295800,0.0,0.0
2002-04-26 00:00:00-04:00,8.520157792897187,8.75139366508015,8.520157792897187,8.562847137451172,236000,0.0,0.0
2002-04-29 00:00:00-04:00,8.562844337900776,8.623321455025515,8.253344316200689,8.360068321228027,178400,0.0,0.0
2002-04-30 00:00:00-04:00,8.360068022389456,8.893689385520698,8.153734455786761,8.865229606628418,633000,0.0,0.0
2002-05-01 00:00:00-04:00,9.267227887198144,9.736815450233436,9.16050384200622,9.516251564025879,2494400,0.0,0.0
2002-05-02 00:00:00-04:00,9.516249722717228,10.458980867952349,9.487789937603765,9.88622760772705,2349800,0.0,0.0
2002-05-03 00:00:00-04:00,9.871996110226927,10.590606440378263,9.871996110226927,10.583491325378418,1951200,0.0,0.0
2002-05-06 00:00:00-04:00,11.383927499277725,11.383927499277725,10.814730988606847,10.996162414550781,1528800,0.0,0.0
2002-05-07 00:00:00-04:00,10.960586687930086,11.170477889826405,10.405620453721385,10.49455738067627,887000,0.0,0.0
2002-05-08 00:00:00-04:00,10.565706614644492,10.761367571808888,10.352257865942962,10.597723960876465,765200,0.0,0.0
2002-05-09 00:00:00-04:00,10.597723486871361,11.074424743652344,10.597723486871361,11.074424743652344,836400,0.0,0.0
2002-05-10 00:00:00-04:00,11.028175770129886,11.028175770129886,10.601278372130329,10.74357795715332,568000,0.0,0.0
2002-05-13 00:00:00-04:00,10.672432653351022,10.939243469684799,10.494558775795172,10.66531753540039,467800,0.0,0.0
2002-05-14 00:00:00-04:00,10.672428102834342,11.095767940903155,10.672428102834342,11.024618148803711,700000,0.0,0.0
2002-05-15 00:00:00-04:00,10.974813519835978,11.024617966360568,10.725789930143646,10.814726829528809,265800,0.0,0.0
2002-05-16 00:00:00-04:00,10.892990970984647,11.177588757635567,10.565703177068766,10.6724271774292,541000,0.0,0.0
2002-05-17 00:00:00-04:00,10.601279532814097,10.690216443923394,10.594165095611789,10.679544448852539,249600,0.0,0.0
2002-05-20 00:00:00-04:00,10.67954504424343,10.761366844177246,10.672429928109665,10.761366844177246,283800,0.0,0.0
2002-05-21 00:00:00-04:00,10.761366192322896,10.832515992281092,9.960933996199705,10.458980560302734,744200,0.0,0.0
2002-05-22 00:00:00-04:00,10.458987243367053,10.458987243367053,9.779508865880091,9.96094036102295,708800,0.0,0.0
2002-05-23 00:00:00-04:00,9.925360461551898,10.174384117126465,9.640762579639429,10.174384117126465,502600,0.0,0.0
2002-05-24 00:00:00-04:00,10.174383174898788,10.345141888232673,10.08188870220923,10.20995807647705,352200,0.0,0.0
2002-05-28 00:00:00-04:00,10.174381901947395,10.245531017667401,9.605185583513713,9.904013633728027,505600,0.0,0.0
2002-05-29 00:00:00-04:00,9.889784813217844,9.889784813217844,9.676336757096815,9.697681427001953,510000,0.0,0.0
2002-05-30 00:00:00-04:00,9.626528180911142,9.640758408116833,8.804751558750754,9.139154434204102,1755800,0.0,0.0
2002-05-31 00:00:00-04:00,9.139156971367177,9.42019725135464,8.794081329711538,9.370392799377441,1021400,0.0,0.0
2002-06-03 00:00:00-04:00,9.373949295478553,9.427311299201055,8.964839695559785,9.035988807678223,547200,0.0,0.0
2002-06-04 00:00:00-04:00,8.94705351332118,8.94705351332118,8.377857121612427,8.537943840026855,1071800,0.0,0.0
2002-06-05 00:00:00-04:00,8.626881032392701,8.858116883121003,8.50236921168213,8.843887329101562,573600,0.0,0.0
2002-06-06 00:00:00-04:00,8.843887673389293,8.879461899090199,8.644668481082947,8.804755210876465,420400,0.0,0.0
2002-06-07 00:00:00-04:00,8.733602658159269,9.124925124722834,8.55217199278168,9.02531623840332,574800,0.0,0.0
2002-06-10 00:00:00-04:00,8.98973926187607,9.167613007404913,8.89724483277693,8.929262161254883,406400,0.0,0.0
2002-06-11 00:00:00-04:00,8.897246753744245,9.107137873067753,8.822539411654445,8.964838981628418,596400,0.0,0.0
2002-06-12 00:00:00-04:00,8.954167408477527,8.961282523555766,8.680241584777832,8.680241584777832,626200,0.0,0.0
2002-06-13 00:00:00-04:00,8.680241633211839,8.680241633211839,7.755297702456172,8.285362243652344,903200,0.0,0.0
2002-06-14 00:00:00-04:00,8.196423028651738,8.196423028651738,7.7446235241040995,8.1821928024292,580600,0.0,0.0
2002-06-17 00:00:00-04:00,8.111045088632235,8.456120698299916,8.111045088632235,8.313821792602539,1170800,0.0,0.0
2002-06-18 00:00:00-04:00,8.288919122676589,8.363626474345503,8.253344904156341,8.285362243652344,410400,0.0,0.0
2002-06-19 00:00:00-04:00,8.235557239208635,8.459678619023803,8.2319996815966,8.388528823852539,715800,0.0,0.0
2002-06-20 00:00:00-04:00,8.34228174208388,8.345838621080224,8.004321240514919,8.143062591552734,470000,0.0,0.0
2002-06-21 00:00:00-04:00,8.143063417105521,8.182195875379774,7.99364937832676,8.004322052001953,240000,0.0,0.0
2002-06-24 00:00:00-04:00,7.91538456625374,7.958074579323652,7.0331306291331215,7.556079387664795,1041000,0.0,0.0
2002-06-25 00:00:00-04:00,7.630787110302135,7.911827391623573,7.399550602659523,7.509832859039307,513600,0.0,0.0
2002-06-26 00:00:00-04:00,7.42800991864763,7.42800991864763,7.026015411386853,7.107837200164795,761800,0.0,0.0
2002-06-27 00:00:00-04:00,7.026017317460171,7.243023639079986,6.865930575521797,6.972655296325684,620800,0.0,0.0
2002-06-28 00:00:00-04:00,7.018901495897028,7.524063223769209,7.008229499862199,7.435126304626465,1056400,0.0,0.0
2002-07-01 00:00:00-04:00,7.470702195167542,7.719725873087101,7.082937122183194,7.114954471588135,550800,0.0,0.0
2002-07-02 00:00:00-04:00,7.033129408859234,7.043801401374028,6.45681806434863,6.595560073852539,1134400,0.0,0.0
2002-07-03 00:00:00-04:00,6.55287213381245,6.581331920380811,6.1188602190112285,6.182894229888916,1195000,0.0,0.0
2002-07-05 00:00:00-04:00,6.225583481298952,6.688055125638688,6.225583481298952,6.385670185089111,306800,0.0,0.0
2002-07-08 00:00:00-04:00,6.456817739755027,6.720070838928223,6.3500937487645315,6.720070838928223,589200,0.0,0.0
2002-07-09 00:00:00-04:00,6.705841711696578,6.705841711696578,6.40345614683362,6.527967929840088,422600,0.0,0.0
2002-07-10 00:00:00-04:00,6.531525694452281,6.645364809892335,6.104628333017428,6.133088111877441,445800,0.0,0.0
2002-07-11 00:00:00-04:00,5.994348888387292,6.0477109077486855,5.5212044739224675,5.820032596588135,969600,0.0,0.0
2002-07-12 00:00:00-04:00,5.94098526439484,6.083284170435945,5.766668341142941,5.780898571014404,474200,0.0,0.0
2002-07-15 00:00:00-04:00,5.780900483474953,5.869837413989953,5.478514784016969,5.8164753913879395,529600,0.0,0.0
2002-07-16 00:00:00-04:00,5.802243027024777,5.837817921879564,5.453610550224162,5.496300220489502,615800,0.0,0.0
2002-07-17 00:00:00-04:00,5.656386568801363,5.869835259395405,5.2828518691628,5.496300220489502,604000,0.0,0.0
2002-07-18 00:00:00-04:00,5.549663786696499,5.905411456631725,5.549663786696499,5.691962718963623,692400,0.0,0.0
2002-07-19 00:00:00-04:00,5.6919613887453515,5.6919613887453515,5.521202709931313,5.620811939239502,606800,0.0,0.0
2002-07-22 00:00:00-04:00,5.585239076315571,5.691963459025797,4.9840255852336535,5.250836372375488,547400,0.0,0.0
2002-07-23 00:00:00-04:00,5.286410831745956,5.375347758964701,4.891530997031008,4.927105903625488,535800,0.0,0.0
2002-07-24 00:00:00-04:00,4.895088019732896,5.691962718963623,4.745673971218707,5.691962718963623,751400,0.0,0.0
2002-07-25 00:00:00-04:00,5.691960949625101,5.962329176156448,5.2294890546146,5.439380168914795,798000,0.0,0.0
2002-07-26 00:00:00-04:00,5.4607273195882255,5.741767649177849,5.4607273195882255,5.656388282775879,581800,0.0,0.0
2002-07-29 00:00:00-04:00,5.8164751362227705,6.314521789550781,5.798687343779151,6.314521789550781,972000,0.0,0.0
2002-07-30 00:00:00-04:00,6.31451882390322,6.503065264044329,5.674173185175069,5.834259510040283,780800,0.0,0.0
2002-07-31 00:00:00-04:00,5.887623783449401,6.190009444632735,5.396692287701929,5.603025913238525,763800,0.0,0.0
2002-08-01 00:00:00-04:00,5.5994673616578625,5.727536719799745,5.386018996866996,5.414478778839111,546000,0.0,0.0
2002-08-02 00:00:00-04:00,5.396691987347634,5.400249545344128,4.980467201245047,4.994697093963623,375000,0.0,0.0
2002-08-05 00:00:00-04:00,5.069401747572063,5.069401747572063,4.453958750890539,4.464631080627441,640000,0.0,0.0
2002-08-06 00:00:00-04:00,4.731444690427141,5.144111986684606,4.649622539331976,5.140554428100586,559000,0.0,0.0
2002-08-07 00:00:00-04:00,5.307754369268222,5.357559156813169,4.952006759206102,5.190357685089111,433200,0.0,0.0
2002-08-08 00:00:00-04:00,5.247276150232266,5.279293482719838,4.631833076477051,4.631833076477051,813600,0.0,0.0
2002-08-09 00:00:00-04:00,4.660294302766103,4.8346105680487215,4.635391736820448,4.745673656463623,596600,0.0,0.0
2002-08-12 00:00:00-04:00,4.962679740785527,4.962679740785527,4.767018461838751,4.919990062713623,399800,0.0,0.0
2002-08-13 00:00:00-04:00,4.884418092753159,5.17613157688509,4.873745751646993,4.980470180511475,585600,0.0,0.0
2002-08-14 00:00:00-04:00,4.984024798836336,5.371789802582309,4.984024798836336,5.350444793701172,604400,0.0,0.0
2002-08-15 00:00:00-04:00,5.706192160450615,5.905410638008408,5.599467467143602,5.823588848114014,818600,0.0,0.0
2002-08-16 00:00:00-04:00,5.812915382854968,6.029921618984159,5.638599153936385,5.940984725952148,538000,0.0,0.0
2002-08-19 00:00:00-04:00,5.905410638008408,6.207796251242839,5.812916175222891,5.823588848114014,621400,0.0,0.0
2002-08-20 00:00:00-04:00,5.816475503914489,5.969447135925293,5.748883245425657,5.969447135925293,501000,0.0,0.0
2002-08-21 00:00:00-04:00,5.969444539047705,6.12953054030885,5.691961186913213,6.054823875427246,308200,0.0,0.0
2002-08-22 00:00:00-04:00,6.05482370869917,6.05482370869917,5.837817477292587,5.980116367340088,155000,0.0,0.0
2002-08-23 00:00:00-04:00,5.923197626897172,5.926755184455035,5.8342607235547685,5.8982954025268555,287800,0.0,0.0
2002-08-26 00:00:00-04:00,5.980118302785728,6.207797279083912,5.709749984924343,6.086843013763428,427400,0.0,0.0
2002-08-27 00:00:00-04:00,6.150876354714601,6.1544332336185334,5.994347220088222,5.9979047775268555,379800,0.0,0.0
2002-08-28 00:00:00-04:00,5.944543235019004,5.944543235019004,5.571008453246131,5.578123569488525,360000,0.0,0.0
2002-08-29 00:00:00-04:00,5.549661948586074,5.795127949530034,5.499857169154775,5.727535724639893,305800,0.0,0.0
2002-08-30 00:00:00-04:00,5.642157560930246,5.812916607959123,5.620812892093758,5.659945011138916,236000,0.0,0.0
2002-09-03 00:00:00-04:00,5.531875938851652,5.599467842017064,5.300639766407048,5.3397722244262695,398800,0.0,0.0
2002-09-04 00:00:00-04:00,5.4785131927909765,5.752439022064209,5.425151185687879,5.752439022064209,404200,0.0,0.0
2002-09-05 00:00:00-04:00,5.691962704600787,5.691962704600787,5.485629083700402,5.542548656463623,239800,0.0,0.0
2002-09-06 00:00:00-04:00,5.5532215794431155,5.869837160541965,5.5532215794431155,5.866279602050781,434200,0.0,0.0
2002-09-09 00:00:00-04:00,5.901854508427713,5.901854508427713,5.645716064609178,5.866279602050781,413400,0.0,0.0
2002-09-10 00:00:00-04:00,5.873395072967278,5.94810177017929,5.820033049453705,5.862722396850586,291800,0.0,0.0
2002-09-11 00:00:00-04:00,5.898294175028313,5.940984178303696,5.8057997333771345,5.85560417175293,280400,0.0,0.0
2002-09-12 00:00:00-04:00,5.8449339669725635,5.8449339669725635,5.6314852424010775,5.8307037353515625,161200,0.0,0.0
2002-09-13 00:00:00-04:00,5.798684827940656,5.891179272912795,5.7026335045578955,5.727535724639893,248200,0.0,0.0
2002-09-16 00:00:00-04:00,5.727536553737064,5.923197464305577,5.681289324556415,5.7239789962768555,223800,0.0,0.0
2002-09-17 00:00:00-04:00,5.798685895821025,5.8769508059600435,5.674174433213824,5.677731990814209,289400,0.0,0.0
2002-09-18 00:00:00-04:00,5.595907978794859,5.603023091600727,5.243718037318382,5.45716667175293,419600,0.0,0.0
2002-09-19 00:00:00-04:00,5.446494599763054,5.446494599763054,5.144109076537359,5.265063285827637,222400,0.0,0.0
2002-09-20 00:00:00-04:00,5.26506685528033,5.318428882959413,5.1263251083402155,5.2757391929626465,232000,0.0,0.0
2002-09-23 00:00:00-04:00,5.286408922856458,5.297081594541438,4.688753218458126,4.991138458251953,588800,0.0,0.0
2002-09-24 00:00:00-04:00,4.905758990184494,5.087190332806268,4.859511765245572,4.948448657989502,376600,0.0,0.0
2002-09-25 00:00:00-04:00,5.05161795958626,5.240164171249325,4.827496837375073,5.233049392700195,380400,0.0,0.0
2002-09-26 00:00:00-04:00,5.30419662504831,5.414478529563544,5.22948961599408,5.407363414764404,432000,0.0,0.0
2002-09-27 00:00:00-04:00,5.396692509593621,5.4073648453484795,5.048059595349691,5.087192058563232,246200,0.0,0.0
2002-09-30 00:00:00-04:00,5.087191813567566,5.087191813567566,4.841725728155243,4.984025001525879,421200,0.0,0.0
2002-10-01 00:00:00-04:00,5.104979506894955,5.104979506894955,4.589145082991627,5.069404602050781,539400,0.0,0.0
2002-10-02 00:00:00-04:00,5.033828686187414,5.0373862438108015,4.642506507833786,4.749230861663818,501600,0.0,0.0
2002-10-03 00:00:00-04:00,4.713657844249951,4.813267122567502,4.653180697597419,4.80615234375,405400,0.0,0.0
2002-10-04 00:00:00-04:00,4.927103551654544,4.94489065719359,4.553568567790616,4.767016887664795,445800,0.0,0.0
2002-10-07 00:00:00-04:00,4.678082594433479,4.820381892446909,4.44684670165444,4.589145660400391,437800,0.0,0.0
2002-10-08 00:00:00-04:00,4.571357477411206,4.702984068327956,4.532225018444469,4.603374481201172,393400,0.0,0.0
2002-10-09 00:00:00-04:00,4.52155154767412,4.52155154767412,4.059079647064209,4.059079647064209,608200,0.0,0.0
2002-10-10 00:00:00-04:00,4.080424070814961,4.375694479587329,4.00571707948296,4.0910964012146,516800,0.0,0.0
2002-10-11 00:00:00-04:00,4.233397132786415,4.4148285257174535,4.194265011264342,4.293874263763428,593200,0.0,0.0
2002-10-14 00:00:00-04:00,4.258298860949798,4.3081033077479916,4.201379299313376,4.2618560791015625,281800,0.0,0.0
2002-10-15 00:00:00-04:00,4.304545895975729,4.74923037534234,4.304545895975729,4.731442928314209,807200,0.0,0.0
2002-10-16 00:00:00-04:00,4.621161716555313,4.692311175999442,4.528667249644253,4.685196399688721,433200,0.0,0.0
2002-10-17 00:00:00-04:00,4.7207720211117765,5.0160425774186574,4.7207720211117765,4.97691011428833,257200,0.0,0.0
2002-10-18 00:00:00-04:00,4.9840247799933195,5.104979038238525,4.848840628970291,5.104979038238525,221600,0.0,0.0
2002-10-21 00:00:00-04:00,5.069404720552468,5.282853476072181,4.8595135234538205,5.261508464813232,439200,0.0,0.0
2002-10-22 00:00:00-04:00,5.229488713469029,5.26150604600479,5.136994272647339,5.165454387664795,347000,0.0,0.0
2002-10-23 00:00:00-04:00,5.2010297864758925,5.225932009504266,5.129880335489581,5.218817234039307,213600,0.0,0.0
2002-10-24 00:00:00-04:00,5.371788767032428,5.71330612915515,5.318426424750247,5.496300220489502,577600,0.0,0.0
2002-10-25 00:00:00-04:00,5.5496626482982725,5.560334981212245,5.26862206026979,5.389575958251953,239200,0.0,0.0
2002-10-28 00:00:00-05:00,5.425151663476668,5.5140885759926785,4.8025932758645915,5.101421356201172,578800,0.0,0.0
2002-10-29 00:00:00-05:00,5.172571068130265,5.482071497918851,4.909317875795248,5.300640106201172,569600,0.0,0.0
2002-10-30 00:00:00-05:00,5.332657450535752,5.414479590420503,5.229490640606223,5.300640106201172,333000,0.0,0.0
2002-10-31 00:00:00-05:00,5.300640718365837,5.31487061312822,4.646065220028753,4.724329471588135,798200,0.0,0.0
2002-11-01 00:00:00-05:00,4.720771424141213,4.791920885470747,4.599817170247309,4.688754081726074,358400,0.0,0.0
2002-11-04 00:00:00-05:00,4.7278858003517055,4.816822704300584,4.521552210331696,4.525109767913818,460800,0.0,0.0
2002-11-05 00:00:00-05:00,4.553570140983984,4.678081619110701,4.478863118400991,4.532225131988525,503600,0.0,0.0
2002-11-06 00:00:00-05:00,4.535781689539433,4.784804930131268,4.535781689539433,4.731442928314209,588400,0.0,0.0
2002-11-07 00:00:00-05:00,4.717213960879296,4.717213960879296,4.5784722540531755,4.603374481201172,182800,0.0,0.0
2002-11-08 00:00:00-05:00,4.5998187472381815,4.681640571001895,4.372140053659462,4.375697612762451,195600,0.0,0.0
2002-11-11 00:00:00-05:00,4.37925521501398,4.37925521501398,3.9559151770772867,4.1871514320373535,797200,0.0,0.0
2002-11-12 00:00:00-05:00,4.1978226852456215,4.251184701454653,4.055523409909162,4.165805339813232,479200,0.0,0.0
2002-11-13 00:00:00-05:00,4.180035821325817,4.204938053823444,3.984374502261327,4.1729207038879395,318200,0.0,0.0
2002-11-14 00:00:00-05:00,4.180034439896642,4.375695694298467,4.180034439896642,4.3187761306762695,406400,0.0,0.0
2002-11-15 00:00:00-05:00,4.308105006266885,4.350794694325091,4.172920824448825,4.3045477867126465,375400,0.0,0.0
2002-11-18 00:00:00-05:00,4.311661479360816,4.340121264233107,4.091097976966864,4.283201694488525,379400,0.0,0.0
2002-11-19 00:00:00-05:00,4.272529958932044,4.393484231229212,4.233397494796227,4.286759853363037,420200,0.0,0.0
2002-11-20 00:00:00-05:00,4.2760878689134625,4.393484592437744,4.268972751479277,4.393484592437744,293000,0.0,0.0
2002-11-21 00:00:00-05:00,4.41127110920408,4.660294757346871,4.404156332002318,4.57847261428833,379600,0.0,0.0
2002-11-22 00:00:00-05:00,4.610489073173515,4.855954776606211,4.517994612467192,4.838167667388916,414200,0.0,0.0
2002-11-25 00:00:00-05:00,4.852398750771361,5.158341650675123,4.8381688563401966,5.072962284088135,290600,0.0,0.0
2002-11-26 00:00:00-05:00,5.08007717991517,5.087192296930088,4.720772252348128,4.724329471588135,240000,0.0,0.0
2002-11-27 00:00:00-05:00,4.735001814806547,5.048059477608491,4.735001814806547,4.987582683563232,247000,0.0,0.0
2002-11-29 00:00:00-05:00,4.927106637055063,5.005370900385102,4.802594784707497,4.80615234375,97000,0.0,0.0
2002-12-02 00:00:00-05:00,4.873743663321558,4.980468046456255,4.749232165720628,4.8203816413879395,337800,0.0,0.0
2002-12-03 00:00:00-05:00,4.791919052111495,4.809706495455358,4.653177401150076,4.69586706161499,273200,0.0,0.0
2002-12-04 00:00:00-05:00,4.624719521621093,4.923547606531701,4.624719521621093,4.788363456726074,220000,0.0,0.0
2002-12-05 00:00:00-05:00,4.76346047219529,4.774132805169199,4.446844986985665,4.64962100982666,222200,0.0,0.0
2002-12-06 00:00:00-05:00,4.646064510153869,4.695868964578834,4.624719501637885,4.638949394226074,84800,0.0,0.0
2002-12-09 00:00:00-05:00,4.624719848632812,4.624719848632812,4.411271104527404,4.446846008300781,209200,0.0,0.0
2002-12-10 00:00:00-05:00,4.446846584104142,4.820381765022384,4.436174247297184,4.713657379150391,499400,0.0,0.0
2002-12-11 00:00:00-05:00,4.713655843538417,4.916431873147722,4.638948831692774,4.7848052978515625,366000,0.0,0.0
2002-12-12 00:00:00-05:00,4.784808436365717,4.784808436365717,4.610492074141801,4.699429035186768,306400,0.0,0.0
2002-12-13 00:00:00-05:00,4.6994255915170395,4.774132597621324,4.688753259007094,4.731442928314209,295800,0.0,0.0
2002-12-16 00:00:00-05:00,4.74923058180763,4.781247580729355,4.560684110086947,4.64962100982666,217000,0.0,0.0
2002-12-17 00:00:00-05:00,4.624718759574143,4.6425062072721275,4.4432874037359165,4.5357818603515625,640400,0.0,0.0
2002-12-18 00:00:00-05:00,4.5002091279595176,4.5002091279595176,4.372140053659462,4.375697612762451,334200,0.0,0.0
2002-12-19 00:00:00-05:00,4.34012235712741,4.421944513689584,4.236955526169875,4.3045477867126465,378000,0.0,0.0
2002-12-20 00:00:00-05:00,4.304546702776442,4.30810392143493,4.165804997073477,4.283201694488525,415400,0.0,0.0
2002-12-23 00:00:00-05:00,4.272526390774475,4.333003476416227,4.2333939593197165,4.276083946228027,281000,0.0,0.0
2002-12-24 00:00:00-05:00,4.251185067008443,4.322334541161009,4.251185067008443,4.2725300788879395,153600,0.0,0.0
2002-12-26 00:00:00-05:00,4.27252913412656,4.411270493228071,4.27252913412656,4.3685808181762695,178200,0.0,0.0
2002-12-27 00:00:00-05:00,4.333003964788679,4.361463733090476,4.268969316476034,4.297429084777832,196200,0.0,0.0
2002-12-30 00:00:00-05:00,4.297430996346774,4.343678225225533,4.236953876987423,4.3365631103515625,370600,0.0,0.0
2002-12-31 00:00:00-05:00,4.386368644222062,4.574914810040054,4.3401214074615355,4.436173439025879,493200,0.0,0.0
2003-01-02 00:00:00-05:00,4.411270779193818,4.6780815200144295,4.379253775279961,4.656736850738525,307000,0.0,0.0
2003-01-03 00:00:00-05:00,4.574914805076737,4.692311506238633,4.5108804567040535,4.514437675476074,650600,0.0,0.0
2003-01-06 00:00:00-05:00,4.517997733182156,4.574917336235224,4.514440173174441,4.553572654724121,323200,0.0,0.0
2003-01-07 00:00:00-05:00,4.5535699104663525,4.642506821454885,4.5535699104663525,4.6176042556762695,538400,0.0,0.0
2003-01-08 00:00:00-05:00,4.606933007813222,4.617605344653851,4.532225971393873,4.599818229675293,212200,0.0,0.0
2003-01-09 00:00:00-05:00,4.6211620645894484,4.752788659291142,4.6211620645894484,4.681639194488525,378000,0.0,0.0
2003-01-10 00:00:00-05:00,4.667407854889636,4.781246963289994,4.624718189239502,4.624718189239502,377400,0.0,0.0
2003-01-13 00:00:00-05:00,4.649622207954165,4.848841063984022,4.649622207954165,4.770576477050781,391400,0.0,0.0
2003-01-14 00:00:00-05:00,4.752789385053397,4.8310539779211705,4.69942736311978,4.8203816413879395,388800,0.0,0.0
2003-01-15 00:00:00-05:00,4.838167991944136,4.838167991944136,4.6745240655889475,4.685196399688721,302200,0.0,0.0
2003-01-16 00:00:00-05:00,4.64962041888548,4.7670170844800435,4.606930753148121,4.6638503074646,363800,0.0,0.0
2003-01-17 00:00:00-05:00,4.628278128506136,4.660295479040845,4.553571090347643,4.589145660400391,201600,0.0,0.0
2003-01-21 00:00:00-05:00,4.589144944859435,4.592702503090258,4.400598769102362,4.446846008300781,258200,0.0,0.0
2003-01-22 00:00:00-05:00,4.446845870266157,4.446845870266157,4.276087151696295,4.293874263763428,258600,0.0,0.0
2003-01-23 00:00:00-05:00,4.308104393851734,4.379254203101982,4.1871504645146675,4.190707683563232,631800,0.0,0.0
2003-01-24 00:00:00-05:00,4.187149744317798,4.187149744317798,4.087540164207442,4.123115062713623,262000,0.0,0.0
2003-01-27 00:00:00-05:00,4.03417884175399,4.069753407042482,3.881207227137916,3.9096670150756836,428400,0.0,0.0
2003-01-28 00:00:00-05:00,3.9238964661434403,4.148017525306765,3.9238964661434403,4.094655513763428,438600,0.0,0.0
2003-01-29 00:00:00-05:00,4.073309816319337,4.180034160614014,4.012832699194599,4.180034160614014,300600,0.0,0.0
2003-01-30 00:00:00-05:00,4.180034484091966,4.297431170120819,4.03417801595111,4.0448503494262695,292400,0.0,0.0
2003-01-31 00:00:00-05:00,4.037736644550743,4.279644856669469,4.037736644550743,4.2725300788879395,343000,0.0,0.0
2003-02-03 00:00:00-05:00,4.279641644772409,4.311658968928731,4.194262339867016,4.297429084777832,398600,0.0,0.0
2003-02-04 00:00:00-05:00,4.279644855264599,4.382811677568817,4.2618574019154325,4.3472371101379395,392400,0.0,0.0
2003-02-05 00:00:00-05:00,4.350792354201439,4.350792354201439,4.148016360173488,4.219165802001953,315200,0.0,0.0
2003-02-06 00:00:00-05:00,4.187150938763695,4.187150938763695,4.091098888957183,4.1729207038879395,318600,0.0,0.0
2003-02-07 00:00:00-05:00,4.172920600936566,4.251185194484967,4.108886241912842,4.108886241912842,428000,0.0,0.0
2003-02-10 00:00:00-05:00,4.112441579494307,4.1622460163624115,3.877647925656588,3.95947003364563,308400,0.0,0.0
2003-02-11 00:00:00-05:00,3.96303033849512,3.9737026767579144,3.9096679686461164,3.927455425262451,397000,0.0,0.0
2003-02-12 00:00:00-05:00,3.927455309809035,3.948800324974671,3.8918803976221437,3.9310128688812256,243200,0.0,0.0
2003-02-13 00:00:00-05:00,3.9310114314464912,3.9310114314464912,3.756695171860656,3.9132239818573,620200,0.0,0.0
2003-02-14 00:00:00-05:00,3.8954378300195085,4.005719782798634,3.8776503745044892,3.9737024307250977,173400,0.0,0.0
2003-02-18 00:00:00-05:00,3.955913931988005,4.15513277053833,3.948799155218746,4.15513277053833,206000,0.0,0.0
2003-02-19 00:00:00-05:00,4.190707041939587,4.2262819411179695,3.8420745227679163,3.9132239818573,589600,0.0,0.0
2003-02-20 00:00:00-05:00,3.9167819075655643,4.002161266493241,3.8847645631508323,3.9345693588256836,411200,0.0,0.0
2003-02-21 00:00:00-05:00,3.9345687524125412,3.984373201143897,3.9132237463367017,3.9523558616638184,170000,0.0,0.0
2003-02-24 00:00:00-05:00,3.9879317283973235,3.9879317283973235,3.8065003200720144,3.8100578784942627,315600,0.0,0.0
2003-02-25 00:00:00-05:00,3.806498439777427,3.913222764854178,3.8029408831125036,3.877647876739502,178600,0.0,0.0
2003-02-26 00:00:00-05:00,3.8598630408320274,3.8598630408320274,3.8349604688067562,3.8420755863189697,143000,0.0,0.0
2003-02-27 00:00:00-05:00,3.8136162314043776,4.002162456586434,3.8136162314043776,3.966587543487549,392600,0.0,0.0
2003-02-28 00:00:00-05:00,3.9701423645077547,3.984372252079682,3.9132228142200463,3.95947003364563,258800,0.0,0.0
2003-03-03 00:00:00-05:00,3.948800208155062,3.948800208155062,3.8242883584519536,3.916782855987549,218600,0.0,0.0
2003-03-04 00:00:00-05:00,3.913224192964651,3.916781750927886,3.5752639896075475,3.6784307956695557,720800,0.0,0.0
2003-03-05 00:00:00-05:00,3.6748728437257596,3.6748728437257596,3.521901260380641,3.5539186000823975,403200,0.0,0.0
2003-03-06 00:00:00-05:00,3.5574785499501442,3.5752660105534133,3.5396910893468747,3.5610361099243164,409600,0.0,0.0
2003-03-07 00:00:00-05:00,3.5503622144002627,3.8420755863189697,3.5290175403985744,3.8420755863189697,431600,0.0,0.0
2003-03-10 00:00:00-05:00,3.834959978307146,3.834959978307146,3.614396452651218,3.6286263465881348,175600,0.0,0.0
2003-03-11 00:00:00-05:00,3.62151193460395,3.6250691539964692,3.5574772357940674,3.5574772357940674,194200,0.0,0.0
2003-03-12 00:00:00-05:00,3.5468043027159495,3.5574766376339766,3.4898847307965917,3.514786958694458,203200,0.0,0.0
2003-03-13 00:00:00-05:00,3.550361303025869,3.731792681804336,3.543246526607488,3.7140052318573,240600,0.0,0.0
2003-03-14 00:00:00-05:00,3.770924450240134,3.8420738977552196,3.6891023311472906,3.8064990043640137,369200,0.0,0.0
2003-03-17 00:00:00-05:00,3.8029431124716573,3.9167826176131846,3.792270775487834,3.852747917175293,275600,0.0,0.0
2003-03-18 00:00:00-05:00,3.842073144391226,4.002159454726848,3.842073144391226,3.9487974643707275,222600,0.0,0.0
2003-03-19 00:00:00-05:00,3.9487988810356827,3.9487988810356827,3.810057181360848,3.9132239818573,250000,0.0,0.0
2003-03-20 00:00:00-05:00,3.895437811204379,4.140903949737549,3.7638111838569883,4.140903949737549,259000,0.0,0.0
2003-03-21 00:00:00-05:00,4.197823038673339,4.3223345333998955,4.197823038673339,4.311662197113037,494600,0.0,0.0
2003-03-24 00:00:00-05:00,4.276085270900417,4.276085270900417,4.037734409949142,4.0910964012146,397000,0.0,0.0
2003-03-25 00:00:00-05:00,4.0946562252647825,4.204937825421887,4.0199491925623265,4.1978230476379395,136400,0.0,0.0
2003-03-26 00:00:00-05:00,4.180032455716117,4.304544196486881,4.098210706665249,4.297429084777832,566400,0.0,0.0
2003-03-27 00:00:00-05:00,4.297431832163044,4.35079384702691,4.162247676671509,4.32944917678833,313400,0.0,0.0
2003-03-28 00:00:00-05:00,4.304548169452652,4.304548169452652,4.165806416476612,4.1871514320373535,261000,0.0,0.0
2003-03-31 00:00:00-05:00,4.169361827964747,4.2511836103880185,4.098212378190742,4.180034160614014,287000,0.0,0.0
2003-04-01 00:00:00-05:00,4.162247173653707,4.180034622881144,4.048408041425908,4.1444597244262695,341800,0.0,0.0
2003-04-02 00:00:00-05:00,4.180035247802734,4.517995476580108,4.180035247802734,4.446846008300781,570600,0.0,0.0
2003-04-03 00:00:00-05:00,4.418385631378147,4.553569772702952,4.418385631378147,4.500207424163818,334400,0.0,0.0
2003-04-04 00:00:00-05:00,4.517994403839111,4.589143855224895,4.471747175621515,4.517994403839111,186800,0.0,0.0
2003-04-07 00:00:00-04:00,4.660294173351384,4.752788300988138,4.606931824321743,4.646064281463623,360400,0.0,0.0
2003-04-08 00:00:00-04:00,4.646064275007978,4.674524058743955,4.589144368268641,4.6674089431762695,195600,0.0,0.0
2003-04-09 00:00:00-04:00,4.649621499985026,4.724328517212617,4.642506723674837,4.646064281463623,399400,0.0,0.0
2003-04-10 00:00:00-04:00,4.649622909984622,4.806152107484904,4.624720676446276,4.742117404937744,302000,0.0,0.0
2003-04-11 00:00:00-04:00,4.777691717510791,4.9555655674342916,4.681639675703728,4.774134159088135,340800,0.0,0.0
2003-04-14 00:00:00-04:00,4.7776915963220326,4.848841066633198,4.742116691532732,4.845283508300781,381200,0.0,0.0
2003-04-15 00:00:00-04:00,4.813266156296711,5.016042570534133,4.774134032487528,4.884415626525879,291400,0.0,0.0
2003-04-16 00:00:00-04:00,4.980467197348401,5.051616660885611,4.902202617823767,4.937777519226074,200400,0.0,0.0
2003-04-17 00:00:00-04:00,4.941334732307122,5.030271640337555,4.866627715990863,4.998254299163818,267600,0.0,0.0
2003-04-21 00:00:00-04:00,5.094307299807475,5.261508825105114,5.037387718242527,5.201031684875488,365400,0.0,0.0
2003-04-22 00:00:00-04:00,5.204587304042673,5.510530110577949,5.193914971293173,5.496300220489502,595800,0.0,0.0
2003-04-23 00:00:00-04:00,5.4963003141495665,5.4963003141495665,5.30063906764874,5.407363414764404,254200,0.0,0.0
2003-04-24 00:00:00-04:00,5.354003179582108,5.503417247050814,5.325543389518303,5.329100608825684,181400,0.0,0.0
2003-04-25 00:00:00-04:00,5.329098734431315,5.421593189239502,5.229489504243373,5.421593189239502,420000,0.0,0.0
2003-04-28 00:00:00-04:00,5.567449527403814,5.862719993577565,5.46072552412546,5.827145099639893,1209000,0.0,0.0
2003-04-29 00:00:00-04:00,5.841377500998634,6.190010098465729,5.816475269541687,6.0904011726379395,1230600,0.0,0.0
2003-04-30 00:00:00-04:00,6.090400783614819,6.090400783614819,5.905411820986606,6.065497875213623,755400,0.0,0.0
2003-05-01 00:00:00-04:00,6.0477085945631375,6.058381265767187,5.802242585147055,5.980116367340088,248200,0.0,0.0
2003-05-02 00:00:00-04:00,5.980118526429841,6.165107489548181,5.933871624917694,6.136647701263428,429400,0.0,0.0
2003-05-05 00:00:00-04:00,6.15087723681339,6.278945930297061,6.051267649850714,6.257601261138916,228600,0.0,0.0
2003-05-06 00:00:00-04:00,6.257600922578963,6.342980273126996,6.232698696819298,6.296733379364014,258200,0.0,0.0
2003-05-07 00:00:00-04:00,6.2967337365982905,6.350095748901367,6.1971241493736935,6.350095748901367,268800,0.0,0.0
2003-05-08 00:00:00-04:00,6.325192707599433,6.421244045968073,6.293175368631649,6.410572052001953,530200,0.0,0.0
2003-05-09 00:00:00-04:00,6.421244293631483,6.545756096804685,6.421244293631483,6.517296314239502,394000,0.0,0.0
2003-05-12 00:00:00-04:00,6.517294728558121,6.659593606762203,6.442588071951444,6.65247917175293,330000,0.0,0.0
2003-05-13 00:00:00-04:00,6.7058416999581905,6.990439479016541,6.67026680794224,6.865927696228027,552400,0.0,0.0
2003-05-14 00:00:00-04:00,6.865929364788443,6.86948692270806,6.627578412452462,6.759205341339111,406000,0.0,0.0
2003-05-15 00:00:00-04:00,6.72362839654728,6.766318400069191,6.620461962382422,6.698726177215576,273400,0.0,0.0
2003-05-16 00:00:00-04:00,6.698729019232857,6.698729019232857,6.282504192077767,6.421245574951172,620200,0.0,0.0
2003-05-19 00:00:00-04:00,6.385671119153627,6.3927855570579375,5.869836712406955,6.143762588500977,624600,0.0,0.0
2003-05-20 00:00:00-04:00,6.161549458137028,6.190009244236755,5.940986285497845,6.058382987976074,366800,0.0,0.0
2003-05-21 00:00:00-04:00,6.051267038282954,6.154433494233198,5.940985467154147,6.083284378051758,217600,0.0,0.0
2003-05-22 00:00:00-04:00,6.0690557901583855,6.399901271615987,6.047711117380934,6.339424133300781,202600,0.0,0.0
2003-05-23 00:00:00-04:00,6.357210758560368,6.442590112525181,6.286060957655629,6.439032554626465,187600,0.0,0.0
2003-05-27 00:00:00-04:00,6.442591286810662,6.559988004726925,6.385671707126104,6.54575777053833,230400,0.0,0.0
2003-05-28 00:00:00-04:00,6.559987551530011,6.759206066662945,6.559987551530011,6.709401607513428,352200,0.0,0.0
2003-05-29 00:00:00-04:00,6.741417736212696,6.744974615336845,6.492394128368237,6.6453657150268555,497600,0.0,0.0
2003-05-30 00:00:00-04:00,6.670268404291778,7.043803163518201,6.552871707517634,6.688055515289307,638400,0.0,0.0
2003-06-02 00:00:00-04:00,6.7236317453374905,7.097167256960916,6.7236317453374905,6.976212978363037,315800,0.0,0.0
2003-06-03 00:00:00-04:00,6.951310374206594,7.036689740665845,6.908620351709525,7.022459506988525,282600,0.0,0.0
2003-06-04 00:00:00-04:00,7.026018146485517,7.175432230412937,7.022460587518793,7.09716796875,376200,0.0,0.0
2003-06-05 00:00:00-04:00,7.097163305226251,7.612996802818707,7.043800634324835,7.5418477058410645,672800,0.0,0.0
2003-06-06 00:00:00-04:00,7.577427211197345,7.684151949059363,7.239467237638508,7.250139236450195,561800,0.0,0.0
2003-06-09 00:00:00-04:00,7.2038913974357754,7.2714836548582875,7.072264441248245,7.079379558563232,168600,0.0,0.0
2003-06-10 00:00:00-04:00,7.13274132775153,7.506276831088126,7.13274132775153,7.463586807250977,338600,0.0,0.0
2003-06-11 00:00:00-04:00,7.463585265557245,7.506275280576255,7.367533240665549,7.4173383712768555,316400,0.0,0.0
2003-06-12 00:00:00-04:00,7.45291321867849,7.8264479637146,7.424453435042737,7.8264479637146,558200,0.0,0.0
2003-06-13 00:00:00-04:00,7.826449886938214,7.837122562874796,7.474259723450185,7.527621746063232,638200,0.0,0.0
2003-06-16 00:00:00-04:00,7.595215661185165,7.684152611132216,7.4102266424468795,7.577427864074707,504800,0.0,0.0
2003-06-17 00:00:00-04:00,7.719724989903816,7.808661910623745,7.684150085908873,7.701937198638916,349000,0.0,0.0
2003-06-18 00:00:00-04:00,7.765971171454772,7.7908733983863065,7.648574474109827,7.730396270751953,496800,0.0,0.0
2003-06-19 00:00:00-04:00,7.762416882812992,7.762416882812992,7.524065829813492,7.577427864074707,245800,0.0,0.0
2003-06-20 00:00:00-04:00,7.620113225367998,7.911826133728027,7.5987685604607105,7.911826133728027,671800,0.0,0.0
2003-06-23 00:00:00-04:00,7.933173540891954,7.979421122467899,7.598771187124634,7.666362762451172,548200,0.0,0.0
2003-06-24 00:00:00-04:00,7.662806387592493,7.719725969795459,7.61300124426369,7.6592488288879395,146800,0.0,0.0
2003-06-25 00:00:00-04:00,7.701939472715552,7.7730893017131555,7.620117644342849,7.748187065124512,231600,0.0,0.0
2003-06-26 00:00:00-04:00,7.719725460967247,7.773087480948424,7.641460531695616,7.666362762451172,157400,0.0,0.0
2003-06-27 00:00:00-04:00,7.719724989903816,7.808661910623745,7.620115394424947,7.701937198638916,210600,0.0,0.0
2003-06-30 00:00:00-04:00,7.737514387214354,7.840681571407372,7.652134999538264,7.748187065124512,439000,0.0,0.0
2003-07-01 00:00:00-04:00,7.666359635624223,7.669917192643291,7.488485855878561,7.559635639190674,265400,0.0,0.0
2003-07-02 00:00:00-04:00,7.595215181566875,7.954520518087963,7.595215181566875,7.719727039337158,402800,0.0,0.0
2003-07-03 00:00:00-04:00,7.723282101696305,7.780202356919506,7.634345178303939,7.637902736663818,118400,0.0,0.0
2003-07-07 00:00:00-04:00,7.613001089202784,8.032783508300781,7.613001089202784,8.032783508300781,487600,0.0,0.0
2003-07-08 00:00:00-04:00,8.075471415192792,8.324494347307414,8.05768362669798,8.288919448852539,600800,0.0,0.0
2003-07-09 00:00:00-04:00,8.29247916879125,8.29247916879125,7.883369426222895,8.146622657775879,653200,0.0,0.0
2003-07-10 00:00:00-04:00,8.0932624820178,8.0932624820178,7.833566749838835,7.950963497161865,277600,0.0,0.0
2003-07-11 00:00:00-04:00,7.915386078613099,8.235558862939914,7.915386078613099,8.232001304626465,483000,0.0,0.0
2003-07-14 00:00:00-04:00,8.267574781193515,8.573517957956787,8.21777033047754,8.288919448852539,1414800,0.0,0.0
2003-07-15 00:00:00-04:00,8.377859230177064,8.56640578170415,8.356514555194654,8.47391128540039,683200,0.0,0.0
2003-07-16 00:00:00-04:00,8.466795835365224,8.502370744630111,8.253347736845814,8.39920425415039,238000,0.0,0.0
2003-07-17 00:00:00-04:00,8.328053483074019,8.36007082989684,7.918943769658383,8.100375175476074,313400,0.0,0.0
2003-07-18 00:00:00-04:00,8.089703827035363,8.089703827035363,7.819335453156051,7.947404861450195,289600,0.0,0.0
2003-07-21 00:00:00-04:00,7.940284628847675,7.940284628847675,7.630784662879468,7.755295753479004,446400,0.0,0.0
2003-07-22 00:00:00-04:00,7.7695246238081435,8.050564765930176,7.6307833307690665,8.050564765930176,320400,0.0,0.0
2003-07-23 00:00:00-04:00,8.014994854561323,8.153736221895906,8.00432218071451,8.064799308776855,138600,0.0,0.0
2003-07-24 00:00:00-04:00,8.111047390446753,8.427663308826627,8.100375393575062,8.413433074951172,807800,0.0,0.0
2003-07-25 00:00:00-04:00,8.409875516482309,8.502370001068066,8.30670903502486,8.413433074951172,242600,0.0,0.0
2003-07-28 00:00:00-04:00,8.41698981547927,8.64111122749386,8.360070242578544,8.50948429107666,399200,0.0,0.0
2003-07-29 00:00:00-04:00,8.484582299350572,8.520157203039275,8.075472603267599,8.25334644317627,844600,0.0,0.0
2003-07-30 00:00:00-04:00,8.146622067747803,8.235558991366306,7.719725241499922,7.858466625213623,586000,0.0,0.0
2003-07-31 00:00:00-04:00,7.9153835349048975,8.217769109023925,7.8904813132482685,8.125274658203125,389400,0.0,0.0
2003-08-01 00:00:00-04:00,8.07547048237352,8.079027361126867,7.808659792584105,7.8798089027404785,588200,0.0,0.0
2003-08-04 00:00:00-04:00,7.826449510975307,7.947403784973172,7.741070143188855,7.794432163238525,213800,0.0,0.0
2003-08-05 00:00:00-04:00,7.808664216211957,7.822893774890443,7.730399268607582,7.748187065124512,166600,0.0,0.0
2003-08-06 00:00:00-04:00,7.81933414180843,7.869139280311871,7.54185137508657,7.637902736663818,298400,0.0,0.0
2003-08-07 00:00:00-04:00,7.645015965664556,7.741067982059372,7.445797496446751,7.652131080627441,209000,0.0,0.0
2003-08-08 00:00:00-04:00,7.723280450754703,7.833562700732227,7.716166014090614,7.737510681152344,252400,0.0,0.0
2003-08-11 00:00:00-04:00,7.755297681941657,7.808660366650321,7.709050790866832,7.769527912139893,217800,0.0,0.0
2003-08-12 00:00:00-04:00,7.776645391584629,8.249789832971278,7.776645391584629,8.217772483825684,390200,0.0,0.0
2003-08-13 00:00:00-04:00,8.324496156245392,8.335168831661482,8.217772116224063,8.299593925476074,218000,0.0,0.0
2003-08-14 00:00:00-04:00,8.29959094252234,8.360068057741001,8.221326719871284,8.274688720703125,192200,0.0,0.0
2003-08-15 00:00:00-04:00,8.288917564162762,8.360067344894855,8.271130458247038,8.324492454528809,143600,0.0,0.0
2003-08-18 00:00:00-04:00,8.37785760822473,8.893692016601562,8.37785760822473,8.893692016601562,756400,0.0,0.0
2003-08-19 00:00:00-04:00,8.982628218632206,9.356162982052496,8.932823764452111,9.057334899902344,776600,0.0,0.0
2003-08-20 00:00:00-04:00,9.160504609862903,9.160504609862903,9.000417850121206,9.053780555725098,252600,0.0,0.0
2003-08-21 00:00:00-04:00,9.053779483064844,9.053779483064844,8.939939645994214,8.993302345275879,415400,0.0,0.0
2003-08-22 00:00:00-04:00,9.00041208698574,9.025314983638085,8.865228326402926,8.9043607711792,220600,0.0,0.0
2003-08-25 00:00:00-04:00,8.922152158215342,8.925709716587438,8.815428121192014,8.890134811401367,103200,0.0,0.0
2003-08-26 00:00:00-04:00,8.818984864472062,8.982628463254441,8.801197074255619,8.872346878051758,979400,0.0,0.0
2003-08-27 00:00:00-04:00,8.88657558306883,8.975512490053589,8.88657558306883,8.939937591552734,173200,0.0,0.0
2003-08-28 00:00:00-04:00,8.971952312723728,8.971952312723728,8.875900996911614,8.947050094604492,300600,0.0,0.0
2003-08-29 00:00:00-04:00,8.947058501776995,9.17829447399698,8.900811578747076,9.107145309448242,635800,0.0,0.0
2003-09-02 00:00:00-04:00,9.178291083363007,9.285015808562774,9.160503968430517,9.242325782775879,260800,0.0,0.0
2003-09-03 00:00:00-04:00,9.178291456781647,9.24944127647622,9.121371872439976,9.160504341125488,298200,0.0,0.0
2003-09-04 00:00:00-04:00,9.17829447399698,9.231657195577524,9.068012827898562,9.107145309448242,286800,0.0,0.0
2003-09-05 00:00:00-04:00,9.071564750261386,9.071564750261386,8.769179122879052,8.833213806152344,352400,0.0,0.0
2003-09-08 00:00:00-04:00,8.85811842277967,9.028877171902108,8.85811842277967,8.961285591125488,337400,0.0,0.0
2003-09-09 00:00:00-04:00,8.929270756386627,8.929270756386627,8.783414198937221,8.858120918273926,253600,0.0,0.0
2003-09-10 00:00:00-04:00,8.804754585027695,8.804754585027695,8.502368938319782,8.537943840026855,436600,0.0,0.0
2003-09-11 00:00:00-04:00,8.537944317573553,8.822542190078732,8.537944317573553,8.70870304107666,238000,0.0,0.0
2003-09-12 00:00:00-04:00,8.708701116538277,8.751391127247402,8.594861992693549,8.673126220703125,185800,0.0,0.0
2003-09-15 00:00:00-04:00,8.690914610311967,8.7158168355623,8.64822459664372,8.676684379577637,250200,0.0,0.0
2003-09-16 00:00:00-04:00,8.502367588201048,8.50592514566032,8.13950486977171,8.313821792602539,1029200,0.0,0.0
2003-09-17 00:00:00-04:00,8.303147690717212,8.399199689976708,8.150176138978292,8.335165023803711,337400,0.0,0.0
2003-09-18 00:00:00-04:00,8.370742690716975,8.651782989501953,8.35651245860897,8.651782989501953,289000,0.0,0.0
2003-09-19 00:00:00-04:00,8.591300613701138,8.655335262013784,8.548611300515642,8.594858169555664,239000,0.0,0.0
2003-09-22 00:00:00-04:00,8.559290558262653,8.57707835264102,8.413434037034916,8.520158767700195,277800,0.0,0.0
2003-09-23 00:00:00-04:00,8.555729933079085,8.865230658990246,8.5450579388118,8.776293754577637,209000,0.0,0.0
2003-09-24 00:00:00-04:00,8.75139257173449,8.811869701076072,8.502368938319782,8.537943840026855,244600,0.0,0.0
2003-09-25 00:00:00-04:00,8.52015500730371,8.644666120324047,8.360068321228027,8.360068321228027,220400,0.0,0.0
2003-09-26 00:00:00-04:00,8.360070592674285,8.360070592674285,8.146621846090524,8.164409637451172,340800,0.0,0.0
2003-09-29 00:00:00-04:00,8.199983491743614,8.256903064450206,8.157294151481082,8.21065616607666,197800,0.0,0.0
2003-09-30 00:00:00-04:00,8.360066559003746,8.384968776358658,8.1821928024292,8.1821928024292,995800,0.0,0.0
2003-10-01 00:00:00-04:00,8.21776986453662,9.199633342132644,8.21776986453662,9.114253997802734,655800,0.0,0.0
2003-10-02 00:00:00-04:00,9.149829770015975,9.320589166217937,9.035990624904551,9.196077346801758,509800,0.0,0.0
2003-10-03 00:00:00-04:00,9.267226357042961,9.583842238766278,9.252996803349847,9.36327838897705,330000,0.0,0.0
2003-10-06 00:00:00-04:00,9.409522703877277,9.697678021271162,9.39173491975754,9.5269193649292,348800,0.0,0.0
2003-10-07 00:00:00-04:00,9.530479665246837,9.76171549709149,9.462887423203552,9.658548355102539,288200,0.0,0.0
2003-10-08 00:00:00-04:00,9.71190963595148,9.71190963595148,9.519806276336157,9.551823616027832,159800,0.0,0.0
2003-10-09 00:00:00-04:00,9.60518908002053,9.843540095443919,9.590958844575564,9.633648872375488,373800,0.0,0.0
2003-10-10 00:00:00-04:00,9.637202751476728,9.711909423432733,9.580283188500331,9.694122314453125,137800,0.0,0.0
2003-10-13 00:00:00-04:00,9.729701478472208,10.046316771215265,9.729701478472208,9.864885330200195,223200,0.0,0.0
2003-10-14 00:00:00-04:00,9.864878777365577,10.085442543029785,9.818631897333413,10.085442543029785,165600,0.0,0.0
2003-10-15 00:00:00-04:00,10.089002597090158,10.089002597090158,9.071564199187435,9.551823616027832,984800,0.0,0.0
2003-10-16 00:00:00-04:00,9.587401961305112,9.626533751696805,9.445102321039046,9.598073959350586,315200,0.0,0.0
2003-10-17 00:00:00-04:00,9.633642639629917,9.647872865868251,9.3348146739702,9.338372230529785,271800,0.0,0.0
2003-10-20 00:00:00-04:00,9.373951770203268,9.44865845943041,9.334819307159602,9.35616397857666,130600,0.0,0.0
2003-10-21 00:00:00-04:00,9.391738528961923,9.526923026084397,9.309916726171124,9.359721183776855,322000,0.0,0.0
2003-10-22 00:00:00-04:00,9.334821346075096,9.334821346075096,9.213867050734757,9.267229080200195,580000,0.0,0.0
2003-10-23 00:00:00-04:00,9.267229080200195,9.345494023382189,9.149832343962222,9.267229080200195,137400,0.0,0.0
2003-10-24 00:00:00-04:00,9.267226809884887,9.267226809884887,8.804755096435546,8.893692016601562,369800,0.0,0.0
2003-10-27 00:00:00-05:00,8.947053373144215,9.356163040028859,8.92570870386831,9.31347370147705,300600,0.0,0.0
2003-10-28 00:00:00-05:00,9.196076731921238,9.302800753693564,8.982628009841802,9.235208511352539,738600,0.0,0.0
2003-10-29 00:00:00-05:00,9.18185202545118,9.224542066968807,9.053783257968679,9.142720222473145,341800,0.0,0.0
2003-10-30 00:00:00-05:00,9.107138273135128,9.477115407130123,9.089350486839663,9.462885856628418,344600,0.0,0.0
2003-10-31 00:00:00-05:00,9.462886126858807,9.711909035294624,9.235207205517732,9.238764762878418,483800,0.0,0.0
2003-11-03 00:00:00-05:00,9.267226473228984,9.356163390164136,9.15338732811756,9.196077346801758,473000,0.0,0.0
2003-11-04 00:00:00-05:00,9.452213571644643,9.566052694455353,9.270782215214563,9.530478477478027,707000,0.0,0.0
2003-11-05 00:00:00-05:00,9.544707910550517,9.544707910550517,9.14627030710465,9.238764762878418,559800,0.0,0.0
2003-11-06 00:00:00-05:00,9.23876004686555,9.23876004686555,8.92092053555463,9.060198783874512,811600,0.05,0.0
2003-11-07 00:00:00-05:00,9.095918103348417,9.213768608297887,8.967354349594823,8.98163890838623,851600,0.0,0.0
2003-11-10 00:00:00-05:00,9.05306473384942,9.106633027189563,8.94949877638838,8.960212707519531,523200,0.0,0.0
2003-11-11 00:00:00-05:00,8.92807122212085,8.985210823449803,8.856646379880774,8.931642532348633,350600,0.0,0.0
2003-11-12 00:00:00-05:00,8.913783924247687,9.245908206054185,8.903070677194329,9.231623649597168,342400,0.0,0.0
2003-11-13 00:00:00-05:00,9.178055191228712,9.231623468919947,9.092345129533607,9.206624984741211,283600,0.0,0.0
2003-11-14 00:00:00-05:00,9.267337599386195,9.556606897479284,9.106632055357961,9.203055381774902,415400,0.0,0.0
2003-11-17 00:00:00-05:00,9.170913481849297,9.206625897570177,8.763793713641206,8.985209465026855,329200,0.0,0.0
2003-11-18 00:00:00-05:00,8.96378250155315,9.110202796454233,8.785221099853516,8.785221099853516,152400,0.0,0.0
2003-11-19 00:00:00-05:00,8.713796419311176,8.878073265953741,8.713796419311176,8.831646919250488,229600,0.0,0.0
2003-11-20 00:00:00-05:00,8.795934502053608,8.94592610935434,8.74236621683714,8.831646919250488,397000,0.0,0.0
2003-11-21 00:00:00-05:00,8.874503127290394,8.956641220872624,8.574519873100007,8.713797569274902,440400,0.0,0.0
2003-11-24 00:00:00-05:00,8.785224495917314,8.928073536265979,8.785224495917314,8.83879280090332,538400,0.0,0.0
2003-11-25 00:00:00-05:00,8.892359397906166,8.960212934473175,8.881646147661465,8.942357063293457,619600,0.0,0.0
2003-11-26 00:00:00-05:00,8.999495459813655,9.106632034819022,8.667371123676194,8.799506187438965,475200,0.0,0.0
2003-11-28 00:00:00-05:00,8.831643725431434,8.963779416927872,8.810216555325171,8.820930480957031,228200,0.0,0.0
2003-12-01 00:00:00-05:00,8.87450334299518,8.974497309383912,8.73165433304141,8.817363739013672,710800,0.0,0.0
2003-12-02 00:00:00-05:00,8.845934240584919,8.874504044835115,8.820935747010731,8.856647491455078,622600,0.0,0.0
2003-12-03 00:00:00-05:00,8.892355183701476,8.920924972744116,8.860214085883817,8.874499320983887,622200,0.0,0.0
2003-12-04 00:00:00-05:00,8.928069871725496,8.928069871725496,8.53523466113804,8.66022777557373,1154800,0.0,0.0
2003-12-05 00:00:00-05:00,8.74950614406456,8.788789859008308,8.670939395334555,8.735220909118652,435200,0.0,0.0
2003-12-08 00:00:00-05:00,8.785222447362504,8.924500144080671,8.767365895759024,8.853075981140137,457800,0.0,0.0
2003-12-09 00:00:00-05:00,8.9066421609854,8.985208925931342,8.838788643302577,8.910213470458984,736000,0.0,0.0
2003-12-10 00:00:00-05:00,8.910211513797858,9.017348049847909,8.806645605279657,8.974493026733398,858600,0.0,0.0
2003-12-11 00:00:00-05:00,8.974496113357189,9.142344273696906,8.974496113357189,9.078062057495117,242800,0.0,0.0
2003-12-12 00:00:00-05:00,9.142344050539512,9.156628608703613,9.020922240934993,9.156628608703613,214000,0.0,0.0
2003-12-15 00:00:00-05:00,9.28518834849685,9.438751187861016,9.281617040470085,9.378040313720703,779000,0.0,0.0
2003-12-16 00:00:00-05:00,9.37804523797028,9.624460171946522,9.374473928068282,9.606603622436523,799200,0.0,0.0
2003-12-17 00:00:00-05:00,9.610172652356802,9.763735535921917,9.535177205680382,9.720880508422852,439000,0.0,0.0
2003-12-18 00:00:00-05:00,9.720881721104686,9.820876343638481,9.685169988417567,9.803020477294922,368400,0.0,0.0
2003-12-19 00:00:00-05:00,9.820876351398244,9.863731384277344,9.72088172878544,9.863731384277344,344800,0.0,0.0
2003-12-22 00:00:00-05:00,9.845875916801235,9.870874404907227,9.692312997112767,9.870874404907227,268600,0.0,0.0
2003-12-23 00:00:00-05:00,9.928011011573114,9.9637234186105,9.803018608678522,9.924440383911133,324800,0.0,0.0
2003-12-24 00:00:00-05:00,9.928012284720344,9.928012284720344,9.84230290553393,9.874444007873535,152800,0.0,0.0
2003-12-26 00:00:00-05:00,9.856587967183437,9.992294311523438,9.838731421113973,9.992294311523438,108400,0.0,0.0
2003-12-29 00:00:00-05:00,9.99944019317627,10.0780069780487,9.953014520560243,9.99944019317627,151000,0.0,0.0
2003-12-30 00:00:00-05:00,10.256566628309812,11.231512395457884,10.256566628309812,11.181514739990234,2000000,0.0,0.0
2003-12-31 00:00:00-05:00,11.245794832635761,11.435070127221126,10.974381472556914,11.17794132232666,704400,0.0,0.0
2004-01-02 00:00:00-05:00,11.213655317834855,11.292222766511252,10.802964251130833,10.963669776916504,465800,0.0,0.0
2004-01-05 00:00:00-05:00,11.049379536732914,11.160087413147183,10.78867937708196,10.870818138122559,561200,0.0,0.0
2004-01-06 00:00:00-05:00,10.749393120656574,10.87438619856743,10.59583025475102,10.842245101928711,662200,0.0,0.0
2004-01-07 00:00:00-05:00,10.81725247531909,10.888676643371582,10.63154841229849,10.888676643371582,393800,0.0,0.0
2004-01-08 00:00:00-05:00,10.8886747844942,10.967241560286643,10.67797226456775,10.724398612976074,586400,0.0,0.0
2004-01-09 00:00:00-05:00,10.724396244159298,10.785107137866481,10.556548118591309,10.556548118591309,357000,0.0,0.0
2004-01-12 00:00:00-05:00,10.627976417541504,10.65297490880848,10.267282246449053,10.627976417541504,490600,0.0,0.0
2004-01-13 00:00:00-05:00,10.627975110540726,10.663687528455071,10.481554810133856,10.577978134155273,192400,0.0,0.0
2004-01-14 00:00:00-05:00,10.53512097752438,11.020808128695931,10.53512097752438,10.820818901062012,329800,0.0,0.0
2004-01-15 00:00:00-05:00,10.820817594818363,10.888671098901652,10.595830592336663,10.749393463134766,136600,0.0,0.0
2004-01-16 00:00:00-05:00,10.767249490881841,10.799390589037467,10.581545519573229,10.7136812210083,384000,0.0,0.0
2004-01-20 00:00:00-05:00,10.699399468698614,10.735111887292156,10.377989063672185,10.39941692352295,756600,0.0,0.0
2004-01-21 00:00:00-05:00,10.44584139278839,10.702969551086426,10.299421106390634,10.702969551086426,699600,0.0,0.0
2004-01-22 00:00:00-05:00,10.702970753176357,10.745825791618064,10.624403977383913,10.724398612976074,330800,0.0,0.0
2004-01-23 00:00:00-05:00,10.70296941455466,10.706540724074616,10.499409540020707,10.635116577148438,193400,0.0,0.0
2004-01-26 00:00:00-05:00,10.59940392991348,10.73511028289795,10.427985163672794,10.73511028289795,159600,0.0,0.0
2004-01-27 00:00:00-05:00,10.770825260773906,10.788681131074826,10.438700896377588,10.481555938720703,161200,0.0,0.0
2004-01-28 00:00:00-05:00,10.488695836796243,10.570833908712695,10.103003280452018,10.120859146118164,266200,0.0,0.0
2004-01-29 00:00:00-05:00,10.110145248460142,10.349417527357929,10.110145248460142,10.16014289855957,393800,0.0,0.0
2004-01-30 00:00:00-05:00,10.177998733638967,10.249423558618776,10.053005630503106,10.120859146118164,184000,0.0,0.0
2004-02-02 00:00:00-05:00,10.120855533645807,10.35655641832898,10.038717491047173,10.12442684173584,149600,0.0,0.0
2004-02-03 00:00:00-05:00,10.1422880548496,10.510124808404887,10.120860876155987,10.338706016540527,257200,0.0,0.0
2004-02-04 00:00:00-05:00,10.34227332451727,10.367272486316757,10.167283278865918,10.231565475463867,196200,0.0,0.0
2004-02-05 00:00:00-05:00,10.274574559564487,10.475263650978157,10.27099074034629,10.357000350952148,163400,0.05,0.0
2004-02-06 00:00:00-05:00,10.356998649249803,10.589941391810063,10.32116114649972,10.425089836120605,297600,0.0,0.0
2004-02-09 00:00:00-05:00,11.14183818866575,11.485876606419545,10.966235160827637,10.966235160827637,948800,0.0,0.0
2004-02-10 00:00:00-05:00,10.93039620079919,10.93039620079919,10.751209377835268,10.815716743469238,358400,0.0,0.0
2004-02-11 00:00:00-05:00,10.887391726621436,11.163339614868164,10.733291623649425,11.163339614868164,258800,0.0,0.0
2004-02-12 00:00:00-05:00,11.127502459928742,11.227847336127992,10.944732485150556,10.948315620422363,253800,0.0,0.0
2004-02-13 00:00:00-05:00,10.94831269007461,10.94831269007461,10.654446461305266,10.708202362060547,276600,0.0,0.0
2004-02-17 00:00:00-05:00,10.822885448387185,11.450039390645365,10.804966354196534,11.131086349487305,552200,0.0,0.0
2004-02-18 00:00:00-05:00,11.145418236434152,11.145418236434152,10.722537311707857,10.733288764953613,227600,0.0,0.0
2004-02-19 00:00:00-05:00,10.733290880512895,10.844386518442912,10.589940876488189,10.632946014404297,312800,0.0,0.0
2004-02-20 00:00:00-05:00,10.643695197518069,10.679532007330206,10.572020210807128,10.607857704162598,296800,0.0,0.0
2004-02-23 00:00:00-05:00,10.572023309161448,10.572023309161448,10.131223857270589,10.138391494750977,343400,0.0,0.0
2004-02-24 00:00:00-05:00,10.213652271142008,10.432260485854824,10.098972776061093,10.249489784240723,498200,0.0,0.0
2004-02-25 00:00:00-05:00,10.26740584377882,10.342664672376872,10.052381498054663,10.220817565917969,297800,0.0,0.0
2004-02-26 00:00:00-05:00,10.213650343411235,10.475262977630607,10.192148113027834,10.428674697875977,311400,0.0,0.0
2004-02-27 00:00:00-05:00,10.428675225639358,10.428675225639358,10.13480888920142,10.170645713806152,407400,0.0,0.0
2004-03-01 00:00:00-05:00,10.17064272500089,10.428672161008041,10.156308136080167,10.392834663391113,418000,0.0,0.0
2004-03-02 00:00:00-05:00,10.357001005826051,10.611446718057675,10.339082592145708,10.57560920715332,519400,0.0,0.0
2004-03-03 00:00:00-05:00,10.572024769590858,10.640115967973658,10.439426192060521,10.53977108001709,539000,0.0,0.0
2004-03-04 00:00:00-05:00,10.557684940047606,10.643695197518069,10.536182717451657,10.607857704162598,487200,0.0,0.0
2004-03-05 00:00:00-05:00,10.579190651703021,10.933980494568587,10.572023014422461,10.916061401367188,505200,0.0,0.0
2004-03-08 00:00:00-05:00,10.916061411299259,11.00207169165721,10.733291445283275,10.7368745803833,365200,0.0,0.0
2004-03-09 00:00:00-05:00,10.715372362145983,10.747626046424678,10.460927390106841,10.557687759399414,268000,0.0,0.0
2004-03-10 00:00:00-05:00,10.421507695717372,10.500349667629049,10.224402424166371,10.235153198242188,332400,0.0,0.0
2004-03-11 00:00:00-05:00,10.177810107680914,10.39283440448233,9.96636962890625,9.96636962890625,302200,0.0,0.0
2004-03-12 00:00:00-05:00,10.034461357687041,10.192145941842856,10.016542950108546,10.177810668945312,216600,0.0,0.0
2004-03-15 00:00:00-05:00,10.177810069602744,10.19572915966947,9.80151806426563,9.894695281982422,378600,0.0,0.0
2004-03-16 00:00:00-05:00,9.937700565645894,9.980705701874307,9.812269658818426,9.84093952178955,335000,0.0,0.0
2004-03-17 00:00:00-05:00,9.883942332788834,10.012957027579503,9.855272476562384,9.980703353881836,225800,0.0,0.0
2004-03-18 00:00:00-05:00,9.944865908640063,10.01295707382107,9.78359753940696,9.934114456176758,137800,0.0,0.0
2004-03-19 00:00:00-05:00,9.980707325183047,10.03446324155409,9.568577721613647,9.686841011047363,257000,0.0,0.0
2004-03-22 00:00:00-05:00,9.697587777474572,9.697587777474572,9.34279805576074,9.453893661499023,294800,0.0,0.0
2004-03-23 00:00:00-05:00,9.478982024974217,9.665335778101634,9.400139395243967,9.421642303466797,161600,0.0,0.0
2004-03-24 00:00:00-05:00,9.40730984768962,9.532740782367535,9.299798008562037,9.310548782348633,458200,0.0,0.0
2004-03-25 00:00:00-05:00,9.299794796110422,9.762096364917353,9.299794796110422,9.690422058105469,321200,0.0,0.0
2004-03-26 00:00:00-05:00,9.694005271115032,10.016542046788146,9.554239790685598,9.823019981384277,469800,0.0,0.0
2004-03-29 00:00:00-05:00,9.873190696570038,9.977119350670678,9.765678908608177,9.85527229309082,350000,0.0,0.0
2004-03-30 00:00:00-05:00,9.772846224173644,9.801516078929819,9.665333756180548,9.783596992492676,253600,0.0,0.0
2004-03-31 00:00:00-05:00,9.819435982450422,9.819435982450422,9.733426405037735,9.80510139465332,156800,0.0,0.0
2004-04-01 00:00:00-05:00,9.819439730730547,9.866028696827643,9.726262482079976,9.862444877624512,410200,0.0,0.0
2004-04-02 00:00:00-05:00,9.941281860168965,9.962784081052682,9.79793258170539,9.85527229309082,539800,0.0,0.0
2004-04-05 00:00:00-04:00,9.891112078914356,10.238734245300293,9.891112078914356,10.238734245300293,346800,0.0,0.0
2004-04-06 00:00:00-04:00,10.09538757921595,10.281742075072403,10.034464020322249,10.231569290161133,225600,0.0,0.0
2004-04-07 00:00:00-04:00,10.231570937668565,10.335499659857643,10.127642899023211,10.210068702697754,197800,0.0,0.0
2004-04-08 00:00:00-04:00,10.263821705503743,10.29965920926635,10.034462775092695,10.088218688964844,183800,0.0,0.0
2004-04-12 00:00:00-04:00,10.106136287989706,10.213648099833742,9.926949479220692,10.045212745666504,150800,0.0,0.0
2004-04-13 00:00:00-04:00,10.059545425136557,10.084631464234725,9.805100533091368,9.819435119628906,156600,0.0,0.0
2004-04-14 00:00:00-04:00,9.676088539378027,9.955620232146826,9.618748810124451,9.75493049621582,219800,0.0,0.0
2004-04-15 00:00:00-04:00,9.740597078370067,9.973539841950242,9.726261802559065,9.883946418762207,171200,0.0,0.0
2004-04-16 00:00:00-04:00,9.909031422059362,9.96278733358991,9.744179868893214,9.880361557006836,118000,0.0,0.0
2004-04-19 00:00:00-04:00,9.93770304727294,9.973540555821995,9.751348549652757,9.923368453979492,118200,0.0,0.0
2004-04-20 00:00:00-04:00,9.926952745598149,10.005794721323145,9.683258496119869,9.711928367614746,178000,0.0,0.0
2004-04-21 00:00:00-04:00,9.74776610199528,10.020129545687114,9.683258718762705,9.973541259765625,255400,0.0,0.0
2004-04-22 00:00:00-04:00,9.97353457798789,10.310405862768773,9.97353457798789,10.267400741577148,335600,0.0,0.0
2004-04-23 00:00:00-04:00,10.260234379410342,10.349827766418457,10.012957123419115,10.349827766418457,310000,0.0,0.0
2004-04-26 00:00:00-04:00,10.346244856462624,10.625775792512353,10.328325768547057,10.536182403564453,583200,0.0,0.0
2004-04-27 00:00:00-04:00,10.751210568253873,11.299522553310501,10.729708338509562,11.25651741027832,916600,0.0,0.0
2004-04-28 00:00:00-04:00,11.220678865123837,11.439287011819262,11.109583224273283,11.25293254852295,720600,0.0,0.0
2004-04-29 00:00:00-04:00,11.256518652505665,11.263686291059281,11.019992048585372,11.037910461425781,519200,0.0,0.0
2004-04-30 00:00:00-04:00,11.037908822086681,11.156172106482485,10.966234497826411,11.048660278320312,443800,0.0,0.0
2004-05-03 00:00:00-04:00,11.10958452281758,11.116752160753727,10.912479264378568,11.027158737182617,360200,0.0,0.0
2004-05-04 00:00:00-04:00,11.055824871326642,11.113164588362425,10.933977801739768,11.030738830566406,411000,0.0,0.0
2004-05-05 00:00:00-04:00,11.03790578253837,11.177671940913518,10.991317518775551,11.030738830566406,256200,0.0,0.0
2004-05-06 00:00:00-04:00,11.03433527389916,11.03433527389916,10.786251301938583,10.894113540649414,252400,0.05,0.0
2004-05-07 00:00:00-04:00,10.858162406956874,10.912093538673334,10.44468879699707,10.44468879699707,446600,0.0,0.0
2004-05-10 00:00:00-04:00,10.444688913733076,10.444688913733076,10.103124618530273,10.103124618530273,575400,0.0,0.0
2004-05-11 00:00:00-04:00,10.336824747541497,10.455473491125899,10.250534814550244,10.408733367919922,464800,0.0,0.0
2004-05-12 00:00:00-04:00,10.182222807898343,10.182222807898343,9.571002210888187,9.905375480651855,1370800,0.0,0.0
2004-05-13 00:00:00-04:00,9.869421192394553,10.218176438797098,9.844252694151047,10.034810066223145,819400,0.0,0.0
2004-05-14 00:00:00-04:00,10.034807378513712,10.318845610670902,9.908967664086745,10.070761680603027,330000,0.0,0.0
2004-05-17 00:00:00-04:00,10.070766395734827,10.070766395734827,9.819086849044556,9.959308624267578,404400,0.0,0.0
2004-05-18 00:00:00-04:00,9.995260030071375,10.106718462472777,9.883802283441415,9.926947593688965,413200,0.0,0.0
2004-05-19 00:00:00-04:00,9.995260365294893,10.196604238840921,9.937733740216446,10.088741302490234,434000,0.0,0.0
2004-05-20 00:00:00-04:00,10.07076755135813,10.142675511684242,9.94133226269079,10.067172050476074,382800,0.0,0.0
2004-05-21 00:00:00-04:00,10.063573048468433,10.153458481933608,9.991665113159153,10.099527359008789,173400,0.0,0.0
2004-05-24 00:00:00-04:00,10.131884812322982,10.397945577437223,10.131884812322982,10.336823463439941,263000,0.0,0.0
2004-05-25 00:00:00-04:00,10.300871216448606,10.59929084777832,10.228963276402922,10.59929084777832,180000,0.0,0.0
2004-05-26 00:00:00-04:00,10.46266406114536,10.57052630151712,10.35120632132502,10.509404182434082,196800,0.0,0.0
2004-05-27 00:00:00-04:00,10.534571579347867,10.635243502642755,10.426709343209422,10.462663650512695,262400,0.0,0.0
2004-05-28 00:00:00-04:00,10.462662868340344,10.502211986223077,10.390754259109574,10.401540756225586,151400,0.0,0.0
2004-06-01 00:00:00-04:00,10.412330525713111,10.534574796412558,10.29368175541913,10.358399391174316,171800,0.0,0.0
2004-06-02 00:00:00-04:00,10.372781234910219,10.394353551243066,10.257727966772947,10.322444915771484,202800,0.0,0.0
2004-06-03 00:00:00-04:00,10.2900854921291,10.304466805954746,10.106719111894567,10.121100425720215,263800,0.0,0.0
2004-06-04 00:00:00-04:00,10.167841181512658,10.207390308639601,10.009642615690442,10.049192428588867,217200,0.0,0.0
2004-06-07 00:00:00-04:00,10.085147487275814,10.459071298515612,10.059979670321514,10.415925979614258,175000,0.0,0.0
2004-06-08 00:00:00-04:00,10.430309499012958,10.444690816891825,10.293683207419503,10.369187355041504,103400,0.0,0.0
2004-06-09 00:00:00-04:00,10.369185571759282,10.444689020624594,10.13548353880321,10.157055854797363,174200,0.0,0.0
2004-06-10 00:00:00-04:00,10.157055854797363,10.333231254587988,10.139079039097497,10.157055854797363,244400,0.0,0.0
2004-06-14 00:00:00-04:00,10.275705890408442,10.46266781417056,10.214583749400505,10.397950172424316,418600,0.0,0.0
2004-06-15 00:00:00-04:00,10.480639628781667,11.120624053476357,10.466258318465517,11.052310943603516,707200,0.0,0.0
2004-06-16 00:00:00-04:00,11.124225143879503,11.44062167335005,10.93726321539744,11.433430671691895,674800,0.0,0.0
2004-06-17 00:00:00-04:00,11.433427986970978,11.641962871460745,11.264443602314083,11.598816871643066,555000,0.0,0.0
2004-06-18 00:00:00-04:00,11.64915365964406,11.663534287778836,11.232084584018512,11.264443397521973,428200,0.0,0.0
2004-06-21 00:00:00-04:00,11.29679951416064,11.365112624778734,11.167364291046638,11.20331859588623,311200,0.0,0.0
2004-06-22 00:00:00-04:00,11.167366612330046,11.289610862731934,11.005573235577998,11.289610862731934,210000,0.0,0.0
2004-06-23 00:00:00-04:00,11.307588628337568,11.663534202737374,11.275229815070043,11.60600757598877,324600,0.0,0.0
2004-06-24 00:00:00-04:00,11.692297362454395,11.699488361724576,11.544885306272862,11.609602928161621,242600,0.0,0.0
2004-06-25 00:00:00-04:00,11.63117841688953,11.810949343713437,11.41545385331817,11.433430671691895,480200,0.0,0.0
2004-06-28 00:00:00-04:00,11.46938221903947,11.774992857847835,11.46938221903947,11.534100532531738,376200,0.0,0.0
2004-06-29 00:00:00-04:00,11.217704456595042,11.289612405274966,11.055910371964977,11.145795822143555,774000,0.0,0.0
2004-06-30 00:00:00-04:00,11.019949913024902,11.199720713190956,11.001973107316768,11.019949913024902,689400,0.0,0.0
2004-07-01 00:00:00-04:00,11.019954029468037,11.084671651426117,10.818610850087351,10.825801849365234,489800,0.0,0.0
2004-07-02 00:00:00-04:00,10.825804502748161,10.836590318537132,10.59569726985712,10.67839241027832,508200,0.0,0.0
2004-07-06 00:00:00-04:00,10.678391627765448,10.678391627765448,10.469857413276952,10.538169860839844,427400,0.0,0.0
2004-07-07 00:00:00-04:00,10.574121349200045,10.768274196499965,10.552549039201622,10.617266654968262,344800,0.0,0.0
2004-07-08 00:00:00-04:00,10.534572504351736,10.538168003974908,10.336824825477265,10.383564949035645,391800,0.0,0.0
2004-07-09 00:00:00-04:00,10.383564850638031,10.441092158292216,10.135481550932916,10.23255729675293,778400,0.0,0.0
2004-07-12 00:00:00-04:00,10.228964889764491,10.246941706168432,9.96649884417447,10.20379638671875,661400,0.0,0.0
2004-07-13 00:00:00-04:00,10.203795486999011,10.246940802644353,10.11391004136178,10.185818672180176,605600,0.0,0.0
2004-07-14 00:00:00-04:00,10.18222212707783,10.275703063239343,10.006046754002021,10.034810066223145,447600,0.0,0.0
2004-07-15 00:00:00-04:00,9.70762590141273,10.020427482197654,9.696839403533467,9.718412399291992,631000,0.0,0.0
2004-07-16 00:00:00-04:00,9.743582405249956,9.88020798033249,9.571002514902062,9.671673774719238,562800,0.0,0.0
2004-07-19 00:00:00-04:00,9.624935537185204,9.880209922790527,9.560217894138317,9.880209922790527,643000,0.0,0.0
2004-07-20 00:00:00-04:00,9.826275513028355,9.883802135315323,9.671672458467844,9.793916702270508,438400,0.0,0.0
2004-07-21 00:00:00-04:00,9.822681832748392,10.139078999700494,9.779537200927734,9.779537200927734,447600,0.0,0.0
2004-07-22 00:00:00-04:00,9.779535389584481,9.876611136086593,9.65010014655309,9.793916702270508,342600,0.0,0.0
2004-07-23 00:00:00-04:00,9.793916770769243,9.793916770769243,9.58538259207764,9.678863525390625,178600,0.0,0.0
2004-07-26 00:00:00-04:00,9.653693071177848,9.765150786407608,9.491899060544931,9.599761962890625,341200,0.0,0.0
2004-07-27 00:00:00-04:00,9.556621571393086,9.88020907302513,9.556621571393086,9.804705619812012,466200,0.0,0.0
2004-07-28 00:00:00-04:00,9.617742133853023,9.707627574356321,9.41999443905436,9.571002006530762,633600,0.0,0.0
2004-07-29 00:00:00-04:00,9.570999611736136,9.851441677042247,9.499091003017416,9.844250679016113,547800,0.0,0.0
2004-07-30 00:00:00-04:00,9.869421152810823,9.91975677755304,9.632123656495436,9.865825653076172,459200,0.0,0.0
2004-08-02 00:00:00-04:00,9.83346684123576,9.912565778083737,9.83346684123576,9.865825653076172,696000,0.0,0.0
2004-08-03 00:00:00-04:00,9.865824813235438,9.865824813235438,9.078428268432617,9.078428268432617,1287000,0.0,0.0
2004-08-04 00:00:00-04:00,9.02449660640279,9.24741207141203,8.941802181827471,9.222244262695312,784400,0.0,0.0
2004-08-05 00:00:00-04:00,9.196979166809818,9.196979166809818,8.745792975088904,8.781888008117676,495200,0.05,0.0
2004-08-06 00:00:00-04:00,8.781888291762344,8.969581918809848,8.5400524576507,8.742183685302734,817400,0.0,0.0
2004-08-09 00:00:00-04:00,8.698867354768538,8.882951349445808,8.641115594295899,8.731352806091309,278000,0.0,0.0
2004-08-10 00:00:00-04:00,8.77467145779623,8.937098810214861,8.763843426605453,8.886566162109375,303600,0.0,0.0
2004-08-11 00:00:00-04:00,8.886560569017172,8.886560569017172,8.662771989696369,8.716914176940918,378600,0.0,0.0
2004-08-12 00:00:00-04:00,8.691654306802343,8.69526388041967,8.410113760752882,8.503960609436035,611600,0.0,0.0
2004-08-13 00:00:00-04:00,8.554490657019539,8.572537829699861,8.29460696430764,8.337921142578125,281800,0.0,0.0
2004-08-16 00:00:00-04:00,8.345137852956274,8.644725375873502,8.345137852956274,8.615849494934082,337200,0.0,0.0
2004-08-17 00:00:00-04:00,8.615853167221484,8.933487992938845,8.503958478490581,8.684432983398438,586800,0.0,0.0
2004-08-18 00:00:00-04:00,8.684430492937171,8.879343232800608,8.630288294682462,8.825201034545898,348400,0.0,0.0
2004-08-19 00:00:00-04:00,8.8252021854433,8.90822027949063,8.734964947099117,8.781888008117676,183800,0.0,0.0
2004-08-20 00:00:00-04:00,8.781887386985789,8.843248732258042,8.695259726917099,8.807153701782227,406600,0.0,0.0
2004-08-23 00:00:00-04:00,8.789108321273657,8.868516853733063,8.605024247955615,8.727746963500977,260200,0.0,0.0
2004-08-24 00:00:00-04:00,8.760231518156461,8.911830110516659,8.7530123736499,8.792716979980469,121200,0.0,0.0
2004-08-25 00:00:00-04:00,8.792718837503147,9.056211471557617,8.767452514848014,9.056211471557617,481000,0.0,0.0
2004-08-26 00:00:00-04:00,8.98402040248987,9.110352690360918,8.922659044864252,8.991239547729492,367200,0.0,0.0
2004-08-27 00:00:00-04:00,8.969581262857679,9.0273330379634,8.915439059752996,8.955142974853516,281800,0.0,0.0
2004-08-30 00:00:00-04:00,8.95514444057423,8.976801876125224,8.814374551770651,8.850469589233398,114600,0.0,0.0
2004-08-31 00:00:00-04:00,8.868517014028177,8.879345732109286,8.698871228157698,8.745794296264648,184000,0.0,0.0
2004-09-01 00:00:00-04:00,8.74579224907511,8.886562797355996,8.680821332707845,8.854077339172363,341400,0.0,0.0
2004-09-02 00:00:00-04:00,8.854078865729273,9.168104097705788,8.825202974415852,9.153666496276855,305000,0.0,0.0
2004-09-03 00:00:00-04:00,9.153667413879413,9.20420005662962,9.027335118548274,9.088696479797363,144600,0.0,0.0
2004-09-07 00:00:00-04:00,9.088697726332239,9.258343542014957,9.088697726332239,9.240296363830566,208000,0.0,0.0
2004-09-08 00:00:00-04:00,9.153664921770805,9.29443478165321,9.124789035424275,9.17893123626709,261600,0.0,0.0
2004-09-09 00:00:00-04:00,9.182540272848676,9.186149844488513,8.962361222006413,9.020112991333008,174000,0.0,0.0
2004-09-10 00:00:00-04:00,9.005675734725125,9.074255533116386,8.922656960771594,9.034551620483398,395400,0.0,0.0
2004-09-13 00:00:00-04:00,9.05259895324707,9.17171207019287,9.002066324377772,9.05259895324707,439000,0.0,0.0
2004-09-14 00:00:00-04:00,9.05260011417305,9.05260011417305,8.695260717509635,8.734965324401855,812400,0.0,0.0
2004-09-15 00:00:00-04:00,8.73496315355013,8.738572036502052,8.514784116893901,8.525612831115723,1071200,0.0,0.0
2004-09-16 00:00:00-04:00,8.554487267814993,8.839636476232702,8.525611389893514,8.753008842468262,477200,0.0,0.0
2004-09-17 00:00:00-04:00,8.807155495960382,8.807155495960382,8.615852965841,8.727746963500977,364200,0.0,0.0
2004-09-20 00:00:00-04:00,8.731355866777177,8.75301261243214,8.619461189239546,8.688041687011719,251000,0.0,0.0
2004-09-21 00:00:00-04:00,8.716916931006406,8.926267292695703,8.716916931006406,8.9010009765625,304800,0.0,0.0
2004-09-22 00:00:00-04:00,8.843251692681916,8.843251692681916,8.558101613765285,8.608634948730469,667600,0.0,0.0
2004-09-23 00:00:00-04:00,8.644728458216067,8.644728458216067,8.35596885740716,8.435378074645996,637600,0.0,0.0
2004-09-24 00:00:00-04:00,8.446201594027343,8.475077469845438,8.337917231823283,8.395668983459473,369200,0.0,0.0
2004-09-27 00:00:00-04:00,8.395673825299415,8.489520647944094,8.265731964952076,8.410111427307129,739200,0.0,0.0
2004-09-28 00:00:00-04:00,8.392062439553355,8.742182646176786,8.392062439553355,8.73857307434082,537000,0.0,0.0
2004-09-29 00:00:00-04:00,8.71330862406183,8.929878161364403,8.662775984458277,8.915440559387207,466800,0.0,0.0
2004-09-30 00:00:00-04:00,8.93348874284212,9.08147779421275,8.897393701139507,9.056211471557617,578200,0.0,0.0
2004-10-01 00:00:00-04:00,9.074259391431987,9.395504531596456,9.052602640018828,9.377456665039062,614800,0.0,0.0
2004-10-04 00:00:00-04:00,9.381061357653968,9.561535798597959,9.348575903207621,9.435203552246094,617400,0.0,0.0
2004-10-05 00:00:00-04:00,9.402719582964606,9.453252902560331,9.251121001088357,9.406329154968262,323200,0.0,0.0
2004-10-06 00:00:00-04:00,9.406330112496343,9.532662391662598,9.341359186727667,9.532662391662598,393000,0.0,0.0
2004-10-07 00:00:00-04:00,9.485736932751688,9.529050413357817,9.43881319223046,9.489346504211426,417200,0.0,0.0
2004-10-08 00:00:00-04:00,9.44963767001078,9.500170270880874,9.370228510409143,9.409933090209961,530000,0.0,0.0
2004-10-11 00:00:00-04:00,9.409939481974677,9.460472117169404,9.326921384596048,9.449644088745117,238000,0.0,0.0
2004-10-12 00:00:00-04:00,9.312481157312504,9.460470148259517,9.095912372432744,9.384671211242676,740200,0.0,0.0
2004-10-13 00:00:00-04:00,9.388280782784722,9.438813407462616,9.344966612735544,9.384671211242676,569200,0.0,0.0
2004-10-14 00:00:00-04:00,9.384673583775001,9.395502301138741,9.168104055689083,9.215027809143066,511600,0.0,0.0
2004-10-15 00:00:00-04:00,9.240291791837711,9.424375809749808,9.240291791837711,9.384671211242676,392400,0.0,0.0
2004-10-18 00:00:00-04:00,9.38467184722188,9.511004105933258,9.312481788399541,9.496565818786621,343000,0.0,0.0
2004-10-19 00:00:00-04:00,9.507395825214584,9.615680239697276,9.243903245105987,9.247512817382812,345800,0.0,0.0
2004-10-20 00:00:00-04:00,9.251120399580222,9.496565772226278,9.182540601336205,9.420766830444336,337400,0.0,0.0
2004-10-21 00:00:00-04:00,9.395504177441904,9.395504177441904,9.222248107300214,9.287219047546387,371000,0.0,0.0
2004-10-22 00:00:00-04:00,9.326920350367184,9.326920350367184,9.07064625360656,9.132007598876953,471600,0.0,0.0
2004-10-25 00:00:00-04:00,9.160884818058856,9.348578453063965,9.059819544175754,9.348578453063965,294800,0.0,0.0
2004-10-26 00:00:00-04:00,9.312484725672803,9.460473773326298,9.204200291740467,9.438817024230957,168400,0.0,0.0
2004-10-27 00:00:00-04:00,9.438813432133252,9.565145682613561,9.31248118165294,9.521831512451172,293200,0.0,0.0
2004-10-28 00:00:00-04:00,9.384672182415605,9.904438834516917,9.384672182415605,9.835858345031738,541200,0.0,0.0
2004-10-29 00:00:00-04:00,9.799765804140677,9.83586084401166,9.709528548691027,9.745623588562012,359400,0.0,0.0
2004-11-01 00:00:00-05:00,9.745621131874566,9.962190628051758,9.648164755326514,9.962190628051758,455400,0.0,0.0
2004-11-02 00:00:00-05:00,9.962191543179678,10.059647928680086,9.86112558542494,10.023552894592285,685800,0.0,0.0
2004-11-03 00:00:00-05:00,10.095745909985425,10.297877898286535,10.070479583561726,10.142669677734375,460400,0.0,0.0
2004-11-04 00:00:00-05:00,10.106570957376107,10.485567092895508,10.08852378462014,10.485567092895508,477800,0.0,0.0
2004-11-05 00:00:00-05:00,10.532490313689259,10.658822581991654,10.323139953357323,10.50361442565918,367400,0.0,0.0
2004-11-08 00:00:00-05:00,10.525357664088379,10.525357664088379,10.300720463371528,10.333329200744629,357400,0.055,0.0
2004-11-09 00:00:00-05:00,10.300713682819435,10.347814777426873,10.152163173046034,10.202887535095215,296000,0.0,0.0
2004-11-10 00:00:00-05:00,10.27535379490793,10.673903627495998,10.271730526657597,10.507237434387207,385000,0.0,0.0
2004-11-11 00:00:00-05:00,10.452894754567609,10.6340541066708,10.420286015903589,10.61231517791748,310200,0.0,0.0
2004-11-12 00:00:00-05:00,10.619554011883947,10.786220865079992,10.52897439566608,10.663032531738281,209800,0.0,0.0
2004-11-15 00:00:00-05:00,10.699271357585785,10.829705618413593,10.641300421424965,10.742749214172363,259000,0.0,0.0
2004-11-16 00:00:00-05:00,10.822458614148456,10.826081192587152,10.358690483311733,10.496371269226074,491400,0.0,0.0
2004-11-17 00:00:00-05:00,10.514485441883227,10.67390512079445,10.514485441883227,10.572456359863281,381400,0.0,0.0
2004-11-18 00:00:00-05:00,10.57245661722312,10.673905380623804,10.471007162754566,10.60506534576416,324600,0.0,0.0
2004-11-19 00:00:00-05:00,10.550712570608473,10.623175839117255,10.471002076861016,10.514480590820312,340000,0.0,0.0
2004-11-22 00:00:00-05:00,10.478252238347958,10.565208605301196,10.471005701668243,10.50361442565918,167400,0.0,0.0
2004-11-23 00:00:00-05:00,10.478254400821998,10.608689323704551,10.41303693938072,10.499993324279785,257200,0.0,0.0
2004-11-24 00:00:00-05:00,10.554336363671897,10.630423599107583,10.492742198249717,10.510858535766602,283600,0.0,0.0
2004-11-26 00:00:00-05:00,10.543471243936809,10.652166545919176,10.543471243936809,10.590572357177734,66600,0.0,0.0
2004-11-29 00:00:00-05:00,10.6268040090861,10.68839819582339,10.449267986388703,10.572456359863281,355400,0.0,0.0
2004-11-30 00:00:00-05:00,10.536227473568765,10.536227473568765,10.304343733198323,10.333329200744629,389400,0.0,0.0
2004-12-01 00:00:00-05:00,10.369556444199057,10.670280790990564,10.369556444199057,10.54709243774414,247200,0.0,0.0
2004-12-02 00:00:00-05:00,10.565210255370703,10.778978283334018,10.536224795192688,10.579703330993652,495600,0.0,0.0
2004-12-03 00:00:00-05:00,10.50723497466487,10.579698940572356,10.398539716871237,10.40578556060791,279000,0.0,0.0
2004-12-06 00:00:00-05:00,10.409409590720571,10.409409590720571,10.192018368137182,10.32607650756836,447200,0.0,0.0
2004-12-07 00:00:00-05:00,10.340567312269533,10.351436421822942,10.112306336703027,10.11592960357666,388600,0.0,0.0
2004-12-08 00:00:00-05:00,10.14491940375714,10.49999141703237,10.14491940375714,10.431151390075684,394000,0.0,0.0
2004-12-09 00:00:00-05:00,10.344194674643518,10.387673206178452,10.235499382407903,10.307963371276855,169000,0.0,0.0
2004-12-10 00:00:00-05:00,10.275353698669862,10.434773353784877,10.26086062580427,10.376802444458008,218800,0.0,0.0
2004-12-13 00:00:00-05:00,10.38042519387875,10.405787379058228,10.192019402448746,10.384048461914062,162800,0.0,0.0
2004-12-14 00:00:00-05:00,10.391298370121579,10.898544311523438,10.369559445922798,10.898544311523438,435600,0.0,0.0
2004-12-15 00:00:00-05:00,10.898537933822313,10.960132092231273,10.742740904254502,10.775349617004395,260000,0.0,0.0
2004-12-16 00:00:00-05:00,10.775357281011175,10.79709620795047,10.54709682047849,10.67028522491455,158200,0.0,0.0
2004-12-17 00:00:00-05:00,10.670281318590883,10.731875498259667,10.557962073209834,10.576078414916992,149000,0.0,0.0
2004-12-20 00:00:00-05:00,10.637676488971593,10.731879427132581,10.60869102269652,10.67028522491455,196200,0.0,0.0
2004-12-21 00:00:00-05:00,10.619555566418974,10.69564281453512,10.478251565576068,10.677526473999023,232600,0.0,0.0
2004-12-22 00:00:00-05:00,10.706511347721717,10.956511305033281,10.706511347721717,10.840569496154785,199200,0.0,0.0
2004-12-23 00:00:00-05:00,10.844191501016931,10.844191501016931,10.666655540466309,10.666655540466309,105400,0.0,0.0
2004-12-27 00:00:00-05:00,10.865934218520788,10.902166215025286,10.550717438387725,10.572456359863281,180400,0.0,0.0
2004-12-28 00:00:00-05:00,10.597813719157019,10.88766817692917,10.583320650734642,10.884045600891113,92600,0.0,0.0
2004-12-29 00:00:00-05:00,10.833322283768247,10.913032790694887,10.768104847580142,10.909409523010254,72000,0.0,0.0
2004-12-30 00:00:00-05:00,10.880422264683014,10.996364047055518,10.833320483676976,10.931146621704102,115800,0.0,0.0
2004-12-31 00:00:00-05:00,10.938398643654166,10.94202191255454,10.721007347106934,10.721007347106934,199600,0.0,0.0
2005-01-03 00:00:00-05:00,10.757237415118151,10.797091983736303,10.416657801332144,10.507237434387207,420200,0.0,0.0
2005-01-04 00:00:00-05:00,10.489121856941841,10.554338612696826,10.271730597888604,10.315208435058594,393200,0.0,0.0
2005-01-05 00:00:00-05:00,10.333326869074863,10.40216690704635,10.202891949014528,10.253616333007812,381000,0.0,0.0
2005-01-06 00:00:00-05:00,10.271729834554344,10.525352375378922,10.235497845560058,10.398541450500488,625000,0.0,0.0
2005-01-07 00:00:00-05:00,10.405786186862255,10.43477163675617,10.126801490783691,10.126801490783691,301000,0.0,0.0
2005-01-10 00:00:00-05:00,10.126806227327965,10.3623132042516,10.126806227327965,10.268110275268555,332600,0.0,0.0
2005-01-11 00:00:00-05:00,10.268110463213615,10.340574468701694,10.195646457725536,10.20651626586914,245600,0.0,0.0
2005-01-12 00:00:00-05:00,10.192020850680048,10.365934285748677,10.16303539334658,10.27173137664795,305000,0.0,0.0
2005-01-13 00:00:00-05:00,10.23912499923198,10.257240655070012,10.12680641268663,10.20651626586914,186800,0.0,0.0
2005-01-14 00:00:00-05:00,10.224630009631287,10.30071727027173,10.181152167323473,10.242746353149414,80000,0.0,0.0
2005-01-18 00:00:00-05:00,10.24636918786464,10.311585948564087,10.19926738778037,10.27173137664795,243000,0.0,0.0
2005-01-19 00:00:00-05:00,10.307962238022037,10.442019704303194,10.199266266668618,10.260860443115234,201800,0.0,0.0
2005-01-20 00:00:00-05:00,10.217384785849127,10.271732437579285,10.057964408515167,10.079703330993652,210600,0.0,0.0
2005-01-21 00:00:00-05:00,10.072453875637967,10.293468378533571,9.99636732346795,10.23549747467041,234400,0.0,0.0
2005-01-24 00:00:00-05:00,10.224630922207545,10.224630922207545,9.887675195510308,9.898544311523438,212800,0.0,0.0
2005-01-25 00:00:00-05:00,9.873176395628121,10.079697772965872,9.811582240012696,9.862306594848633,213800,0.0,0.0
2005-01-26 00:00:00-05:00,9.927525918078846,10.137670602576636,9.927525918078846,10.126801490783691,165400,0.0,0.0
2005-01-27 00:00:00-05:00,10.090573137766839,10.271732437579285,10.018109141414705,10.079703330993652,165200,0.0,0.0
2005-01-28 00:00:00-05:00,10.14491762941367,10.14491762941367,9.876802032135858,9.978251457214355,153800,0.0,0.0
2005-01-31 00:00:00-05:00,10.036224874517684,10.282600926753604,10.036224874517684,10.242746353149414,248000,0.0,0.0
2005-02-01 00:00:00-05:00,10.2065108758284,10.514481699911919,10.134046908608415,10.452887535095215,236400,0.0,0.0
2005-02-02 00:00:00-05:00,10.471005706218806,10.590570797214943,10.34781734688124,10.576078414916992,275600,0.0,0.0
2005-02-03 00:00:00-05:00,10.561587094512292,10.608688899700855,10.322456872830346,10.387674331665039,341200,0.0,0.0
2005-02-04 00:00:00-05:00,10.394917388247224,10.778974783679375,10.394917388247224,10.739119529724121,253600,0.0,0.0
2005-02-07 00:00:00-05:00,10.724626551562036,10.829698545580897,10.68839456735747,10.760858535766602,327000,0.0,0.0
2005-02-08 00:00:00-05:00,10.8008654718117,10.837231466378142,10.619032724431953,10.695402145385742,312600,0.055,0.0
2005-02-09 00:00:00-05:00,10.61175894354618,10.869961104470281,10.61175894354618,10.629941940307617,791800,0.0,0.0
2005-02-10 00:00:00-05:00,10.655397107852268,10.659033845486396,10.27718541118096,10.455381393432617,699600,0.0,0.0
2005-02-11 00:00:00-05:00,10.429925920790081,10.45901913100781,10.204453021375048,10.277186393737793,408800,0.0,0.0
2005-02-14 00:00:00-05:00,10.299005393642553,10.382648280349935,10.153539352926064,10.240818977355957,231400,0.0,0.0
2005-02-15 00:00:00-05:00,10.215363301304272,10.429925988159757,10.200816349283022,10.36082935333252,234200,0.0,0.0
2005-02-16 00:00:00-05:00,10.269912235593063,10.437198703460599,10.233545551827355,10.368102073669434,184600,0.0,0.0
2005-02-17 00:00:00-05:00,10.437198123315236,10.455381117368999,10.328098078082373,10.36446475982666,338800,0.0,0.0
2005-02-18 00:00:00-05:00,10.40083215695881,10.419015152263231,10.36082873492491,10.382648468017578,189800,0.0,0.0
2005-02-22 00:00:00-05:00,10.364466879434458,10.433563519515689,10.098991227591977,10.219000816345215,332800,0.0,0.0
2005-02-23 00:00:00-05:00,10.233544628297127,10.306277989264691,10.062622131751105,10.189905166625977,196000,0.0,0.0
2005-02-24 00:00:00-05:00,10.20081898628455,10.419018467551837,10.044443373452742,10.371742248535156,264000,0.0,0.0
2005-02-25 00:00:00-05:00,10.34628174579055,10.44083414705162,10.182632025075701,10.40810489654541,149000,0.0,0.0
2005-02-28 00:00:00-05:00,10.353557899352447,10.353557899352447,10.098992431996063,10.138995170593262,224600,0.0,0.0
2005-03-01 00:00:00-05:00,10.124442796241166,10.459014926051651,10.124442796241166,10.433558464050293,286600,0.0,0.0
2005-03-02 00:00:00-05:00,10.415381779396569,10.506298172564868,10.189909512775925,10.346285820007324,177200,0.0,0.0
2005-03-03 00:00:00-05:00,10.346283820389985,10.357193341534005,10.117174165448956,10.135357856750488,310200,0.0,0.0
2005-03-04 00:00:00-05:00,10.182633946384415,10.429926596064224,10.10626452473224,10.320826530456543,177000,0.0,0.0
2005-03-07 00:00:00-05:00,10.4190141176129,10.626303295500618,10.4190141176129,10.495384216308594,191200,0.0,0.0
2005-03-08 00:00:00-05:00,10.495385120031012,10.495385120031012,10.284459186554065,10.368102073669434,187800,0.0,0.0
2005-03-09 00:00:00-05:00,10.3281000068911,10.346283697977492,10.273550320905704,10.320826530456543,133200,0.0,0.0
2005-03-10 00:00:00-05:00,10.324463907209868,10.480840192039777,10.259004002524145,10.317191123962402,148000,0.0,0.0
2005-03-11 00:00:00-05:00,10.317191123962402,10.38992381189559,10.291733954867006,10.317191123962402,235800,0.0,0.0
2005-03-14 00:00:00-05:00,10.313555862975775,10.382651822365018,10.291735429196718,10.346285820007324,333600,0.0,0.0
2005-03-15 00:00:00-05:00,10.36446475982666,10.459017854907104,10.306278346490505,10.36446475982666,202000,0.0,0.0
2005-03-16 00:00:00-05:00,10.295369504101798,10.299006242123921,10.157176927445366,10.182633399963379,437000,0.0,0.0
2005-03-17 00:00:00-05:00,10.186269454134099,10.349918492322024,10.153539507769151,10.27354907989502,272200,0.0,0.0
2005-03-18 00:00:00-05:00,10.291733741760254,10.349920168356736,10.222637793700008,10.291733741760254,245200,0.0,0.0
2005-03-21 00:00:00-05:00,10.255366306470686,10.259002350690501,10.182632936611588,10.2371826171875,161400,0.0,0.0
2005-03-22 00:00:00-05:00,10.219001966648333,10.284461875816222,10.164452273554089,10.226275444030762,215600,0.0,0.0
2005-03-23 00:00:00-05:00,10.208089605565245,10.284459714759246,10.171722919931762,10.24445629119873,177000,0.0,0.0
2005-03-24 00:00:00-05:00,10.251729190523493,10.335372077230874,10.229908764188421,10.240818977355957,122600,0.0,0.0
2005-03-28 00:00:00-05:00,10.255364915749743,10.320824107381881,10.164448562573368,10.309914588928223,92600,0.0,0.0
2005-03-29 00:00:00-05:00,10.309917067845404,10.32082658892215,10.098991105506633,10.142630577087402,263800,0.0,0.0
2005-03-30 00:00:00-05:00,10.037166520352873,10.32809860178585,10.037166520352873,10.240818977355957,445000,0.0,0.0
2005-03-31 00:00:00-05:00,10.240820092086981,10.273550041515502,10.109900294372897,10.120810508728027,504400,0.0,0.0
2005-04-01 00:00:00-05:00,10.157174160849268,10.24081703166503,9.906244854765319,9.909881591796875,631200,0.0,0.0
2005-04-04 00:00:00-04:00,9.909886180608817,10.157178864171065,9.771693577602436,10.138995170593262,354800,0.0,0.0
2005-04-05 00:00:00-04:00,10.157174853132178,10.349917073484656,10.157174853132178,10.328097343444824,448000,0.0,0.0
2005-04-06 00:00:00-04:00,10.364463926292812,10.382646918884259,10.011708737107147,10.048074722290039,355400,0.0,0.0
2005-04-07 00:00:00-04:00,10.048076986822679,10.048076986822679,9.75350813990678,9.935340881347656,570800,0.0,0.0
2005-04-08 00:00:00-04:00,9.93533868484539,9.938975422106623,9.637133165791454,9.709866523742676,462600,0.0,0.0
2005-04-11 00:00:00-04:00,9.709866523742676,9.808055655249106,9.64804337757515,9.709866523742676,302800,0.0,0.0
2005-04-12 00:00:00-04:00,9.691684436636608,9.986253267035364,9.644408231713083,9.9498872756958,443800,0.0,0.0
2005-04-13 00:00:00-04:00,9.94988535149988,9.964431606495259,9.742596188949747,9.75350570678711,522800,0.0,0.0
2005-04-14 00:00:00-04:00,9.764415488217505,9.833512103903297,9.637132467839464,9.648042678833008,399800,0.0,0.0
2005-04-15 00:00:00-04:00,9.651681057601794,9.717140253787825,9.360748291015625,9.360748291015625,434400,0.0,0.0
2005-04-18 00:00:00-04:00,9.378933975039574,9.69168584660806,9.378933975039574,9.571676254272461,457000,0.0,0.0
2005-04-19 00:00:00-04:00,9.855333421337981,10.600847285187768,9.8226034767166,10.575390815734863,1554600,0.0,0.0
2005-04-20 00:00:00-04:00,10.539025774461,10.862688533485048,10.419016190042633,10.484476089477539,862000,0.0,0.0
2005-04-21 00:00:00-04:00,10.571753141587713,10.71721916388644,10.375374184893607,10.531749725341797,549600,0.0,0.0
2005-04-22 00:00:00-04:00,10.539025242609362,10.542661980576316,10.062623667127966,10.149903297424316,565000,0.0,0.0
2005-04-25 00:00:00-04:00,10.222635464024375,10.437198123315236,10.222635464024375,10.36446475982666,526000,0.0,0.0
2005-04-26 00:00:00-04:00,10.364468915751326,10.579031661077142,10.273552521753508,10.404472351074219,487200,0.0,0.0
2005-04-27 00:00:00-04:00,10.404468179109053,10.637213832453678,10.313551821566714,10.36446475982666,477200,0.0,0.0
2005-04-28 00:00:00-04:00,10.346281888268221,10.589937757111937,10.218998847474621,10.288095474243164,471200,0.0,0.0
2005-04-29 00:00:00-04:00,10.364467518606743,10.40810768704324,10.109901372273905,10.306281089782715,359800,0.0,0.0
2005-05-02 00:00:00-04:00,10.288099528103494,10.415381925413909,10.251732831598929,10.379015922546387,364400,0.0,0.0
2005-05-03 00:00:00-04:00,10.982699055948267,11.189988292772359,10.81541255492239,11.05179500579834,1281200,0.0,0.0
2005-05-04 00:00:00-04:00,11.088163715685875,11.182716851979713,10.94269761894038,11.128167152404785,496000,0.0,0.0
2005-05-05 00:00:00-04:00,11.146345978054049,11.309995709099361,11.066339828230118,11.088159561157227,640800,0.0,0.0
2005-05-06 00:00:00-04:00,11.1684560945841,11.310798937914285,11.13195773327811,11.150206565856934,345000,0.055,0.0
2005-05-09 00:00:00-04:00,11.150205330878558,11.332696421047753,11.095458143057453,11.248750686645508,263400,0.0,0.0
2005-05-10 00:00:00-04:00,11.245100487034712,11.285248748588753,11.1283063037665,11.223201751708984,429800,0.0,0.0
2005-05-11 00:00:00-04:00,11.25970349394757,11.267003306634038,10.945818509914025,11.05896282196045,270400,0.0,0.0
2005-05-12 00:00:00-04:00,11.058960015483803,11.164805184131462,10.730476185586436,10.734126091003418,429000,0.0,0.0
2005-05-13 00:00:00-04:00,10.759677788059072,10.898371448694322,10.6173349171189,10.686681747436523,233600,0.0,0.0
2005-05-16 00:00:00-04:00,10.68668108296907,10.87282212362783,10.68668108296907,10.818074226379395,286600,0.0,0.0
2005-05-17 00:00:00-04:00,10.799823666609015,11.06991041889679,10.799823666609015,10.956766128540039,400600,0.0,0.0
2005-05-18 00:00:00-04:00,11.11370907054956,11.464091673685925,11.11370907054956,11.412994384765625,358600,0.0,0.0
2005-05-19 00:00:00-04:00,11.37649413586748,11.496938222735926,11.248750238607434,11.394742965698242,220200,0.0,0.0
2005-05-20 00:00:00-04:00,11.358245274247212,11.3764941040269,11.02976076902696,11.288898468017578,313200,0.0,0.0
2005-05-23 00:00:00-04:00,11.29255227559523,11.49329225713489,11.29255227559523,11.423945426940918,246400,0.0,0.0
2005-05-24 00:00:00-04:00,11.460443248079642,11.460443248079642,11.175757520299316,11.18670654296875,186600,0.0,0.0
2005-05-25 00:00:00-04:00,11.150208258735725,11.256053452978193,11.058962689691576,11.172107696533203,244200,0.0,0.0
2005-05-26 00:00:00-04:00,11.168458179742302,11.303501236794245,11.142909530902662,11.16480827331543,281200,0.0,0.0
2005-05-27 00:00:00-04:00,11.168454557495487,11.230501554331783,11.131956201212681,11.161154747009277,226200,0.0,0.0
2005-05-31 00:00:00-04:00,11.150204769264679,11.365544300509963,11.150204769264679,11.241450309753418,697800,0.0,0.0
2005-06-01 00:00:00-04:00,11.277951711597348,11.475042466442652,11.190356052604463,11.25605297088623,265400,0.0,0.0
2005-06-02 00:00:00-04:00,11.226855826481215,11.350949866327866,11.135610249896825,11.296202659606934,245600,0.0,0.0
2005-06-03 00:00:00-04:00,11.27795112742711,11.387446217607952,11.168456733394649,11.26700210571289,194600,0.0,0.0
2005-06-06 00:00:00-04:00,11.26700229736165,11.507890525249215,11.241452955247667,11.493290901184082,261800,0.0,0.0
2005-06-07 00:00:00-04:00,11.493289633109125,11.588185090617332,11.223202883038834,11.237802505493164,309400,0.0,0.0
2005-06-08 00:00:00-04:00,11.241455427244809,11.420297380628096,11.241455427244809,11.314452171325684,213800,0.0,0.0
2005-06-09 00:00:00-04:00,11.27794973134528,11.471390546081796,11.241451372469747,11.456790924072266,201000,0.0,0.0
2005-06-10 00:00:00-04:00,11.456790510019086,11.48963896220508,11.303497965200542,11.358245849609375,129000,0.0,0.0
2005-06-13 00:00:00-04:00,11.358247375490343,11.67943143360932,11.33999784618631,11.59548568725586,428400,0.0,0.0
2005-06-14 00:00:00-04:00,11.595485856622153,11.788925997031788,11.496940485386093,11.734179496765137,279400,0.0,0.0
2005-06-15 00:00:00-04:00,11.741477651897178,11.763377086888744,11.332697944798277,11.442193031311035,291800,0.0,0.0
2005-06-16 00:00:00-04:00,11.438543053399377,11.759727803101502,11.350947402430165,11.748777389526367,210200,0.0,0.0
2005-06-17 00:00:00-04:00,11.832723418476412,11.847323042062273,11.588185988748561,11.60643482208252,368600,0.0,0.0
2005-06-20 00:00:00-04:00,11.588187859184062,11.697682269157905,11.551689490476623,11.68673324584961,289600,0.0,0.0
2005-06-21 00:00:00-04:00,11.624683004097472,11.694029815795282,11.548036381452881,11.55168628692627,159600,0.0,0.0
2005-06-22 00:00:00-04:00,11.624684429128504,11.661182792188317,11.518839245869886,11.65388298034668,108200,0.0,0.0
2005-06-23 00:00:00-04:00,11.62468122570875,11.642930054135629,11.285247726242606,11.380143165588379,211600,0.0,0.0
2005-06-24 00:00:00-04:00,11.361894395352627,11.361894395352627,11.117356318996874,11.241450309753418,871000,0.0,0.0
2005-06-27 00:00:00-04:00,11.204956609315282,11.453143982367568,11.17940726418705,11.423945426940918,189600,0.0,0.0
2005-06-28 00:00:00-04:00,11.442195606078224,11.86192512512207,11.43854569942498,11.86192512512207,252600,0.0,0.0
2005-06-29 00:00:00-04:00,11.861921766671243,11.865570976142777,11.142907067120257,11.343647003173828,810600,0.0,0.0
2005-06-30 00:00:00-04:00,11.343653060759616,11.387451255438034,10.87647533416748,10.87647533416748,491800,0.0,0.0
2005-07-01 00:00:00-04:00,10.967716900922008,11.135609106596911,10.693980199273554,10.818074226379395,485000,0.0,0.0
2005-07-05 00:00:00-04:00,10.818073427627205,11.292550759807227,10.734127679062102,11.142908096313477,401800,0.0,0.0
2005-07-06 00:00:00-04:00,11.146556972740107,11.343647003173828,11.135607255880556,11.343647003173828,275400,0.0,0.0
2005-07-07 00:00:00-04:00,11.307149981364132,11.34364834573403,10.967716376176355,11.336348533630371,394400,0.0,0.0
2005-07-08 00:00:00-04:00,11.361897242957392,11.69038113181433,11.325399574533156,11.675782203674316,311000,0.0,0.0
2005-07-11 00:00:00-04:00,11.683081413611015,11.880172166198978,11.635634026588953,11.704980850219727,270800,0.0,0.0
2005-07-12 00:00:00-04:00,11.68672942344748,11.876520321732098,11.59548387959698,11.7670259475708,254000,0.0,0.0
2005-07-13 00:00:00-04:00,11.767027306431487,11.807174180832817,11.562636763376531,11.679430961608887,165400,0.0,0.0
2005-07-14 00:00:00-04:00,11.752426513866096,11.810823607170045,11.591834159206105,11.701329231262207,540600,0.0,0.0
2005-07-15 00:00:00-04:00,11.701330236876025,11.876521531843833,11.668481085902696,11.832722663879395,208800,0.0,0.0
2005-07-18 00:00:00-04:00,11.8144754643494,11.891122797730723,11.68308162689209,11.68308162689209,282800,0.0,0.0
2005-07-19 00:00:00-04:00,12.044412536631606,12.610134665195893,11.993315251667896,12.449542999267578,1052400,0.0,0.0
2005-07-20 00:00:00-04:00,12.865624339239938,13.048115464619228,12.734230506199362,12.774378776550293,1139200,0.0,0.0
2005-07-21 00:00:00-04:00,12.781676750293958,12.840073846324394,12.504289499926942,12.573637008666992,375600,0.0,0.0
2005-07-22 00:00:00-04:00,12.610136472637013,12.847375492311523,12.588238428683347,12.730581283569336,465600,0.0,0.0
2005-07-25 00:00:00-04:00,12.730579471618356,12.774376945588756,12.562686602188062,12.697731018066406,299800,0.0,0.0
2005-07-26 00:00:00-04:00,12.697728214405547,12.788973743869864,12.661229167242048,12.785323143005371,487400,0.0,0.0
2005-07-27 00:00:00-04:00,12.785328075204035,12.788978677476821,12.679484278339222,12.75613021850586,300600,0.0,0.0
2005-07-28 00:00:00-04:00,12.756125688108781,12.986064819241573,12.664880155850916,12.938616752624512,471200,0.0,0.0
2005-07-29 00:00:00-04:00,12.938624428515709,13.18316193173741,12.796281536515355,12.902125358581543,415400,0.0,0.0
2005-08-01 00:00:00-04:00,12.931320013098418,13.026214776565952,12.8473742705665,12.916720390319824,210000,0.0,0.0
2005-08-02 00:00:00-04:00,12.934966589267201,13.259801864624023,12.934966589267201,13.259801864624023,302200,0.0,0.0
2005-08-03 00:00:00-04:00,13.230606451770994,13.230606451770994,12.953220556703068,13.011617660522461,462200,0.0,0.0
2005-08-04 00:00:00-04:00,13.01161702503923,13.02621525605852,12.705031896886737,12.708681106567383,365800,0.0,0.0
2005-08-05 00:00:00-04:00,12.672182972977833,12.737879883178953,12.500640886086387,12.544438362121582,226200,0.0,0.0
2005-08-08 00:00:00-04:00,12.504161209614338,12.797084166592628,12.504161209614338,12.709206581115723,232400,0.055,0.0
2005-08-09 00:00:00-04:00,12.74582145666656,12.914251964268239,12.716528465727128,12.873974800109863,250600,0.0,0.0
2005-08-10 00:00:00-04:00,12.8739782780425,13.122963181224735,12.742162576738133,12.81905460357666,331200,0.0,0.0
2005-08-11 00:00:00-04:00,12.81539058049475,12.936222076416016,12.742159497824293,12.936222076416016,218400,0.0,0.0
2005-08-12 00:00:00-04:00,12.899609523730572,12.899609523730572,12.57007165267338,12.705548286437988,248400,0.0,0.0
2005-08-15 00:00:00-04:00,12.68723914383536,12.910591954300871,12.555423454533132,12.822715759277344,130400,0.0,0.0
2005-08-16 00:00:00-04:00,12.786097466838577,12.786097466838577,12.485851287841797,12.485851287841797,267200,0.0,0.0
2005-08-17 00:00:00-04:00,12.39431711063177,12.57373325424851,12.357702255249023,12.357702255249023,211000,0.0,0.0
2005-08-18 00:00:00-04:00,12.357702675643504,12.522472324005534,12.247856708991234,12.493179321289062,264000,0.0,0.0
2005-08-19 00:00:00-04:00,12.485854959350926,12.485854959350926,12.376009002475104,12.383332252502441,129400,0.0,0.0
2005-08-22 00:00:00-04:00,12.4199442195899,12.5004985544034,12.3393912815432,12.376006126403809,192800,0.0,0.0
2005-08-23 00:00:00-04:00,12.46754501649206,12.595699770955862,12.101390969624353,12.317421913146973,504600,0.0,0.0
2005-08-24 00:00:00-04:00,12.321083955750918,12.496837726640571,12.22222219773171,12.291790962219238,198600,0.0,0.0
2005-08-25 00:00:00-04:00,12.29911457310753,12.332068493418554,12.200252812174464,12.225883483886719,216800,0.0,0.0
2005-08-26 00:00:00-04:00,12.225885650544559,12.2295479738764,12.050131843327826,12.072101593017578,224800,0.0,0.0
2005-08-29 00:00:00-04:00,12.035481888253578,12.277143478393555,11.863390453774626,12.277143478393555,348800,0.0,0.0
2005-08-30 00:00:00-04:00,12.258840560913084,12.302778667053124,12.138010419836178,12.258840560913086,306200,0.0,0.0
2005-08-31 00:00:00-04:00,12.27714789728634,12.357702255249023,12.083086649576822,12.357702255249023,300400,0.0,0.0
2005-09-01 00:00:00-04:00,12.36502353103716,12.394315131312172,11.987885273106889,12.02816104888916,221400,0.0,0.0
2005-09-02 00:00:00-04:00,12.024501875733295,12.042809303170149,11.852408984939068,11.918316841125488,278400,0.0,0.0
2005-09-06 00:00:00-04:00,11.95493156443498,12.361361429936556,11.95493156443498,12.295454978942871,216000,0.0,0.0
2005-09-07 00:00:00-04:00,12.299114408430201,12.430930087909363,12.134344809081247,12.408960342407227,191800,0.0,0.0
2005-09-08 00:00:00-04:00,12.372348726748099,12.372348726748099,12.178286082731912,12.343055725097656,153400,0.0,0.0
2005-09-09 00:00:00-04:00,12.379669656213135,12.555423442863775,12.365023158133848,12.522469520568848,177800,0.0,0.0
2005-09-12 00:00:00-04:00,12.504162226414334,12.852007480430412,12.47486922995107,12.745823860168457,218800,0.0,0.0
2005-09-13 00:00:00-04:00,12.687241049363083,12.687241049363083,12.507824912695451,12.515148162841797,135000,0.0,0.0
2005-09-14 00:00:00-04:00,12.489512792286291,12.577388967485224,12.244188893258812,12.302773475646973,266000,0.0,0.0
2005-09-15 00:00:00-04:00,12.302776941148899,12.357700613694346,12.050131120327274,12.075761795043945,216600,0.0,0.0
2005-09-16 00:00:00-04:00,12.145327148585046,12.376004552823831,12.134342975876836,12.302773475646973,315000,0.0,0.0
2005-09-19 00:00:00-04:00,12.284468474719457,12.33939214260985,12.167299286869055,12.174622535705566,173200,0.0,0.0
2005-09-20 00:00:00-04:00,12.196592546786102,12.361360760497673,11.878037500938696,11.900007247924805,227000,0.0,0.0
2005-09-21 00:00:00-04:00,11.900007072590725,12.094068279424487,11.687637743538291,11.7901611328125,348000,0.0,0.0
2005-09-22 00:00:00-04:00,11.753549097935693,12.130688868495845,11.647364744571032,12.11970329284668,212000,0.0,0.0
2005-09-23 00:00:00-04:00,12.064777665969498,12.277146313982584,11.90733129394756,12.097731590270996,143800,0.0,0.0
2005-09-26 00:00:00-04:00,12.09773312172759,12.445579834107006,12.09773312172759,12.343055725097656,201000,0.0,0.0
2005-09-27 00:00:00-04:00,12.346715057016043,12.376006654801786,12.255176544189453,12.255176544189453,165200,0.0,0.0
2005-09-28 00:00:00-04:00,12.2734860146094,12.277146941155685,11.900008652369149,12.042808532714844,216600,0.0,0.0
2005-09-29 00:00:00-04:00,12.061116794040679,12.134347900940424,11.91831690380813,12.12702465057373,227400,0.0,0.0
2005-09-30 00:00:00-04:00,12.127023191446206,12.2588388886522,12.031823741668,12.097731590270996,165200,0.0,0.0
2005-10-03 00:00:00-04:00,12.116040668382553,12.266163811397627,12.116040668382553,12.258840560913086,142600,0.0,0.0
2005-10-04 00:00:00-04:00,12.22222561421222,12.705548968453918,12.22222561421222,12.357702255249023,304800,0.0,0.0
2005-10-05 00:00:00-04:00,12.412623012022564,12.493175954248509,12.236867836626077,12.335729598999023,373000,0.0,0.0
2005-10-06 00:00:00-04:00,12.335733017839896,12.489518489741654,12.317425589385875,12.394317626953125,306200,0.0,0.0
2005-10-07 00:00:00-04:00,12.401639061744921,12.562747760790966,12.324747035436793,12.438255310058594,187600,0.0,0.0
2005-10-10 00:00:00-04:00,12.441916236506433,12.646963036761829,12.423608810733125,12.438255310058594,196800,0.0,0.0
2005-10-11 00:00:00-04:00,12.511484300598301,12.577392147042273,12.449238777160645,12.449238777160645,343400,0.0,0.0
2005-10-12 00:00:00-04:00,12.45289985653651,12.504162601886526,11.99520724880665,12.25151538848877,384000,0.0,0.0
2005-10-13 00:00:00-04:00,12.25517881129165,12.25517881129165,11.86705494227127,12.181947708129883,467800,0.0,0.0
2005-10-14 00:00:00-04:00,12.214902797366017,12.665272239042809,12.064779650140421,12.321087837219238,306800,0.0,0.0
2005-10-17 00:00:00-04:00,12.324748418506747,12.4162869544127,12.233209882600795,12.258840560913086,395400,0.0,0.0
2005-10-18 00:00:00-04:00,12.368682054783822,12.412621541811975,12.057451703884619,12.1856050491333,415400,0.0,0.0
2005-10-19 00:00:00-04:00,12.14899210273667,12.192930199855295,11.72791436531849,12.020838737487793,713800,0.0,0.0
2005-10-20 00:00:00-04:00,12.057456664218615,12.105057096364837,11.775517791917581,11.83044147491455,542200,0.0,0.0
2005-10-21 00:00:00-04:00,11.834095913649303,11.834095913649303,11.42766479325504,11.44231128692627,951600,0.0,0.0
2005-10-24 00:00:00-04:00,11.53385314607596,12.196592512226259,11.53385314607596,12.17828369140625,1189000,0.0,0.0
2005-10-25 00:00:00-04:00,12.105055332312904,12.108716258821136,11.779177002397152,11.81213092803955,444400,0.0,0.0
2005-10-26 00:00:00-04:00,11.81579046573163,11.852405309250278,11.625390206547813,11.720589637756348,804200,0.0,0.0
2005-10-27 00:00:00-04:00,11.771855320387555,11.771855320387555,11.248254127394725,11.288531303405762,651200,0.0,0.0
2005-10-28 00:00:00-04:00,11.343453789472845,11.914654685241594,11.343453789472845,11.892684936523438,711600,0.0,0.0
2005-10-31 00:00:00-05:00,11.874374302333925,12.463882464356647,11.874374302333925,12.350374221801758,595600,0.0,0.0
2005-11-01 00:00:00-05:00,12.295453647191573,12.339391742017321,12.119698474354884,12.225883483886719,307600,0.0,0.0
2005-11-02 00:00:00-05:00,12.262500577296715,12.837362362882,12.262500577296715,12.738500595092773,366000,0.0,0.0
2005-11-03 00:00:00-05:00,12.811730730217905,12.921576665059796,12.577390966650535,12.610344886779785,241000,0.0,0.0
2005-11-04 00:00:00-05:00,12.592038664585592,12.756808280944824,12.5261308180419,12.756808280944824,125400,0.0,0.0
2005-11-07 00:00:00-05:00,12.749485678483676,12.89960880394534,12.603023479452617,12.716531753540039,193200,0.0,0.0
2005-11-08 00:00:00-05:00,12.720202672977509,12.720202672977509,12.540165921713083,12.672438621520996,143800,0.06,0.0
2005-11-09 00:00:00-05:00,12.672445254413445,12.738580237323568,12.540172485372558,12.60998249053955,279400,0.0,0.0
2005-11-10 00:00:00-05:00,12.609977315190099,12.712855470394366,12.31971234688121,12.7055082321167,468800,0.0,0.0
2005-11-11 00:00:00-05:00,12.668766668102927,12.911266209253016,12.639373506368637,12.657744407653809,315200,0.0,0.0
2005-11-14 00:00:00-05:00,12.712855095566255,12.83777916674947,12.584257405352519,12.698159217834473,231400,0.0,0.0
2005-11-15 00:00:00-05:00,12.639374180166692,12.760623256400494,12.407896887125796,12.44831371307373,228400,0.0,0.0
2005-11-16 00:00:00-05:00,12.422593399877554,12.492403384801287,12.180093860825218,12.271949768066406,229200,0.0,0.0
2005-11-17 00:00:00-05:00,12.297667771284232,12.863499023869748,12.297667771284232,12.84145450592041,231600,0.0,0.0
2005-11-18 00:00:00-05:00,12.97740633967252,12.97740633967252,12.712860799274514,12.764301300048828,162000,0.0,0.0
2005-11-21 00:00:00-05:00,12.81940973850505,13.146416532500803,12.617327030018783,12.959031105041504,208400,0.0,0.0
2005-11-22 00:00:00-05:00,12.95903073013049,13.07660617172498,12.859826188483297,13.017818450927734,133400,0.0,0.0
2005-11-23 00:00:00-05:00,12.999446289916396,13.153763516435312,12.973726752163243,13.006794929504395,107000,0.0,0.0
2005-11-25 00:00:00-05:00,13.025164562838265,13.216224968743921,12.907589144067023,13.161110877990723,79600,0.0,0.0
2005-11-28 00:00:00-05:00,13.128046496878236,13.164789701866239,12.93331241607666,12.93331241607666,289000,0.0,0.0
2005-11-29 00:00:00-05:00,12.970054033675066,13.19050905561548,12.929637209572158,13.109675407409668,186400,0.0,0.0
2005-11-30 00:00:00-05:00,13.12804709844547,13.300736665777361,12.999449379119605,13.087630271911621,267200,0.0,0.0
2005-12-01 00:00:00-05:00,13.117025908511412,13.480774573803224,13.117025908511412,13.469752311706543,579200,0.0,0.0
2005-12-02 00:00:00-05:00,13.466075393180342,13.704899890308566,13.41096129297625,13.664483070373535,800800,0.0,0.0
2005-12-05 00:00:00-05:00,13.627742318642529,13.800431871051245,13.473423667177105,13.756340026855469,311800,0.0,0.0
2005-12-06 00:00:00-05:00,13.760013070370508,14.215617515366548,13.686528075548978,14.193572998046875,728200,0.0,0.0
2005-12-07 00:00:00-05:00,14.1935789601838,14.5095635895217,13.980472525845107,14.498539924621582,1126800,0.0,0.0
2005-12-08 00:00:00-05:00,14.45812114675022,14.461796168426307,14.142137961501454,14.208272933959961,1447200,0.0,0.0
2005-12-09 00:00:00-05:00,13.962097335715697,14.068650520190419,13.635090543426248,13.984143257141113,1093600,0.0,0.0
2005-12-12 00:00:00-05:00,14.002511662656856,14.19357207613911,14.002511662656856,14.156828880310059,535400,0.0,0.0
2005-12-13 00:00:00-05:00,14.131113895945564,14.219296192730944,14.04293300077024,14.171530723571777,562000,0.0,0.0
2005-12-14 00:00:00-05:00,14.145806544866318,14.347889215185345,14.145806544866318,14.32951831817627,248200,0.0,0.0
2005-12-15 00:00:00-05:00,14.333195055555265,14.369938259177612,13.962097809433931,14.0172119140625,356800,0.0,0.0
2005-12-16 00:00:00-05:00,14.053952426295126,14.325846501708222,14.053952426295126,14.237664222717285,425800,0.0,0.0
2005-12-19 00:00:00-05:00,14.237666168622727,14.237666168622727,13.778386614796187,13.906984329223633,332800,0.0,0.0
2005-12-20 00:00:00-05:00,13.906985750950602,13.94740258007679,13.561607995744271,13.778388023376465,327800,0.0,0.0
2005-12-21 00:00:00-05:00,13.943731374727738,14.10907233996371,13.833504531773874,14.035587310791016,311000,0.0,0.0
2005-12-22 00:00:00-05:00,14.035581001974794,14.075997819933445,13.756338296956695,13.910656929016113,319600,0.0,0.0
2005-12-23 00:00:00-05:00,13.925353270416261,14.079670490469613,13.925353270416261,14.042928695678711,150000,0.0,0.0
2005-12-27 00:00:00-05:00,14.042930052055718,14.053952311235681,13.748990058898926,13.748990058898926,218200,0.0,0.0
2005-12-28 00:00:00-05:00,13.785731443633887,14.013533646886117,13.74898824852251,13.943723678588867,152400,0.0,0.0
2005-12-29 00:00:00-05:00,13.943727207917524,14.197249011112412,13.804105834373559,14.09437084197998,233200,0.0,0.0
2005-12-30 00:00:00-05:00,14.098048674541076,14.098048674541076,13.954753638540017,14.035587310791016,272000,0.0,0.0
2006-01-03 00:00:00-05:00,14.09069742168674,14.127440630272954,13.690205558562608,14.08335018157959,495000,0.0,0.0
2006-01-04 00:00:00-05:00,14.083342315825272,14.384629449908457,13.980462790853696,14.369932174682617,495600,0.0,0.0
2006-01-05 00:00:00-05:00,14.351567647857834,14.388309450611912,14.208271253253097,14.292779922485352,246600,0.0,0.0
2006-01-06 00:00:00-05:00,14.32951634604205,14.391977667598436,14.197243663205695,14.333189964294434,215200,0.0,0.0
2006-01-09 00:00:00-05:00,14.351560818623332,14.880650095206908,14.351560818623332,14.843908309936523,442600,0.0,0.0
2006-01-10 00:00:00-05:00,14.843915131164943,14.8806569333193,14.711642400833409,14.766755104064941,346000,0.0,0.0
2006-01-11 00:00:00-05:00,14.77042973836814,15.023951530456541,14.704293374934664,15.023951530456543,237800,0.0,0.0
2006-01-12 00:00:00-05:00,15.00557412737919,15.03129365739031,14.770423337786488,14.843908309936523,279800,0.0,0.0
2006-01-13 00:00:00-05:00,14.862285715371153,14.93209569862001,14.810846632807797,14.888005256652832,191200,0.0,0.0
2006-01-17 00:00:00-05:00,14.935776431052115,14.935776431052115,14.498541258848375,14.634489059448242,496800,0.0,0.0
2006-01-18 00:00:00-05:00,14.634485201170238,14.689597909771361,14.436076086342085,14.50588607788086,228600,0.0,0.0
2006-01-19 00:00:00-05:00,14.560993434280624,14.696939734372942,14.443418028534392,14.678568840026855,234000,0.0,0.0
2006-01-20 00:00:00-05:00,14.696949423506318,14.696949423506318,14.403010715358255,14.476495742797852,183400,0.0,0.0
2006-01-23 00:00:00-05:00,14.549979449019368,14.67490357587382,13.95842840880744,13.987821578979492,1970400,0.0,0.0
2006-01-24 00:00:00-05:00,14.079671765183825,14.34789081594781,14.053952226179728,14.318497657775879,1727800,0.0,0.0
2006-01-25 00:00:00-05:00,14.292776531753974,14.31482104753274,13.925352984938803,13.92902660369873,1870800,0.0,0.0
2006-01-26 00:00:00-05:00,13.92902844526854,13.998838423813607,13.800430747525049,13.93270206451416,4308200,0.0,0.0
2006-01-27 00:00:00-05:00,14.024558030150116,14.042930331295066,13.929028511601418,13.99516487121582,1674200,0.0,0.0
2006-01-30 00:00:00-05:00,13.99883927055942,14.153157918795646,13.973119729455028,14.105392456054688,1007200,0.0,0.0
2006-01-31 00:00:00-05:00,14.079676256119953,14.145812635114238,13.910661688294647,14.072327613830566,745600,0.0,0.0
2006-02-01 00:00:00-05:00,14.072321763658007,14.509556687642108,14.050277247564436,14.38095760345459,1800800,0.0,0.0
2006-02-02 00:00:00-05:00,14.38096448979127,14.454449515713986,14.303805843297047,14.366267204284668,1194000,0.0,0.0
2006-02-03 00:00:00-05:00,14.369939551262528,14.513234554249411,14.325849104561186,14.483839988708496,661000,0.0,0.0
2006-02-06 00:00:00-05:00,14.538957105074799,14.538957105074799,14.358920259538626,14.476495742797852,728200,0.0,0.0
2006-02-07 00:00:00-05:00,14.516905472843673,14.586716852207887,14.32584643881995,14.373610496520996,650400,0.0,0.0
2006-02-08 00:00:00-05:00,14.417832770263487,14.417832770263487,14.207757092772132,14.37360668182373,349000,0.06,0.0
2006-02-09 00:00:00-05:00,14.425203801716723,14.506286134234806,14.240926795755248,14.263040542602539,454200,0.0,0.0
2006-02-10 00:00:00-05:00,14.226188156689865,14.495233895583228,14.226188156689865,14.42889404296875,349400,0.0,0.0
2006-02-13 00:00:00-05:00,14.447316098249173,14.579995754169712,14.380976270288905,14.565253257751465,747400,0.0,0.0
2006-02-14 00:00:00-05:00,15.294999968248655,15.659869260796023,14.97804311745297,15.49770450592041,2061600,0.0,0.0
2006-02-15 00:00:00-05:00,15.810978590732494,15.939972021601708,15.652500143708629,15.715153694152832,1421200,0.0,0.0
2006-02-16 00:00:00-05:00,15.84782916830457,15.976822564282205,15.803603061958318,15.840457916259766,708000,0.0,0.0
2006-02-17 00:00:00-05:00,15.884688480986405,16.223759140602013,15.847833616340845,16.013683319091797,539400,0.0,0.0
2006-02-21 00:00:00-05:00,16.065269823859133,16.14266583081043,15.700400724639865,15.877307891845703,594200,0.0,0.0
2006-02-22 00:00:00-05:00,15.892056594249048,16.065277516878922,15.810975626868785,16.02105140686035,496800,0.0,0.0
2006-02-23 00:00:00-05:00,16.021052554323475,16.374864271658183,15.951026352029062,16.153732299804688,827800,0.0,0.0
2006-02-24 00:00:00-05:00,16.153733399248186,16.290098077641566,15.97682612261751,16.264299392700195,286400,0.0,0.0
2006-02-27 00:00:00-05:00,16.256921315033846,16.41539968796415,16.22743631266435,16.279033660888672,278800,0.0,0.0
2006-02-28 00:00:00-05:00,16.282718657168587,16.282718657168587,15.906793343243153,15.936278343200684,274200,0.0,0.0
2006-03-01 00:00:00-05:00,15.991564792153524,16.253237908572668,15.991564792153524,16.220067977905273,1361600,0.0,0.0
2006-03-02 00:00:00-05:00,16.183214144720136,16.271667767385072,15.895742331423703,16.161100387573242,352200,0.0,0.0
2006-03-03 00:00:00-05:00,16.161098117661837,16.28272165600313,16.021048559836785,16.083702087402344,349400,0.0,0.0
2006-03-06 00:00:00-05:00,15.73357268150374,16.253233861963185,15.73357268150374,15.9657621383667,506000,0.0,0.0
2006-03-07 00:00:00-05:00,15.91048481513663,16.050535810745252,15.858887449892075,15.973139762878418,624200,0.0,0.0
2006-03-08 00:00:00-05:00,15.973138692490142,15.991566120853664,15.637754434952466,15.94734001159668,591200,0.0,0.0
2006-03-09 00:00:00-05:00,15.939965850575048,15.962079604129878,15.652494083974299,15.781487464904785,359600,0.0,0.0
2006-03-10 00:00:00-05:00,15.873632319887145,15.90680226047309,15.73726763344403,15.847833633422852,564200,0.0,0.0
2006-03-13 00:00:00-05:00,15.829399884027332,16.24218010865041,15.829399884027332,16.006305694580078,386600,0.0,0.0
2006-03-14 00:00:00-05:00,16.006302738290238,16.223749687210333,15.93996289584532,16.205322265625,250400,0.0,0.0
2006-03-15 00:00:00-05:00,16.172154150545918,16.581249422670908,16.172154150545918,16.466997146606445,667800,0.0,0.0
2006-03-16 00:00:00-05:00,16.54071905869916,16.577573930075506,16.404352941575596,16.437522888183594,275200,0.0,0.0
2006-03-17 00:00:00-05:00,16.511230932348667,16.559143380867795,16.38592242493761,16.489118576049805,584800,0.0,0.0
2006-03-20 00:00:00-05:00,16.426459639926907,16.662334089458454,16.426459639926907,16.584938049316406,392600,0.0,0.0
2006-03-21 00:00:00-05:00,16.529652371531224,16.621790905165003,16.220066842284822,16.253236770629883,219200,0.0,0.0
2006-03-22 00:00:00-05:00,16.21638435017239,16.62547972577209,16.201641845159884,16.544397354125977,261800,0.0,0.0
2006-03-23 00:00:00-05:00,16.216381443359587,16.25692262191557,15.538241799491288,15.781487464904785,1441800,0.0,0.0
2006-03-24 00:00:00-05:00,15.792544286576325,15.954709007452722,15.72989075781769,15.932595252990723,416600,0.0,0.0
2006-03-27 00:00:00-05:00,15.991574697983337,16.03211590568108,15.829411273115774,16.01000213623047,280600,0.0,0.0
2006-03-28 00:00:00-05:00,16.046849245216443,16.080019177468543,15.575098941417416,15.737263679504395,533800,0.0,0.0
2006-03-29 00:00:00-05:00,15.737259691801622,15.84414071374472,15.689347267150879,15.689347267150879,562400,0.0,0.0
2006-03-30 00:00:00-05:00,15.652498169321268,15.799919013730173,15.56035961434466,15.774120330810547,533400,0.0,0.0
2006-03-31 00:00:00-05:00,15.777808828151624,16.02105459047422,15.740952557543372,15.847833633422852,565000,0.0,0.0
2006-04-03 00:00:00-04:00,15.90311183015952,16.11318757916059,15.807286965678955,16.043161392211914,426000,0.0,0.0
2006-04-04 00:00:00-04:00,16.006308326326483,16.216384098768536,15.976823316758582,16.017364501953125,600800,0.0,0.0
2006-04-05 00:00:00-04:00,16.021045609195316,16.091070375211178,15.880994671241403,15.936278343200684,460000,0.0,0.0
2006-04-06 00:00:00-04:00,15.880997242262547,15.88468216489271,15.479273191299079,15.49401569366455,982200,0.0,0.0
2006-04-07 00:00:00-04:00,15.516129561486952,15.641438032025778,15.169689157490218,15.250771522521973,566200,0.0,0.0
2006-04-10 00:00:00-04:00,15.258145632805515,15.291315569630333,15.084924695395602,15.147578239440918,468200,0.0,0.0
2006-04-11 00:00:00-04:00,15.132832707874327,15.206542407304662,14.97803924604135,15.099662780761719,338600,0.0,0.0
2006-04-12 00:00:00-04:00,15.136512690689703,15.379758274825065,15.073859185436353,15.335532188415527,351400,0.0,0.0
2006-04-13 00:00:00-04:00,15.353965274494245,15.519814917148468,15.2065430574855,15.394506454467773,357400,0.0,0.0
2006-04-17 00:00:00-04:00,15.412933396024702,15.460845825936081,15.23602758472393,15.435047149658203,433400,0.0,0.0
2006-04-18 00:00:00-04:00,15.287625498582202,15.534557502494243,15.05912232633592,15.110719680786133,733000,0.0,0.0
2006-04-19 00:00:00-04:00,15.534554034181513,15.781484577040292,15.32447833458095,15.718831062316895,1195600,0.0,0.0
2006-04-20 00:00:00-04:00,15.71515280814391,16.002624669829533,15.460850884800694,15.884687423706055,604800,0.0,0.0
2006-04-21 00:00:00-04:00,16.032103182445802,16.032103182445802,15.641435334396704,15.792542457580566,338600,0.0,0.0
2006-04-24 00:00:00-04:00,15.792544709109825,15.792544709109825,15.556670278894147,15.600897789001465,277400,0.0,0.0
2006-04-25 00:00:00-04:00,15.600904449104563,15.696727950066268,15.464538343608728,15.663558006286621,282600,0.0,0.0
2006-04-26 00:00:00-04:00,15.663554191232292,15.81466136366374,15.582471813758865,15.726207733154297,385400,0.0,0.0
2006-04-27 00:00:00-04:00,15.66355081883653,15.66355081883653,15.317110436269642,15.457159996032715,358200,0.0,0.0
2006-04-28 00:00:00-04:00,15.457164001382692,15.60090133299999,15.376083026278756,15.58984375,434800,0.0,0.0
2006-05-01 00:00:00-04:00,15.626694255320158,15.670920353245737,15.25814015878829,15.302366256713867,418400,0.0,0.0
2006-05-02 00:00:00-04:00,15.339226080522568,15.552988200704872,15.129150289818034,15.49770450592041,524600,0.0,0.0
2006-05-03 00:00:00-04:00,15.460846263275167,15.552984797137448,15.221285512864256,15.516128540039062,353600,0.0,0.0
2006-05-04 00:00:00-04:00,15.847831576745605,15.906800196143097,15.626699605485712,15.903115272521973,525800,0.0,0.0
2006-05-05 00:00:00-04:00,15.976824992326746,16.10581981383067,15.903115272521973,15.903115272521973,546000,0.0,0.0
2006-05-08 00:00:00-04:00,15.903106128621117,16.19794905608103,15.888363630767627,16.18320655822754,580600,0.0,0.0
2006-05-09 00:00:00-04:00,16.183213791526928,16.349593925793243,16.105570199009144,16.3385009765625,764800,0.07,0.0
2006-05-10 00:00:00-04:00,16.37546546173632,16.508569490617685,16.231269900587726,16.360675811767578,510400,0.0,0.0
2006-05-11 00:00:00-04:00,16.342191971197202,16.36067833129568,16.13883918927617,16.14623260498047,428000,0.0,0.0
2006-05-12 00:00:00-04:00,16.109261288674865,16.16472178422245,15.724738759273027,15.831961631774902,405600,0.0,0.0
2006-05-15 00:00:00-04:00,15.831968247170705,16.042715961642195,15.70625896043161,15.968769073486328,494400,0.0,0.0
2006-05-16 00:00:00-04:00,15.917005500278014,15.979860844218825,15.835665198686844,15.924400329589844,1020800,0.0,0.0
2006-05-17 00:00:00-04:00,15.739534950953363,16.064900411788923,15.56575997577649,15.976163864135742,1102800,0.0,0.0
2006-05-18 00:00:00-04:00,15.994644621148195,16.01682910288205,15.565754513893904,15.591635704040527,1228000,0.0,0.0
2006-05-19 00:00:00-04:00,15.59533752339751,15.746927991834484,15.417865858672716,15.613823890686035,429800,0.0,0.0
2006-05-22 00:00:00-04:00,15.61381788609796,15.61381788609796,15.343913078308105,15.343913078308105,843000,0.0,0.0
2006-05-23 00:00:00-04:00,15.388281448083879,15.528780331716716,15.366098378849554,15.414162635803223,817600,0.0,0.0
2006-05-24 00:00:00-04:00,15.417864915168385,15.61382293518995,15.325431673962843,15.484416961669922,983600,0.0,0.0
2006-05-25 00:00:00-04:00,15.547270705588444,15.798689231540115,15.502903145249713,15.780202865600586,537200,0.0,0.0
2006-05-26 00:00:00-04:00,15.817175404322848,15.857846255144734,15.647098583085231,15.728440284729004,308400,0.0,0.0
2006-05-30 00:00:00-04:00,15.728437242339966,15.79498927437168,15.436347925136225,15.443742752075195,836400,0.0,0.0
2006-05-31 00:00:00-04:00,15.458539023113234,15.680378284566462,15.42895970269567,15.580550193786621,580200,0.0,0.0
2006-06-01 00:00:00-04:00,15.584249270076498,15.872640609741211,15.584249270076498,15.872640609741211,387800,0.0,0.0
2006-06-02 00:00:00-04:00,15.846755904897492,15.898518296941358,15.417865700280501,15.86154556274414,792600,0.0,2.0
2006-06-05 00:00:00-04:00,15.935493657063937,16.112966759629764,15.513998211914274,15.565760612487793,508900,0.0,0.0
2006-06-06 00:00:00-04:00,15.565754853685265,15.595334163309436,15.314336363556249,15.573149681091309,442000,0.0,0.0
2006-06-07 00:00:00-04:00,15.59533734419717,15.80978174103491,15.255182266235352,15.255182266235352,1243400,0.0,0.0
2006-06-08 00:00:00-04:00,15.255177690416767,15.587937839652245,15.033338531205766,15.403071403503418,1155300,0.0,0.0
2006-06-09 00:00:00-04:00,15.403074870379042,15.491811400287366,15.1664460045159,15.292155265808105,309500,0.0,0.0
2006-06-12 00:00:00-04:00,15.255186156147648,15.284765479347353,14.907637571069667,14.996374130249023,535200,0.0,0.0
2006-06-13 00:00:00-04:00,14.996368849017998,15.085103966527985,14.671003460503092,14.737555503845215,840600,0.0,0.0
2006-06-14 00:00:00-04:00,14.774527596988664,14.966788890524615,14.73755486802449,14.85586929321289,698800,0.0,0.0
2006-06-15 00:00:00-04:00,14.952000139641859,15.380890309510342,14.922422236764355,15.306944847106934,525800,0.0,0.0
2006-06-16 00:00:00-04:00,15.314337375597633,15.380889416230971,15.07031369674846,15.203417778015137,875700,0.0,0.0
2006-06-19 00:00:00-04:00,15.19602462827747,15.218209114411572,14.952000922479796,15.07031536102295,449200,0.0,0.0
2006-06-20 00:00:00-04:00,15.033346640370368,15.14426627980723,14.870664596557617,14.870664596557617,776500,0.0,0.0
2006-06-21 00:00:00-04:00,14.915025886148499,15.232996419539143,14.87065833115094,15.062919616699219,512400,0.0,0.0
2006-06-22 00:00:00-04:00,15.062920478431609,15.062920478431609,14.759738172416009,14.900237083435059,416700,0.0,0.0
2006-06-23 00:00:00-04:00,14.841085958666262,14.99637458937953,14.722771483084632,14.752350807189941,309200,0.0,0.0
2006-06-26 00:00:00-04:00,14.80410626618602,15.01115579607281,14.759737300851015,14.885446548461914,336700,0.0,0.0
2006-06-27 00:00:00-04:00,14.885450793495824,15.048134225279965,14.767136339699835,14.811505317687988,507100,0.0,0.0
2006-06-28 00:00:00-04:00,14.863264353891784,15.02594633846911,14.744949926850234,14.900237083435059,626700,0.0,0.0
2006-06-29 00:00:00-04:00,15.011157800033875,15.092499503587872,14.619241760188608,15.048131942749023,679700,0.0,0.0
2006-06-30 00:00:00-04:00,15.070315722337625,15.787598609924315,14.87066098402138,15.787598609924316,2924700,0.0,0.0
2006-07-03 00:00:00-04:00,15.78759838282594,15.794993211608228,15.484417454848987,15.654494285583496,482100,0.0,0.0
2006-07-05 00:00:00-04:00,15.639709712709388,15.639709712709388,15.255186953532858,15.269976615905762,502900,0.0,0.0
2006-07-06 00:00:00-04:00,15.255178326599594,15.565754008698239,15.2403900830094,15.373494148254395,315700,0.0,0.0
2006-07-07 00:00:00-04:00,15.36610371751298,15.373498546633266,15.114685169101028,15.18123722076416,231900,0.0,0.0
2006-07-10 00:00:00-04:00,15.181236229102016,15.388285789267451,15.166446571827528,15.188631057739258,141700,0.0,0.0
2006-07-11 00:00:00-04:00,15.18863124814191,15.19602466645249,14.974185446231619,15.151657104492188,355400,0.0,0.0
2006-07-12 00:00:00-04:00,15.136871102124498,15.15166076315564,14.974189062041072,15.011161804199219,147600,0.0,0.0
2006-07-13 00:00:00-04:00,14.99637389736466,15.181240433232677,14.811507361496641,14.870664596557617,298000,0.0,0.0
2006-07-14 00:00:00-04:00,14.885450793495824,14.959397679723201,14.715373942466535,14.811505317687988,379600,0.0,0.0
2006-07-17 00:00:00-04:00,14.804107746303028,14.974184565834097,14.737555702065778,14.87805461883545,381400,0.0,0.0
2006-07-18 00:00:00-04:00,14.848473258041706,14.863262912592544,14.589659945078383,14.722764015197754,279100,0.0,0.0
2006-07-19 00:00:00-04:00,14.744949779327474,14.98157863104311,14.737554951408958,14.929816246032715,334000,0.0,0.0
2006-07-20 00:00:00-04:00,14.929815789646154,14.944604034611915,14.65621280670166,14.65621280670166,305700,0.0,0.0
2006-07-21 00:00:00-04:00,14.7449524972189,14.92242416871843,14.611848390989385,14.863266944885254,296300,0.0,0.0
2006-07-24 00:00:00-04:00,14.900236110406395,15.373495198086628,14.892841282896798,15.262574195861816,543300,0.0,0.0
2006-07-25 00:00:00-04:00,15.262578873209176,15.617523650349986,15.129474758083818,15.366105079650879,407300,0.0,0.0
2006-07-26 00:00:00-04:00,15.373500675522513,15.817179200823777,15.343921354945289,15.735838890075684,661800,0.0,0.0
2006-07-27 00:00:00-04:00,15.70625203681063,15.891118470497787,15.306941273464227,15.351308822631836,458800,0.0,0.0
2006-07-28 00:00:00-04:00,15.373497173253696,15.935490031995805,15.373497173253696,15.780202865600586,363600,0.0,0.0
2006-07-31 00:00:00-04:00,15.787596057471456,15.83935844090402,15.706254363266472,15.817173957824707,180900,0.0,0.0
2006-08-01 00:00:00-04:00,15.721043077385715,15.721043077385715,15.343915350132177,15.454834938049316,286500,0.0,0.0
2006-08-02 00:00:00-04:00,15.454842487017912,15.565762129114113,15.403080081401,15.469632148742676,454900,0.0,0.0
2006-08-03 00:00:00-04:00,15.395686088050688,15.942890907856562,15.380896425521378,15.898523330688477,297900,0.0,0.0
2006-08-04 00:00:00-04:00,15.957680570385872,16.120362626948747,15.765419188764374,15.898523330688477,358200,0.0,0.0
2006-08-07 00:00:00-04:00,15.891122471657072,15.891122471657072,15.713650819882831,15.780202865600586,231300,0.0,0.0
2006-08-08 00:00:00-04:00,15.802461999144384,15.846976997045324,15.312808342724336,15.335065841674805,798600,0.07,0.0
2006-08-09 00:00:00-04:00,15.438928146960343,15.535375874070763,15.23861635807907,15.31280517578125,398900,0.0,0.0
2006-08-10 00:00:00-04:00,15.246041351691764,15.461192987424418,15.194108588600894,15.357327461242676,452300,0.0,0.0
2006-08-11 00:00:00-04:00,15.342483633122802,15.490862700978884,15.223779812813474,15.327645301818848,350100,0.0,0.0
2006-08-14 00:00:00-04:00,15.372159086201735,15.683756972445204,15.372159086201735,15.424093246459961,326800,0.0,0.0
2006-08-15 00:00:00-04:00,15.579891138122251,15.87665068631235,15.50570089730944,15.832137107849121,350700,0.0,0.0
2006-08-16 00:00:00-04:00,15.824712115924754,15.973092542919723,15.765360228138892,15.846969604492188,419800,0.0,0.0
2006-08-17 00:00:00-04:00,15.780216755947338,15.98053013892898,15.772797584533693,15.772797584533691,328700,0.0,0.0
2006-08-18 00:00:00-04:00,15.832139125695795,15.861814376766418,15.624406707956124,15.757948875427246,385200,0.0,0.0
2006-08-21 00:00:00-04:00,15.75795006185906,15.795045897316978,15.527961542265686,15.550217628479004,170600,0.0,0.0
2006-08-22 00:00:00-04:00,15.542796882532942,15.609567958434052,15.401835565068247,15.446349143981934,287300,0.0,0.0
2006-08-23 00:00:00-04:00,15.424091768859803,15.468605344041356,15.253453803051938,15.305386543273926,351400,0.0,0.0
2006-08-24 00:00:00-04:00,15.379583101065633,15.379583101065633,15.023471523095925,15.060565948486328,435500,0.0,0.0
2006-08-25 00:00:00-04:00,15.067981710296568,15.142171959367488,14.927021793629253,14.949277877807617,557300,0.0,0.0
2006-08-28 00:00:00-04:00,14.912178643095762,15.134747903341328,14.882501987030569,15.082815170288086,533900,0.0,0.0
2006-08-29 00:00:00-04:00,15.067976554437763,15.260870569994458,14.978949418064408,15.119909286499023,438100,0.0,0.0
2006-08-30 00:00:00-04:00,15.15700924680055,15.342484149154819,15.045724588400232,15.201522827148438,286600,0.0,0.0
2006-08-31 00:00:00-04:00,15.201523239908044,15.268294319773478,15.119913827836678,15.149590492248535,205700,0.0,0.0
2006-09-01 00:00:00-04:00,15.142172819281571,15.43151325052218,15.112497567004747,15.3795804977417,263400,0.0,0.0
2006-09-05 00:00:00-04:00,15.401831127235972,15.780199976633273,15.401831127235972,15.720848083496094,533800,0.0,0.0
2006-09-06 00:00:00-04:00,15.720854152839829,15.854396317720239,15.572473655181305,15.73569107055664,644400,0.0,0.0
2006-09-07 00:00:00-04:00,15.735686284931921,16.06954159559901,15.661497473726675,15.987932205200195,591900,0.0,0.0
2006-09-08 00:00:00-04:00,15.995351283196852,16.329206592066107,15.980514370072221,16.062122344970703,951000,0.0,0.0
2006-09-11 00:00:00-04:00,16.06954005941883,16.455328067074234,16.039864820785734,16.38113784790039,429600,0.0,0.0
2006-09-12 00:00:00-04:00,16.366304341423163,16.73725413148754,16.29211410039806,16.677902221679688,401300,0.0,0.0
2006-09-13 00:00:00-04:00,16.70015835794955,16.82628133289869,16.57403538300041,16.729833602905273,206300,0.0,0.0
2006-09-14 00:00:00-04:00,16.655641190827808,16.80402021372726,16.529518243079874,16.766925811767578,160600,0.0,0.0
2006-09-15 00:00:00-04:00,16.774343844867555,16.900466784116958,16.58886901744553,16.789180755615234,934800,0.0,0.0
2006-09-18 00:00:00-04:00,16.395980060570956,16.403399225752743,15.706013264336315,16.188247680664062,1601800,0.0,0.0
2006-09-19 00:00:00-04:00,16.26985826826069,16.462752331861065,16.16599277826863,16.403400421142578,415900,0.0,0.0
2006-09-20 00:00:00-04:00,16.55177431823139,16.84853377909102,16.4479088606957,16.766925811767578,554800,0.0,0.0
2006-09-21 00:00:00-04:00,16.759506648363498,16.826277703939507,16.55919348163547,16.766925811767578,1108500,0.0,0.0
2006-09-22 00:00:00-04:00,16.71499502830874,16.974658702367897,16.633385636426777,16.885631561279297,647700,0.0,0.0
2006-09-25 00:00:00-04:00,17.731396995474746,17.731396995474746,17.034011099601713,17.44205665588379,579800,0.0,0.0
2006-09-26 00:00:00-04:00,17.36786748643054,17.672046173561007,17.323353911866842,17.42721939086914,640600,0.0,0.0
2006-09-27 00:00:00-04:00,17.434631137910863,17.568173219844955,17.36786009694382,17.46430778503418,503700,0.0,0.0
2006-09-28 00:00:00-04:00,17.501412817370944,17.59785914902722,17.434641735816108,17.56818389892578,390400,0.0,0.0
2006-09-29 00:00:00-04:00,17.538504555886202,17.649790618193336,17.345610506964512,17.360448837280273,390300,0.0,0.0
2006-10-02 00:00:00-04:00,17.330765703100088,17.627525099031168,17.241737176790554,17.46430778503418,399400,0.0,0.0
2006-10-03 00:00:00-04:00,17.39012408854187,17.864939299676628,17.241743627531786,17.605274200439453,793400,0.0,0.0
2006-10-04 00:00:00-04:00,17.54592412873689,17.82784675104276,17.464316140226114,17.79817008972168,401700,0.0,0.0
2006-10-05 00:00:00-04:00,17.83526591637303,17.976225812464868,17.64979102829957,17.79817008972168,513700,0.0,0.0
2006-10-06 00:00:00-04:00,17.716560013791252,17.805588579314684,17.553342627902843,17.701723098754883,902400,0.0,0.0
2006-10-09 00:00:00-04:00,17.701719077314227,17.77590788082514,17.479148421599316,17.664623260498047,436900,0.0,0.0
2006-10-10 00:00:00-04:00,17.664624052317887,17.746233437910917,17.471730041409415,17.560758590698242,379800,0.0,0.0
2006-10-11 00:00:00-04:00,17.508836328165792,17.531092417499003,17.256590271937466,17.50141716003418,423700,0.0,0.0
2006-10-12 00:00:00-04:00,17.493988924606086,17.746234850093014,17.47173143174751,17.627531051635742,420700,0.0,0.0
2006-10-13 00:00:00-04:00,17.62753231572598,17.753655287513865,17.538503752968236,17.649789810180664,174900,0.0,0.0
2006-10-16 00:00:00-04:00,17.642371193426275,17.79075024921727,17.57560012304896,17.701723098754883,548500,0.0,0.0
2006-10-17 00:00:00-04:00,17.709149622534458,17.709149622534458,17.390132468183243,17.50141716003418,470000,0.0,0.0
2006-10-18 00:00:00-04:00,17.52366711999501,17.672046173561007,17.404961896056783,17.42721939086914,382000,0.0,0.0
2006-10-19 00:00:00-04:00,17.360449258124184,17.531085815708725,17.204651031215107,17.367868423461914,455100,0.0,0.0
2006-10-20 00:00:00-04:00,17.353026517582602,17.397541500437676,17.160132503726373,17.212066650390625,500100,0.0,0.0
2006-10-23 00:00:00-04:00,17.264002911951167,17.330773984825598,17.189812673750566,17.249164581298828,536400,0.0,0.0
2006-10-24 00:00:00-04:00,17.212064319664886,17.315929768807113,17.167549342837688,17.20464515686035,902700,0.0,0.0
2006-10-25 00:00:00-04:00,17.23432537584366,17.271421200591547,17.05626966223686,17.11562156677246,491500,0.0,0.0
2006-10-26 00:00:00-04:00,17.137879931528474,17.330773984825598,17.12304160087613,17.249164581298828,498300,0.0,0.0
2006-10-27 00:00:00-04:00,17.152724618438224,17.28626539861198,16.982086582825453,17.10820960998535,434100,0.0,0.0
2006-10-30 00:00:00-05:00,17.034005562868142,17.197224298352726,17.01916865378266,17.17496681213379,503700,0.0,0.0
2006-10-31 00:00:00-05:00,17.152721748497246,17.249168087218123,16.982083741435105,17.04885482788086,1067800,0.0,0.0
2006-11-01 00:00:00-05:00,17.04885482492042,17.18239699778874,16.915312652052098,16.930150985717773,465000,0.0,0.0
2006-11-02 00:00:00-05:00,16.937571657035388,16.937571657035388,16.685325622558594,16.685325622558594,555500,0.0,0.0
2006-11-03 00:00:00-05:00,16.715002292525984,16.781773384891107,16.522108182922466,16.685325622558594,414300,0.0,0.0
2006-11-06 00:00:00-05:00,16.685320644368158,16.841120285089957,16.663063148533304,16.774349212646484,279700,0.0,0.0
2006-11-07 00:00:00-05:00,16.72982886744261,16.944980346481266,16.700153630886618,16.789180755615234,180700,0.0,0.0
2006-11-08 00:00:00-05:00,16.751973591757835,17.042211681929405,16.580807611372112,16.923139572143555,286800,0.07,0.0
2006-11-09 00:00:00-05:00,16.930580500034818,17.012443101731964,16.81150839908519,16.87848663330078,163100,0.0,0.0
2006-11-10 00:00:00-05:00,16.841277103386975,17.116632246696856,16.789183232357097,17.049654006958008,217700,0.0,0.0
2006-11-13 00:00:00-05:00,17.00500915947485,17.235711289443195,16.938030892798217,17.15384864807129,283400,0.0,0.0
2006-11-14 00:00:00-05:00,17.22826521280476,17.354779530249708,17.101750895359814,17.32501220703125,340800,0.0,0.0
2006-11-15 00:00:00-05:00,17.250589660335276,17.36966177755204,17.176169232211898,17.258031845092773,468000,0.0,0.0
2006-11-16 00:00:00-05:00,17.250595088684243,17.45152988201125,17.124080746898947,17.4366455078125,404400,0.0,0.0
2006-11-17 00:00:00-05:00,17.436644644910032,17.436644644910032,17.161289413668054,17.414318084716797,729800,0.0,0.0
2006-11-20 00:00:00-05:00,17.414311709576918,17.496174314198026,17.243145735779564,17.45896339416504,497200,0.0,0.0
2006-11-21 00:00:00-05:00,17.429198685648423,17.60780687017882,17.38454699437874,17.600364685058594,413900,0.0,0.0
2006-11-22 00:00:00-05:00,17.57803726196289,17.645014080426808,17.451522970283953,17.57803726196289,210500,0.0,0.0
2006-11-24 00:00:00-05:00,17.58547914257765,17.607805696450047,17.42175533920146,17.49617576599121,83200,0.0,0.0
2006-11-27 00:00:00-05:00,17.525944581516157,17.525944581516157,17.347336393640965,17.362220764160156,539300,0.0,0.0
2006-11-28 00:00:00-05:00,17.36966356270352,17.622692192656835,17.332454054543458,17.563156127929688,794700,0.0,0.0
2006-11-29 00:00:00-05:00,17.54827093406634,17.77897299663521,17.473850501783957,17.726879119873047,423600,0.0,0.0
2006-11-30 00:00:00-05:00,17.72688244266224,17.72688244266224,17.354781630954125,17.466411590576172,349000,0.0,0.0
2006-12-01 00:00:00-05:00,17.503615007643965,17.600360552588217,17.34733199571699,17.51849937438965,559800,0.0,0.0
2006-12-04 00:00:00-05:00,17.51850617320605,17.972468179518277,17.496179614422736,17.8682804107666,362400,0.0,0.0
2006-12-05 00:00:00-05:00,17.853387078190348,17.898038753895808,17.674778955917326,17.71198844909668,362300,0.0,0.0
2006-12-06 00:00:00-05:00,17.68967447551603,17.756652741034177,17.61525402277897,17.630138397216797,222700,0.0,0.0
2006-12-07 00:00:00-05:00,17.645023845013423,17.719444308264276,17.525951671592967,17.53339385986328,401100,0.0,0.0
2006-12-08 00:00:00-05:00,17.503624151100187,17.652463637953016,17.48873977657928,17.570602416992188,200100,0.0,0.0
2006-12-11 00:00:00-05:00,17.57804187255731,17.96502561379757,17.488737058762258,17.920373916625977,504000,0.0,0.0
2006-12-12 00:00:00-05:00,17.875723157534953,17.875723157534953,17.659904007551425,17.771533966064453,438500,0.0,0.0
2006-12-13 00:00:00-05:00,17.80874858880933,18.136197765158865,17.771537648626296,18.01712417602539,422500,0.0,0.0
2006-12-14 00:00:00-05:00,18.05432783155355,18.203167273874474,17.89060401916504,17.89060401916504,384800,0.0,0.0
2006-12-15 00:00:00-05:00,17.935256338841832,17.99479240174825,17.73432159423828,17.73432159423828,183400,0.0,0.0
2006-12-18 00:00:00-05:00,17.764096086306786,17.801305605374992,17.518509569880983,17.548276901245117,150500,0.0,0.0
2006-12-19 00:00:00-05:00,17.488735692157817,17.585481265045026,17.2357070622045,17.563156127929688,264100,0.0,0.0
2006-12-20 00:00:00-05:00,17.749208450317383,17.935258850384752,17.58548318980888,17.749208450317383,287000,0.0,0.0
2006-12-21 00:00:00-05:00,17.74920883048034,17.853396602525017,17.674788384969034,17.697114944458008,275000,0.0,0.0
2006-12-22 00:00:00-05:00,17.704556265893075,17.79385966058165,17.63013582401802,17.674787521362305,114100,0.0,0.0
2006-12-26 00:00:00-05:00,17.70455675174775,17.808744521560865,17.563158050250014,17.749208450317383,175000,0.0,0.0
2006-12-27 00:00:00-05:00,17.734328385909624,17.898052266740272,17.53339356435457,17.637582778930664,154400,0.0,0.0
2006-12-28 00:00:00-05:00,17.570595673945995,17.67478341670418,17.54826912073287,17.667341232299805,113300,0.0,0.0
2006-12-29 00:00:00-05:00,17.637579528130924,17.726882930505408,17.518507378663625,17.54083251953125,220200,0.0,0.0
2007-01-03 00:00:00-05:00,17.55571070950726,17.749203239101604,17.503616839895606,17.57803726196289,249100,0.0,0.0
2007-01-04 00:00:00-05:00,17.548268182792743,17.555710366799342,17.369660024988793,17.45896339416504,380000,0.0,0.0
2007-01-05 00:00:00-05:00,17.511061590174993,17.92781402759195,17.496177219690036,17.607807159423828,461300,0.0,0.0
2007-01-08 00:00:00-05:00,17.56316164357633,17.704560374003467,17.525950704278557,17.682233810424805,303600,0.0,0.0
2007-01-09 00:00:00-05:00,17.749207236911115,18.03944538694977,17.704555541394047,17.965024948120117,339100,0.0,0.0
2007-01-10 00:00:00-05:00,17.957585243629747,18.046890066455628,17.860839653399385,17.97991180419922,213300,0.0,0.0
2007-01-11 00:00:00-05:00,17.979910951421143,18.20317086871873,17.979910951421143,18.143634796142578,249400,0.0,0.0
2007-01-12 00:00:00-05:00,18.106422859178107,18.113865044685333,17.250591398171224,17.377105712890625,1435800,0.0,0.0
2007-01-16 00:00:00-05:00,17.391992098418676,17.57804249929437,17.33245602691653,17.50362205505371,859900,0.0,0.0
2007-01-17 00:00:00-05:00,17.43664115476467,17.54827109448286,17.168728163879656,17.176170349121094,1082000,0.0,0.0
2007-01-18 00:00:00-05:00,17.17617281695186,17.17617281695186,16.848723716539936,17.005006790161133,989000,0.0,0.0
2007-01-19 00:00:00-05:00,17.00500915947485,17.205943959504744,16.95291526749349,17.15384864807129,767400,0.0,0.0
2007-01-22 00:00:00-05:00,17.176169021170818,17.213378525049517,17.0347703514189,17.19105339050293,337100,0.0,0.0
2007-01-23 00:00:00-05:00,17.1240765136599,17.60036501466041,17.1240765136599,17.362220764160156,389400,0.0,0.0
2007-01-24 00:00:00-05:00,17.39199531920786,17.570603566790407,17.39199531920786,17.488740921020508,343600,0.0,0.0
2007-01-25 00:00:00-05:00,17.488733445333544,17.607805559490327,17.369661331176758,17.369661331176758,311400,0.0,0.0
2007-01-26 00:00:00-05:00,17.32500972015072,17.377103592894155,17.049654567783403,17.31012535095215,371400,0.0,0.0
2007-01-29 00:00:00-05:00,17.384545835532375,17.548269638908565,17.22082061270461,17.49617576599121,401900,0.0,0.0
2007-01-30 00:00:00-05:00,17.56315348954162,17.67478341670418,17.56315348954162,17.667341232299805,377800,0.0,0.0
2007-01-31 00:00:00-05:00,17.592922179272573,17.942697776289464,17.540828303832182,17.83850860595703,387900,0.0,0.0
2007-02-01 00:00:00-05:00,17.860838044952665,18.032004068881676,17.786417602541654,17.98735237121582,422600,0.0,0.0
2007-02-02 00:00:00-05:00,17.950140994326645,18.29991519202182,17.950140994326645,18.17340087890625,412400,0.0,0.0
2007-02-05 00:00:00-05:00,18.188285043478086,18.29247279917352,17.98735029796399,18.106422424316406,1268600,0.0,0.0
2007-02-06 00:00:00-05:00,18.12130700046779,18.20316820110606,18.091538258816254,18.17340087890625,269800,0.0,0.0
2007-02-07 00:00:00-05:00,18.195727145719044,18.322241456822244,18.12874889752019,18.165958404541016,577700,0.0,0.0
2007-02-08 00:00:00-05:00,18.15102994922638,18.248055167581676,18.13610277355113,18.210737228393555,340500,0.07,0.0
2007-02-09 00:00:00-05:00,18.19580586528132,18.33014756837459,18.121172851148163,18.151025772094727,158500,0.0,0.0
2007-02-12 00:00:00-05:00,18.15103143834638,18.210738722411968,17.912202302084022,17.94205665588379,327300,0.0,0.0
2007-02-13 00:00:00-05:00,18.00176456450273,18.15103206807842,17.964446620958313,17.98683738708496,264000,0.0,0.0
2007-02-14 00:00:00-05:00,17.47186232348435,17.539033202824704,16.971813234802877,17.1285457611084,1728800,0.0,0.0
2007-02-15 00:00:00-05:00,17.128545592734422,17.22556940442003,16.800154788469015,16.979276657104492,806300,0.0,0.0
2007-02-16 00:00:00-05:00,16.97927297472327,16.97927297472327,16.78522396990238,16.97180938720703,490200,0.0,0.0
2007-02-20 00:00:00-05:00,16.979282166407696,17.1733312762765,16.792696648095525,17.068843841552734,521600,0.0,0.0
2007-02-21 00:00:00-05:00,16.964351654052734,17.068840491805172,16.800156942633546,16.964351654052734,399100,0.0,0.0
2007-02-22 00:00:00-05:00,16.979269419970393,17.322585832638566,16.844927719871208,16.956878662109375,522700,0.0,0.0
2007-02-23 00:00:00-05:00,16.889714083456784,16.9568849584479,16.785226688374596,16.79269027709961,624700,0.0,0.0
2007-02-26 00:00:00-05:00,16.792693884415524,16.912108482599734,16.65088851524641,16.725522994995117,477900,0.0,0.0
2007-02-27 00:00:00-05:00,16.516545014521473,16.673277548007494,16.1657648468667,16.426984786987305,723700,0.0,0.0
2007-02-28 00:00:00-05:00,16.419527602879576,16.494162103963244,16.277722193174082,16.389673233032227,408300,0.0,0.0
2007-03-01 00:00:00-05:00,16.329960530997575,16.329960530997575,15.882156519257709,16.083667755126953,820500,0.0,0.0
2007-03-02 00:00:00-05:00,16.12098907425199,16.225476509023547,15.919476372734389,15.926939964294434,731000,0.0,0.0
2007-03-05 00:00:00-05:00,15.919469909082611,16.02395730143001,15.46420097351074,15.464200973510742,1268400,0.0,0.0
2007-03-06 00:00:00-05:00,15.464200361254685,15.941860043504127,15.382103737746638,15.897078514099121,980600,0.0,0.0
2007-03-07 00:00:00-05:00,15.941863526482683,16.964351137880485,15.837374691909512,16.54640007019043,1491600,0.0,0.0
2007-03-08 00:00:00-05:00,16.621035977090735,16.665816096602896,16.262792173924765,16.337425231933594,849500,0.0,0.0
2007-03-09 00:00:00-05:00,16.33741997610826,16.412054433641163,16.04634715761721,16.098590850830078,758100,0.0,0.0
2007-03-12 00:00:00-04:00,16.098596232553973,16.195621486842228,15.93440150991877,16.038888931274414,1062400,0.0,0.0
2007-03-13 00:00:00-04:00,16.009032934060194,16.009032934060194,15.6507877712871,15.680642127990723,1082100,0.0,0.0
2007-03-14 00:00:00-04:00,15.75527523203185,15.867226212908912,15.255226188815946,15.464200973510742,1330600,0.0,0.0
2007-03-15 00:00:00-04:00,15.42688685031718,15.710496140821494,15.42688685031718,15.568692207336426,902100,0.0,0.0
2007-03-16 00:00:00-04:00,15.441807582904563,15.553758534430195,15.202978506707595,15.262685775756836,748300,0.0,0.0
2007-03-19 00:00:00-04:00,15.329861527974277,15.785129066069162,15.329861527974277,15.441812515258789,1171300,0.0,0.0
2007-03-20 00:00:00-04:00,15.374643460446924,15.411959986119989,15.217910920844796,15.367179870605469,802000,0.0,0.0
2007-03-21 00:00:00-04:00,15.725420727632612,15.725420727632612,15.344786257460981,15.658249855041504,595400,0.0,0.0
2007-03-22 00:00:00-04:00,15.598541781732443,15.598541781732443,15.32239614041464,15.51644515991211,992900,0.0,0.0
2007-03-23 00:00:00-04:00,15.516452183464128,15.546305125766187,15.404499735111498,15.419426918029785,957700,0.0,0.0
2007-03-26 00:00:00-04:00,15.47912305435802,15.576148249765975,15.225366822029734,15.374635696411133,653800,0.0,0.0
2007-03-27 00:00:00-04:00,15.300008628481555,15.367179511952745,15.150739682204652,15.202984809875488,661300,0.0,0.0
2007-03-28 00:00:00-04:00,15.210442410802811,15.277613274113587,15.135809383598612,15.21790599822998,574700,0.0,0.0
2007-03-29 00:00:00-04:00,15.217906382666246,15.31493159813676,15.053711725721863,15.14327335357666,660300,0.0,0.0
2007-03-30 00:00:00-04:00,15.128355085675537,15.285086247284973,15.061184181118744,15.150744438171387,409400,0.0,0.0
2007-04-02 00:00:00-04:00,15.553765689130428,15.620936575650994,15.255229206558049,15.322400093078613,687700,0.0,0.0
2007-04-03 00:00:00-04:00,15.322395533993047,15.725419309664927,15.322395533993047,15.710492134094238,1442400,0.0,0.0
2007-04-04 00:00:00-04:00,15.785124838742387,15.882150045663476,15.426881205957578,15.486588478088379,592900,0.0,0.0
2007-04-05 00:00:00-04:00,15.337321306940153,15.434346524748092,15.32985914267845,15.389566421508789,377700,0.0,0.0
2007-04-09 00:00:00-04:00,15.419420865866707,15.591079131447133,15.367177169693008,15.464200973510742,427200,0.0,0.0
2007-04-10 00:00:00-04:00,15.471670078394926,15.643328405179357,15.42688995478474,15.553768157958984,587300,0.0,0.0
2007-04-11 00:00:00-04:00,15.576154810140467,15.650787855231671,15.36717858269647,15.411958694458008,525600,0.0,0.0
2007-04-12 00:00:00-04:00,15.39703084821344,15.479128902493844,15.232836163186656,15.449275970458984,712800,0.0,0.0
2007-04-13 00:00:00-04:00,15.46419859272431,15.785125732421873,15.46419859272431,15.785125732421875,1057900,0.0,0.0
2007-04-16 00:00:00-04:00,15.86722573943897,16.016493234976334,15.79259127990333,15.94186019897461,662600,0.0,0.0
2007-04-17 00:00:00-04:00,16.016496658325195,16.0687417876407,15.919472836664836,16.016496658325195,672300,0.0,0.0
2007-04-18 00:00:00-04:00,16.016503139629467,16.061284697164247,15.814991824862133,16.001577377319336,472200,0.0,0.0
2007-04-19 00:00:00-04:00,15.926938189452466,16.2926455939343,15.897083826539152,16.180694580078125,822500,0.0,0.0
2007-04-20 00:00:00-04:00,16.44191246524394,16.44191246524394,16.016496389172005,16.031423568725586,1197000,0.0,0.0
2007-04-23 00:00:00-04:00,15.979179595795738,16.07620483773238,15.912008712465502,16.046350479125977,452800,0.0,0.0
2007-04-24 00:00:00-04:00,16.053817508214475,16.06874469071574,15.591084815416629,15.650792121887207,748200,0.0,0.0
2007-04-25 00:00:00-04:00,15.710491282149507,15.792589319802484,15.635858255410875,15.785125732421875,901200,0.0,0.0
2007-04-26 00:00:00-04:00,15.822447168231687,15.859763689853015,15.40449472369575,15.538836479187012,511800,0.0,0.0
2007-04-27 00:00:00-04:00,15.546303268769371,15.546303268769371,15.247766763736234,15.337327003479004,758600,0.0,0.0
2007-04-30 00:00:00-04:00,15.367183168369822,15.456743418618297,15.128353936327871,15.135817527770996,981400,0.0,0.0
2007-05-01 00:00:00-04:00,14.516349614782818,15.135813296024303,14.471568078644315,15.105958938598633,729200,0.0,0.0
2007-05-02 00:00:00-04:00,15.113420343365528,15.48659121604122,15.105956755087945,15.307469367980957,1123700,0.0,0.0
2007-05-03 00:00:00-04:00,15.426887165802897,15.464203691475964,15.277618216042224,15.367179870605469,912700,0.0,0.0
2007-05-04 00:00:00-04:00,15.38956472047877,15.434344818768466,15.277612339454047,15.40449047088623,474300,0.0,0.0
2007-05-07 00:00:00-04:00,15.404491854382261,15.66571172767766,15.404491854382261,15.620931625366211,584300,0.0,0.0
2007-05-08 00:00:00-04:00,15.673182558743418,15.74781704611099,15.38957321498798,15.591084480285645,633700,0.0,0.0
2007-05-09 00:00:00-04:00,15.508703865632407,15.606055297633517,15.306515176706954,15.456284523010254,745000,0.07,0.0
2007-05-10 00:00:00-04:00,15.463782452188179,15.688438748471501,15.366432390289978,15.576109886169434,508100,0.0,0.0
2007-05-11 00:00:00-04:00,15.703409576810877,15.703409576810877,15.328983966629517,15.523685455322266,477900,0.0,0.0
2007-05-14 00:00:00-04:00,15.643493845477636,15.71089053644156,15.538655183231375,15.598563194274902,540800,0.0,0.0
2007-05-15 00:00:00-04:00,15.598570774578059,15.636012764055756,15.49373206138423,15.508708000183105,517300,0.0,0.0
2007-05-16 00:00:00-04:00,15.53117417625023,15.53117417625023,15.284053330069444,15.366427421569824,557600,0.0,0.0
2007-05-17 00:00:00-04:00,15.373906458998766,15.373906458998766,15.23911309505291,15.276555061340332,358200,0.0,0.0
2007-05-18 00:00:00-04:00,15.254100799560545,15.299031475245258,15.141771967868124,15.254100799560547,354600,0.0,0.0
2007-05-21 00:00:00-04:00,15.216660159702183,15.493735805075017,15.164240790439381,15.411361694335938,709200,0.0,0.0
2007-05-22 00:00:00-04:00,16.025413056844894,16.564586756325202,16.025413056844894,16.50467872619629,1421600,0.0,0.0
2007-05-23 00:00:00-04:00,16.51965466248844,16.66942545197077,16.444769267747272,16.50467872619629,862200,0.0,0.0
2007-05-24 00:00:00-04:00,16.5046788172,16.579562784033953,16.055367874595692,16.122764587402344,576400,0.0,0.0
2007-05-25 00:00:00-04:00,16.10029634202891,16.20513502393789,16.092807660703993,16.1527156829834,343100,0.0,0.0
2007-05-29 00:00:00-04:00,16.25756306067344,16.25756306067344,15.883137364075848,16.077838897705078,457800,0.0,0.0
2007-05-30 00:00:00-04:00,15.972999368329166,16.587057251794064,15.913091316974556,16.527149200439453,817200,0.0,0.0
2007-05-31 00:00:00-04:00,16.557099871370017,16.796732017898858,16.512167772655665,16.646961212158203,713900,0.0,0.0
2007-06-01 00:00:00-04:00,16.744311436478775,16.856638818386855,16.64695999139032,16.84166145324707,635400,0.0,0.0
2007-06-04 00:00:00-04:00,16.76677772111735,16.76677772111735,16.549611618302496,16.63947296142578,673100,0.0,0.0
2007-06-05 00:00:00-04:00,16.557105390946425,16.557105390946425,16.30249579330128,16.44477653503418,588000,0.0,0.0
2007-06-06 00:00:00-04:00,16.474728735094807,16.474728735094807,16.11528045094421,16.167699813842773,450200,0.0,0.0
2007-06-07 00:00:00-04:00,16.294999849004267,16.294999849004267,15.733361532910314,15.860666275024414,585100,0.0,0.0
2007-06-08 00:00:00-04:00,15.860666355569368,16.07034374718438,15.725872930491084,16.032901763916016,418100,0.0,0.0
2007-06-11 00:00:00-04:00,16.03290124646874,16.03290124646874,15.830711115376817,15.868154525756836,365100,0.0,0.0
2007-06-12 00:00:00-04:00,15.7707996147042,15.808243016840002,15.508701513032568,15.538656234741211,769300,0.0,0.0
2007-06-13 00:00:00-04:00,15.538663388910388,15.793272927379853,15.486244030105569,15.621037483215332,778700,0.0,0.0
2007-06-14 00:00:00-04:00,15.643499655920328,15.823223755805577,15.576102939923338,15.770804405212402,432200,0.0,0.0
2007-06-15 00:00:00-04:00,15.920573871968802,16.0703432285287,15.823222433300813,15.868154525756836,370600,0.0,0.0
2007-06-18 00:00:00-04:00,15.838196129185652,15.995455559718929,15.823218768502535,15.890615463256836,317400,0.0,0.0
2007-06-19 00:00:00-04:00,15.875646848825612,15.898111471885702,15.725876029596536,15.755830764770508,438300,0.0,0.0
2007-06-20 00:00:00-04:00,15.838201522827147,16.047880358836967,15.823224157043542,15.838201522827148,390800,0.0,0.0
2007-06-21 00:00:00-04:00,16.295001736346652,16.646961274335442,16.287513053199625,16.414817810058594,1473800,0.0,0.0
2007-06-22 00:00:00-04:00,16.63947069393224,16.63947069393224,16.152717771437715,16.18267250061035,496800,0.0,0.0
2007-06-25 00:00:00-04:00,16.25006646074338,16.30997448062225,15.987968338153351,16.047876358032227,497000,0.0,0.0
2007-06-26 00:00:00-04:00,16.025413903796547,16.040391269200363,15.725873737321134,15.770804405212402,704900,0.0,0.0
2007-06-27 00:00:00-04:00,15.725877824807842,16.017929384491698,15.725877824807842,15.98797607421875,716400,0.0,0.0
2007-06-28 00:00:00-04:00,16.01043939571947,16.220118263832997,16.01043939571947,16.09281349182129,349100,0.0,0.0
2007-06-29 00:00:00-04:00,16.122758192146446,16.287504853480872,15.808240799911966,15.943034172058105,488500,0.0,0.0
2007-07-02 00:00:00-04:00,16.02541547112701,16.115278244018555,15.95053006510411,16.115278244018555,204200,0.0,0.0
2007-07-03 00:00:00-04:00,16.04788312053053,16.167699210778185,15.9879750754067,16.0628604888916,279700,0.0,0.0
2007-07-05 00:00:00-04:00,16.062863133171252,16.30249535311499,15.965511651118675,16.280029296875,501700,0.0,0.0
2007-07-06 00:00:00-04:00,16.190163650041455,16.24258300576139,16.055370204864296,16.115278244018555,360200,0.0,0.0
2007-07-09 00:00:00-04:00,16.16020866557354,16.265047375386803,16.09281194403064,16.23509407043457,313100,0.0,0.0
2007-07-10 00:00:00-04:00,16.235093862251585,16.235093862251585,15.823224854957472,15.875645637512207,580600,0.0,0.0
2007-07-11 00:00:00-04:00,15.928068025352303,16.062861492381945,15.725877824807842,15.98797607421875,708500,0.0,0.0
2007-07-12 00:00:00-04:00,16.12276415598773,16.414815618121736,15.913085340830968,16.130252838134766,440900,0.0,0.0
2007-07-13 00:00:00-04:00,16.175181726958144,16.25006711188738,15.740848208352485,16.1527156829834,473800,0.0,0.0
2007-07-16 00:00:00-04:00,16.130252838134766,16.459746282683874,16.12276415598773,16.130252838134766,630200,0.0,0.0
2007-07-17 00:00:00-04:00,16.107786638908717,16.152717303044682,15.725872422952884,15.868154525756836,600400,0.0,0.0
2007-07-18 00:00:00-04:00,15.883130974202345,16.130253205725936,15.793269643030227,16.032901763916016,585700,0.0,0.0
2007-07-19 00:00:00-04:00,15.965511406563405,16.04039683122892,15.76332118846271,15.980488777160645,594800,0.0,0.0
2007-07-20 00:00:00-04:00,15.950525583746845,15.965502946407545,15.68842887878418,15.68842887878418,446000,0.0,0.0
2007-07-23 00:00:00-04:00,15.658476453099562,15.890619895153819,15.486241042166407,15.516194343566895,318800,0.0,0.0
2007-07-24 00:00:00-04:00,15.366429464314539,15.875648591609568,15.261589308016974,15.30652141571045,822700,0.0,0.0
2007-07-25 00:00:00-04:00,15.463770178122584,15.538655550778222,14.999483438633051,15.051902770996094,382900,0.0,0.0
2007-07-26 00:00:00-04:00,14.977022839123888,15.02944219052959,14.415384482656743,14.527711868286133,597600,0.0,0.0
2007-07-27 00:00:00-04:00,14.587623648041305,14.714928431993558,14.08589319697308,14.093381881713867,836800,0.0,0.0
2007-07-30 00:00:00-04:00,14.66250374133882,14.819763207133635,14.228170182377978,14.744877815246582,1246400,0.0,0.0
2007-07-31 00:00:00-04:00,14.969532074837574,15.11181417195501,14.542687211805267,14.587617874145508,626800,0.0,0.0
2007-08-01 00:00:00-04:00,14.647525411440483,15.00697498313224,14.542686726703696,14.819762229919434,663400,0.0,0.0
2007-08-02 00:00:00-04:00,14.924598065977413,15.074367382969008,14.774827320666136,15.051902770996094,695300,0.0,0.0
2007-08-03 00:00:00-04:00,14.939581162519453,15.081861854044995,14.482781499410526,14.497758865356445,961600,0.0,0.0
2007-08-06 00:00:00-04:00,14.527712662067284,14.797299544963964,14.37045459925774,14.662506103515625,857300,0.0,0.0
2007-08-07 00:00:00-04:00,14.587620688290437,15.126794453667102,14.550178700503848,14.984512329101562,1209900,0.0,0.0
2007-08-08 00:00:00-04:00,15.044625331381948,16.299596603946455,15.029595391989819,15.931371688842773,1325100,0.07,0.0
2007-08-09 00:00:00-04:00,15.886288909008726,17.223924007528694,15.76605220726924,16.34469223022461,2659100,0.0,0.0
2007-08-10 00:00:00-04:00,16.344690296956404,16.38977869644197,15.781080286716529,15.961435317993164,1584300,0.0,0.0
2007-08-13 00:00:00-04:00,15.871254257927417,17.03604739303386,15.255039608171485,16.62273406982422,1354500,0.0,0.0
2007-08-14 00:00:00-04:00,16.62274114121173,16.78055128084287,16.171852775596946,16.284574508666992,902300,0.0,0.0
2007-08-15 00:00:00-04:00,16.08918659671138,16.472441566600473,15.70593162682229,15.720961570739746,863700,0.0,0.0
2007-08-16 00:00:00-04:00,15.751020386804488,15.968950278607155,15.089718605933998,15.375280380249023,1235500,0.0,0.0
2007-08-17 00:00:00-04:00,15.916345571382967,16.059127163225973,15.119777225664034,15.315160751342773,818100,0.0,0.0
2007-08-20 00:00:00-04:00,15.495516313496493,16.029066359482943,15.442911516004127,15.908829689025879,673800,0.0,0.0
2007-08-21 00:00:00-04:00,15.968949585160718,16.20190797777534,15.66835787963632,15.85622787475586,685100,0.0,0.0
2007-08-22 00:00:00-04:00,16.231967448345056,16.299600759518793,15.533090855105984,15.623269081115723,700700,0.0,0.0
2007-08-23 00:00:00-04:00,15.630784311265167,15.968950903736896,15.427885789116559,15.518062591552734,534300,0.0,0.0
2007-08-24 00:00:00-04:00,15.37528125813519,15.525577842672647,15.23250107949251,15.405341148376465,479700,0.0,0.0
2007-08-27 00:00:00-04:00,15.457940735930105,15.698414065609011,15.442910794491645,15.600722312927246,359200,0.0,0.0
2007-08-28 00:00:00-04:00,15.480486872725752,15.600723547076948,15.067172050476074,15.067172050476074,846700,0.0,0.0
2007-08-29 00:00:00-04:00,15.044628700522194,15.119776980977862,14.751550550078514,14.804155349731445,739800,0.0,0.0
2007-08-30 00:00:00-04:00,14.76658437662007,14.961969383859644,14.691436076399524,14.774099349975586,363700,0.0,0.0
2007-08-31 00:00:00-04:00,14.78161280002923,15.022086189285583,14.766582854867092,14.811671257019043,290500,0.0,0.0
2007-09-04 00:00:00-04:00,14.924396245938361,15.645816502337555,14.901851325425397,15.5781831741333,909500,0.0,0.0
2007-09-05 00:00:00-04:00,16.246993458309042,16.254506994767805,15.292613794646297,15.382790565490723,912400,0.0,0.0
2007-09-06 00:00:00-04:00,15.375284198864403,15.375284198864403,15.14232573827593,15.194929122924805,607600,0.0,0.0
2007-09-07 00:00:00-04:00,15.863748531251128,17.178838968343594,14.916883244544373,14.999545097351074,621700,0.0,0.0
2007-09-10 00:00:00-04:00,15.668361112597394,15.668361112597394,14.653862642956556,14.774099349975586,529500,0.0,0.0
2007-09-11 00:00:00-04:00,14.886820410746928,15.037117004394533,14.698950385354694,15.037117004394531,455100,0.0,0.0
2007-09-12 00:00:00-04:00,15.082205467624853,15.097235413714788,14.796643658588806,15.014572143554688,368100,0.0,0.0
2007-09-13 00:00:00-04:00,15.164869664738092,15.585698147637622,14.879306404912432,15.5781831741333,878500,0.0,0.0
2007-09-14 00:00:00-04:00,15.540605118845324,15.57817854185959,14.924391808072428,15.10474681854248,443300,0.0,0.0
2007-09-17 00:00:00-04:00,15.037112083135414,15.450425430397708,14.886815538675993,15.322673797607422,291000,0.0,0.0
2007-09-18 00:00:00-04:00,15.495520268923679,16.02155547811692,14.87930538386688,15.811141967773438,773200,0.0,0.0
2007-09-19 00:00:00-04:00,16.066639030846602,16.26202396954424,15.555633921945978,15.600722312927246,733300,0.0,0.0
2007-09-20 00:00:00-04:00,15.653328840722184,15.94640559138027,15.49551872370149,15.871258735656738,486200,0.0,0.0
2007-09-21 00:00:00-04:00,16.014038282963092,16.05161314269222,15.51806160121333,15.53309154510498,399200,0.0,0.0
2007-09-24 00:00:00-04:00,15.53309117927259,15.735991117028197,15.240014446959583,15.285102844238281,350100,0.0,0.0
2007-09-25 00:00:00-04:00,15.112268570738637,15.157356985253921,14.676410074864599,14.721498489379883,1062800,0.0,0.0
2007-09-26 00:00:00-04:00,14.931911950906134,14.946940465316334,14.383330324894636,14.39084529876709,1067700,0.0,0.0
2007-09-27 00:00:00-04:00,14.548660156276334,15.29262553699478,14.39836351168603,15.255050659179688,1358800,0.0,0.0
2007-09-28 00:00:00-04:00,15.337707836046375,15.38279623809552,15.13480787682354,15.209956169128418,453400,0.0,0.0
2007-10-01 00:00:00-04:00,15.292621950082857,15.495521942688702,15.104751905077748,15.164870262145996,347000,0.0,0.0
2007-10-02 00:00:00-04:00,15.179894368566165,15.713444403071472,15.112261063722654,15.638296127319336,634000,0.0,0.0
2007-10-03 00:00:00-04:00,15.518065746326005,15.796114049255143,15.412858977650792,15.766054153442383,1152600,0.0,0.0
2007-10-04 00:00:00-04:00,15.75102544542106,15.85623365571275,15.405345216371495,15.660848617553711,1340000,0.0,0.0
2007-10-05 00:00:00-04:00,15.781073976550328,16.141783894871367,15.518055790274396,16.051607131958008,511300,0.0,0.0
2007-10-08 00:00:00-04:00,16.07415734732259,16.07415734732259,15.653328932791139,15.833683967590332,617700,0.0,0.0
2007-10-09 00:00:00-04:00,15.8938064143369,15.92386631122838,15.37528465963708,15.555641174316406,802900,0.0,0.0
2007-10-10 00:00:00-04:00,15.570667794385209,15.570667794385209,15.089720969333804,15.179899215698242,869500,0.0,0.0
2007-10-11 00:00:00-04:00,15.330192893853788,15.615756118511177,15.187411281525094,15.390311241149902,469000,0.0,0.0
2007-10-12 00:00:00-04:00,15.390314679408785,15.518066375120084,15.224989545743778,15.352741241455078,574400,0.0,0.0
2007-10-15 00:00:00-04:00,15.270076759696448,15.653331816755923,14.939425084978232,15.630786895751953,1014800,0.0,0.0
2007-10-16 00:00:00-04:00,15.720962117654613,15.75853554542105,15.322677189992174,15.495518684387207,686400,0.0,0.0
2007-10-17 00:00:00-04:00,15.593205148843431,15.705926827108048,15.164861911437542,15.510541915893555,529100,0.0,0.0
2007-10-18 00:00:00-04:00,15.40533913296391,15.40533913296391,15.112262408125709,15.247529029846191,402200,0.0,0.0
2007-10-19 00:00:00-04:00,15.127293872560111,15.217472115765181,14.924395333684167,15.014572143554688,530100,0.0,0.0
2007-10-22 00:00:00-04:00,14.98450963818373,15.495516200569257,14.841728055556207,15.33018970489502,600100,0.0,0.0
2007-10-23 00:00:00-04:00,15.510550519179636,15.578183850319583,15.134810427662032,15.503035545349121,508600,0.0,0.0
2007-10-24 00:00:00-04:00,15.45795069937609,15.593217392840359,14.931915309980084,15.255050659179688,653500,0.0,0.0
2007-10-25 00:00:00-04:00,15.488002959878726,16.412322998046875,15.457943072458141,16.412322998046875,1939900,0.0,0.0
2007-10-26 00:00:00-04:00,16.502504871876432,16.67534641106385,15.99901450265387,16.30712127685547,1316800,0.0,0.0
2007-10-29 00:00:00-04:00,16.359722781725765,16.562622760920643,16.3371778618148,16.47995948791504,434200,0.0,0.0
2007-10-30 00:00:00-04:00,16.41983600962214,16.570131128779135,16.299599340962885,16.434865951538086,600900,0.0,0.0
2007-10-31 00:00:00-04:00,16.55510900329929,16.96090755815323,16.382267471292252,16.742979049682617,469500,0.0,0.0
2007-11-01 00:00:00-04:00,16.60019951866423,16.727951223742288,16.23948932785615,16.32215118408203,661800,0.0,0.0
2007-11-02 00:00:00-04:00,16.540075919701533,16.66031261192402,15.78108090421306,15.901317596435547,759200,0.0,0.0
2007-11-05 00:00:00-05:00,15.841199250324303,16.134276008449813,15.78108090421306,15.901317596435547,637600,0.0,0.0
2007-11-06 00:00:00-05:00,15.916345897368947,15.916345897368947,15.638297679488778,15.788594245910645,408600,0.0,0.0
2007-11-07 00:00:00-05:00,15.750861856794508,15.758407720471391,15.381051198587967,15.441428184509277,508300,0.09,0.0
2007-11-08 00:00:00-05:00,15.547089276221977,15.999917398733475,15.43388260546933,15.894256591796875,1022400,0.0,0.0
2007-11-09 00:00:00-05:00,15.682933350013423,15.75085762084533,15.328217393557797,15.54708480834961,590600,0.0,0.0
2007-11-12 00:00:00-05:00,15.471615736777286,15.690483186940831,15.320672568423065,15.373503684997559,477300,0.0,0.0
2007-11-13 00:00:00-05:00,15.471618607986805,16.301803308998494,15.471618607986805,16.22633171081543,1054400,0.0,0.0
2007-11-14 00:00:00-05:00,16.430102547203933,16.430102547203933,15.871615093427012,15.88670825958252,385000,0.0,0.0
2007-11-15 00:00:00-05:00,15.848966190482686,15.90934314696166,15.584816466074605,15.720664978027344,338900,0.0,0.0
2007-11-16 00:00:00-05:00,15.758410524995583,15.833882130704128,15.350866157371282,15.622563362121582,411300,0.0,0.0
2007-11-19 00:00:00-05:00,15.562180957597022,15.562180957597022,14.99614627073172,15.048975944519043,744000,0.0,0.0
2007-11-20 00:00:00-05:00,14.988605379806144,15.275395777104489,14.664078456875606,14.928228378295898,618400,0.0,0.0
2007-11-21 00:00:00-05:00,14.898028358952818,14.898028358952818,14.384823498361701,14.626331329345703,733800,0.0,0.0
2007-11-23 00:00:00-05:00,14.747089421901151,15.1470863014089,14.747089421901151,15.116898536682129,99500,0.0,0.0
2007-11-26 00:00:00-05:00,15.19992032002641,15.23765683611192,14.626338231034728,14.648980140686035,203400,0.0,0.0
2007-11-27 00:00:00-05:00,14.822565672777406,14.860302193640525,14.520680703377872,14.596152305603027,530100,0.0,0.0
2007-11-28 00:00:00-05:00,14.596147558113802,15.252746973057045,14.596147558113802,15.245201110839844,347400,0.0,0.0
2007-11-29 00:00:00-05:00,15.215016375378278,15.215016375378278,14.815017903785616,14.882942199707031,598700,0.0,0.0
2007-11-30 00:00:00-05:00,15.033881332757028,15.116900214093494,14.913127381449796,15.094258308410645,1293700,0.0,0.0
2007-12-03 00:00:00-05:00,14.981055071501334,15.154638736108167,14.641433606400163,14.86784839630127,724500,0.0,0.0
2007-12-04 00:00:00-05:00,14.762187752039793,14.890489035916714,14.64143377186163,14.694263458251953,636500,0.0,0.0
2007-12-05 00:00:00-05:00,14.890489619312014,15.350865086466454,14.890489619312014,15.27539348602295,441500,0.0,0.0
2007-12-06 00:00:00-05:00,15.237660927347683,15.59237563678522,15.154642009170292,15.531998634338379,293000,0.0,0.0
2007-12-07 00:00:00-05:00,15.547091756413037,15.758410524995583,15.448978237141585,15.622563362121582,297600,0.0,0.0
2007-12-10 00:00:00-05:00,15.713124653669299,15.901802906358894,15.531993703827387,15.750861167907715,168900,0.0,0.0
2007-12-11 00:00:00-05:00,15.765954063118622,15.909349935758271,15.328220581982515,15.39614486694336,394200,0.0,0.0
2007-12-12 00:00:00-05:00,15.569732280713486,15.773505184933724,14.913132619783148,15.003697395324707,239500,0.0,0.0
2007-12-13 00:00:00-05:00,14.845195335845533,14.845195335845533,14.626328013940133,14.716894149780273,328900,0.0,0.0
2007-12-14 00:00:00-05:00,14.63387991133599,14.63387991133599,14.022562980651857,14.022562980651855,403000,0.0,0.0
2007-12-17 00:00:00-05:00,14.120679654972644,14.362189026136154,13.909360934518201,14.00747299194336,739500,0.0,0.0
2007-12-18 00:00:00-05:00,14.188602733892392,14.309356689453125,13.962189427091191,14.309356689453125,489300,0.0,0.0
2007-12-19 00:00:00-05:00,14.264077224085211,14.264077224085211,13.750872088571926,13.841438293457031,531000,0.0,0.0
2007-12-20 00:00:00-05:00,13.969739731842436,13.969739731842436,13.47162919821767,13.524458885192871,563400,0.0,0.0
2007-12-21 00:00:00-05:00,13.562194129504526,13.871626390836777,13.562194129504526,13.682948112487793,341400,0.0,0.0
2007-12-24 00:00:00-05:00,13.796154098049655,13.848983777499114,13.615023151579738,13.803701400756836,140000,0.0,0.0
2007-12-26 00:00:00-05:00,13.735776388523014,13.811246532596735,13.494267033184643,13.59238052368164,279300,0.0,0.0
2007-12-27 00:00:00-05:00,13.622566578364548,13.622566578364548,13.335776324288688,13.381058692932129,320800,0.0,0.0
2007-12-28 00:00:00-05:00,13.381061795504529,13.45653338707636,13.169743066504452,13.358421325683594,316800,0.0,0.0
2007-12-31 00:00:00-05:00,13.358421405752678,13.358421405752678,13.079176947113396,13.177289009094238,311000,0.0,0.0
2008-01-02 00:00:00-05:00,13.207474322633463,13.29804049422601,12.905589483159075,13.124455451965332,534700,0.0,0.0
2008-01-03 00:00:00-05:00,13.27540276843685,13.27540276843685,12.316916841963934,12.354653358459473,554800,0.0,0.0
2008-01-04 00:00:00-05:00,12.150881991594881,12.188617073259334,11.88673210144043,11.88673210144043,668500,0.0,0.0
2008-01-07 00:00:00-05:00,12.075408792949052,12.165974992276567,11.932013630222981,12.037672996520996,1115800,0.0,0.0
2008-01-08 00:00:00-05:00,12.075409684343988,12.120692067599995,11.811259809598761,12.007485389709473,1685000,0.0,0.0
2008-01-09 00:00:00-05:00,11.99238819782759,11.99238819782759,11.547107473237503,11.871633529663086,1223500,0.0,0.0
2008-01-10 00:00:00-05:00,11.811258610709144,12.022578776955692,11.592391861186274,11.864089012145996,541800,0.0,0.0
2008-01-11 00:00:00-05:00,11.796165611501321,11.84899529716064,11.365979383131469,11.479186058044434,1043800,0.0,0.0
2008-01-14 00:00:00-05:00,11.494280427567276,11.509375035389017,11.282960956316506,11.313149452209473,1214000,0.0,0.0
2008-01-15 00:00:00-05:00,11.275410277246186,11.313146065754266,10.686734423671162,10.754658699035645,1454900,0.0,0.0
2008-01-16 00:00:00-05:00,10.626357174656581,11.162203342288068,10.626357174656581,10.981072425842285,522800,0.0,0.0
2008-01-17 00:00:00-05:00,11.064095399654565,11.064095399654565,10.784851601953598,10.958436012268066,598700,0.0,0.0
2008-01-18 00:00:00-05:00,11.199938267965772,11.22257945084165,10.565979389439374,10.671639442443848,625700,0.0,0.0
2008-01-22 00:00:00-05:00,10.354660947148561,11.532012640528984,10.241453582948331,11.433899879455566,574300,0.0,0.0
2008-01-23 00:00:00-05:00,11.079186358442636,12.641441937741979,11.079186358442636,12.513140678405762,870900,0.0,0.0
2008-01-24 00:00:00-05:00,12.664079900197558,12.777286519764527,12.248987042451652,12.460307121276855,886400,0.0,0.0
2008-01-25 00:00:00-05:00,12.656540250820033,12.905595540214472,12.347107965193642,12.49804973602295,614700,0.0,0.0
2008-01-28 00:00:00-05:00,12.596162973948777,12.747104741415143,12.279183390917975,12.709369659423828,579000,0.0,0.0
2008-01-29 00:00:00-05:00,13.026349014921848,13.132008394252848,12.784841039593228,12.973519325256348,496600,0.0,0.0
2008-01-30 00:00:00-05:00,13.154648822566005,13.154648822566005,12.822574674205221,12.875404357910156,692700,0.0,0.0
2008-01-31 00:00:00-05:00,12.520685856256186,13.83388599632549,12.520685856256186,13.728226661682129,842600,0.0,0.0
2008-02-01 00:00:00-05:00,13.577283414186276,14.090488360410179,13.577283414186276,13.992376327514648,734800,0.0,0.0
2008-02-04 00:00:00-05:00,14.120682909617374,14.120682909617374,12.973519969812571,13.230122566223145,914700,0.0,0.0
2008-02-05 00:00:00-05:00,13.24521124396894,13.50181375335814,12.98106287209829,13.071627616882324,810300,0.0,0.0
2008-02-06 00:00:00-05:00,13.222573224761828,13.222573224761828,12.732010021136155,12.792387008666992,1014100,0.0,0.0
2008-02-07 00:00:00-05:00,12.792389451645091,13.391794826092744,12.724102561910051,13.27039623260498,703900,0.09,0.0
2008-02-08 00:00:00-05:00,13.19451764325985,13.528364395038508,12.974483303740577,13.285567283630371,587800,0.0,0.0
2008-02-11 00:00:00-05:00,13.277976950498557,13.733222163952579,13.050355067363867,13.725634574890137,460200,0.0,0.0
2008-02-12 00:00:00-05:00,13.740814027989153,13.816687047849529,13.475254116922567,13.634589195251465,535700,0.0,0.0
2008-02-13 00:00:00-05:00,13.79392527945954,14.264344355158258,13.619415023867598,14.23399543762207,798400,0.0,0.0
2008-02-14 00:00:00-05:00,14.233996391177952,14.233996391177952,13.353856015891022,13.657352447509766,1985800,0.0,0.0
2008-02-15 00:00:00-05:00,13.573889595691439,13.740813708750352,13.35385523827522,13.649764060974121,771400,0.0,0.0
2008-02-19 00:00:00-05:00,14.901688315752244,14.901688315752244,13.566302589606394,14.036723136901855,1092400,0.0,0.0
2008-02-20 00:00:00-05:00,14.082250456820216,14.62095800418654,13.953264264959442,14.567846298217773,1016100,0.0,0.0
2008-02-21 00:00:00-05:00,14.666480038705108,14.666480038705108,13.991200249038357,14.529906272888184,2450400,0.0,0.0
2008-02-22 00:00:00-05:00,14.529904907315935,14.63612974140418,13.998786525615142,14.249171257019043,925700,0.0,0.0
2008-02-25 00:00:00-05:00,14.211226071502562,14.79545729669636,13.998779405747998,14.704407691955566,703300,0.0,0.0
2008-02-26 00:00:00-05:00,14.749945789205771,15.167253335907485,14.545085089325756,14.947218894958496,715000,0.0,0.0
2008-02-27 00:00:00-05:00,14.795465726198618,14.840989830913527,14.294696232779017,14.552668571472168,596500,0.0,0.0
2008-02-28 00:00:00-05:00,14.44644704666731,14.552670453803415,14.089837413249723,14.279522895812988,670700,0.0,0.0
2008-02-29 00:00:00-05:00,14.256759497844772,14.256759497844772,13.59665347743346,13.687703132629395,720500,0.0,0.0
2008-03-03 00:00:00-05:00,13.816684195161395,13.945670328351792,13.475251334729021,13.748398780822754,735600,0.0,0.0
2008-03-04 00:00:00-05:00,13.528364366684366,13.748400152927402,13.399378220621017,13.58906364440918,570000,0.0,0.0
2008-03-05 00:00:00-05:00,13.55871748100596,13.90773803696435,13.498018190961664,13.824275970458984,981800,0.0,0.0
2008-03-06 00:00:00-05:00,13.657352923908219,13.824275605324873,13.505603979212939,13.680115699768066,692300,0.0,0.0
2008-03-07 00:00:00-05:00,13.573890875689484,13.938088053952612,13.573890875689484,13.702877044677734,684100,0.0,0.0
2008-03-10 00:00:00-04:00,13.786337560734953,13.945672632492192,13.285568124947874,13.429729461669922,1108500,0.0,0.0
2008-03-11 00:00:00-04:00,13.429725530297029,14.021542991788717,13.429725530297029,13.976018905639648,785000,0.0,0.0
2008-03-12 00:00:00-04:00,13.953259124451254,14.362980329011771,13.695286835769057,13.900147438049316,479000,0.0,0.0
2008-03-13 00:00:00-04:00,13.884972414894476,14.294693624113458,13.581476026872043,14.26434326171875,689200,0.0,0.0
2008-03-14 00:00:00-04:00,14.264343268826375,14.340217727666023,13.755986275941146,13.938085556030273,457200,0.0,0.0
2008-03-17 00:00:00-04:00,13.56630155194502,13.930498683717207,13.460078172403344,13.695287704467773,933300,0.0,0.0
2008-03-18 00:00:00-04:00,13.801512672059214,14.196057277463064,13.79392508098808,14.105009078979492,699500,0.0,0.0
2008-03-19 00:00:00-04:00,14.044307452237659,14.461614761165826,14.01395709302154,14.150530815124512,883100,0.0,0.0
2008-03-20 00:00:00-04:00,14.142945806409633,14.833400685551839,13.983610733000683,14.742352485656738,675000,0.0,0.0
2008-03-24 00:00:00-04:00,14.74994150628607,15.470745372852559,14.74994150628607,15.364521980285645,578100,0.0,0.0
2008-03-25 00:00:00-04:00,15.432811049015495,15.432811049015495,14.871342191674886,14.916866302490234,349200,0.0,0.0
2008-03-26 00:00:00-04:00,14.787876030845867,15.372107505798342,14.507142403318309,15.37210750579834,949200,0.0,0.0
2008-03-27 00:00:00-04:00,15.576972421647056,15.599733753462035,14.636132597412624,14.916866302490234,860100,0.0,0.0
2008-03-28 00:00:00-04:00,15.023084224216756,15.023084224216756,14.454027981675443,14.50714111328125,582800,0.0,0.0
2008-03-31 00:00:00-04:00,14.507140154713701,14.916859869734855,14.454027026617375,14.765110969543457,816200,0.0,0.0
2008-04-01 00:00:00-04:00,14.674067253287795,15.023087803895152,14.271933558418914,14.985151290893555,1393300,0.0,0.0
2008-04-02 00:00:00-04:00,15.129313996452597,15.410047690981619,14.878929225598313,15.402460098266602,779800,0.0,0.0
2008-04-03 00:00:00-04:00,15.303819072304298,15.895638077735324,15.098958480364539,15.728713989257812,762800,0.0,0.0
2008-04-04 00:00:00-04:00,15.827354075018484,16.01703952099067,15.516270059398906,15.705955505371094,574700,0.0,0.0
2008-04-07 00:00:00-04:00,15.743885046600527,15.819759480840313,15.425213580540992,15.531436920166016,825800,0.0,0.0
2008-04-08 00:00:00-04:00,15.402456073002284,15.592141499749529,15.243121009183378,15.273469924926758,558100,0.0,0.0
2008-04-09 00:00:00-04:00,15.341757244168381,15.478330986980488,14.727176848698898,14.78787612915039,822900,0.0,0.0
2008-04-10 00:00:00-04:00,14.886511166279433,15.28105570736443,14.68165058231034,15.174832344055176,575600,0.0,0.0
2008-04-11 00:00:00-04:00,14.977561815910365,15.174834842525398,14.537491663364529,14.61336612701416,784600,0.0,0.0
2008-04-14 00:00:00-04:00,14.727173704057053,14.727173704057053,14.249167153466743,14.287103652954102,606900,0.0,0.0
2008-04-15 00:00:00-04:00,14.279516986009364,14.522314071655275,14.279516986009364,14.522314071655273,536300,0.0,0.0
2008-04-16 00:00:00-04:00,14.628538346458628,15.592139063940015,14.416090180703856,15.57696533203125,1125300,0.0,0.0
2008-04-17 00:00:00-04:00,15.30382034642045,15.652840838322248,15.30382034642045,15.45556926727295,604900,0.0,0.0
2008-04-18 00:00:00-04:00,15.728717486045172,15.872878836184187,15.59973131953872,15.743892669677734,264100,0.0,0.0
2008-04-21 00:00:00-04:00,15.584561359047134,15.698372369496093,15.39487585923703,15.53903579711914,272900,0.0,0.0
2008-04-22 00:00:00-04:00,15.516267708205598,15.554204212777442,15.114134102693574,15.334168434143066,557000,0.0,0.0
2008-04-23 00:00:00-04:00,15.20518970489502,15.356937229899577,14.992741433266097,15.20518970489502,588100,0.0,0.0
2008-04-24 00:00:00-04:00,15.190008114732713,16.017036625436326,15.159657754215042,15.728713989257812,678700,0.0,0.0
2008-04-25 00:00:00-04:00,15.89563980875143,16.161198256275842,15.493506171209457,16.085325241088867,324000,0.0,0.0
2008-04-28 00:00:00-04:00,16.06256075221964,16.540567353881986,15.941162204267776,16.14602279663086,637100,0.0,0.0
2008-04-29 00:00:00-04:00,16.358476330916485,17.079281775250866,16.214316399797966,16.646799087524414,1515600,0.0,0.0
2008-04-30 00:00:00-04:00,16.692314961668945,16.707490140776617,15.84252374504088,15.880461692810059,806700,0.0,0.0
2008-05-01 00:00:00-04:00,15.736300327451985,16.146021478735257,15.736300327451985,16.04738426208496,1275200,0.0,0.0
2008-05-02 00:00:00-04:00,16.206716900616826,16.31294023439294,15.925981943542888,16.259828567504883,1265200,0.0,0.0
2008-05-05 00:00:00-04:00,16.366054363431363,16.366054363431363,15.789410634266869,15.857697486877441,842100,0.0,0.0
2008-05-06 00:00:00-04:00,15.66042530528146,15.971509228510369,15.599726038485201,15.865285873413086,552300,0.0,0.0
2008-05-07 00:00:00-04:00,15.925994390394012,15.956344765012675,15.501099276031324,15.53903579711914,473200,0.0,0.0
2008-05-08 00:00:00-04:00,15.660965027995756,15.660965027995756,15.295161800574693,15.333267211914062,805800,0.09,0.0
2008-05-09 00:00:00-04:00,15.287537989552096,15.417093457835271,15.165603602176464,15.302780151367188,346300,0.0,0.0
2008-05-12 00:00:00-04:00,15.417099679966253,15.66096855313966,15.249440193052818,15.653348922729492,540100,0.0,0.0
2008-05-13 00:00:00-04:00,15.615237129502345,15.615237129502345,15.302780081580647,15.577133178710938,251300,0.0,0.0
2008-05-14 00:00:00-04:00,15.691449742564693,15.92769748438151,15.660965412744277,15.85148811340332,401200,0.0,0.0
2008-05-15 00:00:00-04:00,15.721928096709968,16.194424898012073,15.721928096709968,16.186803817749023,401600,0.0,0.0
2008-05-16 00:00:00-04:00,16.301120085812133,16.301120085812133,15.714311334321883,16.03438949584961,391700,0.0,0.0
2008-05-19 00:00:00-04:00,15.927694410437253,16.40781233743912,15.58475448757992,16.156322479248047,922000,0.0,0.0
2008-05-20 00:00:00-04:00,15.965802973758134,16.03439126261244,15.82862639604952,16.01152801513672,943600,0.0,0.0
2008-05-21 00:00:00-04:00,15.89720963509269,16.110594062792256,15.478058952619806,15.569510459899902,1228400,0.0,0.0
2008-05-22 00:00:00-04:00,15.508540840291973,15.653338431784551,15.371364327675023,15.584750175476074,745300,0.0,0.0
2008-05-23 00:00:00-04:00,15.622863048938505,15.72955530705619,15.272301941652975,15.683830261230469,747700,0.0,0.0
2008-05-27 00:00:00-04:00,15.683828895976854,16.026770343749728,15.554273399437418,15.912455558776855,640200,0.0,0.0
2008-05-28 00:00:00-04:00,15.93531982629655,16.118221458956256,15.75241819363684,16.07249641418457,744200,0.0,0.0
2008-05-29 00:00:00-04:00,16.011519005298744,16.09534941196468,15.737166004262631,15.927688598632812,463100,0.0,0.0
2008-05-30 00:00:00-04:00,15.866730246732562,15.98104357618589,15.64572467026584,15.920076370239258,517300,0.0,0.0
2008-06-02 00:00:00-04:00,15.981040400269357,15.981040400269357,15.157982556769918,15.165603637695312,848000,0.0,0.0
2008-06-03 00:00:00-04:00,15.196084446967943,15.196084446967943,14.860764231663518,15.005561828613281,792400,0.0,0.0
2008-06-04 00:00:00-04:00,15.03604815216808,15.03604815216808,14.601656714917869,14.784558296203613,1007000,0.0,0.0
2008-06-05 00:00:00-04:00,14.944601461157687,15.028430463016834,14.670248300524044,14.906496047973633,1017500,0.0,0.0
2008-06-06 00:00:00-04:00,14.655004933866863,14.860769787473966,13.97674462409467,14.045332908630371,1102500,0.0,0.0
2008-06-09 00:00:00-04:00,14.167267603235947,14.235855889173493,13.702391766008759,13.725255012512207,1323400,0.0,0.0
2008-06-10 00:00:00-04:00,13.56521224975586,13.740494194424457,13.237514509104525,13.56521224975586,1702300,0.0,0.0
2008-06-11 00:00:00-04:00,13.572835602209091,13.572835602209091,13.031751877322161,13.092719078063965,2254600,0.0,0.0
2008-06-12 00:00:00-04:00,13.07747667391771,13.534731397856149,13.07747667391771,13.344208717346191,1556300,0.0,0.0
2008-06-13 00:00:00-04:00,13.344209355074163,13.489007006182055,13.046994424417807,13.176549911499023,1354000,0.0,0.0
2008-06-16 00:00:00-04:00,13.085101003253827,13.389937077014718,12.9250611560462,13.290865898132324,891100,0.0,0.0
2008-06-17 00:00:00-04:00,13.344207706524221,13.344207706524221,12.719293594360352,12.719293594360352,1301000,0.0,0.0
2008-06-18 00:00:00-04:00,12.521152550378014,12.544014344956494,11.698094513376022,12.025793075561523,3066300,0.0,0.0
2008-06-19 00:00:00-04:00,11.865752963242594,12.39921707948673,11.865752963242594,12.292523384094238,1765500,0.0,0.0
2008-06-20 00:00:00-04:00,12.140107338868448,12.246799591545674,12.025793276560254,12.155348777770996,2110100,0.0,0.0
2008-06-23 00:00:00-04:00,12.132485046972041,12.307765574209467,11.7819232657108,11.85051155090332,1960400,0.0,0.0
2008-06-24 00:00:00-04:00,11.827647642500626,11.873372676068504,11.431360142052062,11.522810935974121,1555300,0.0,0.0
2008-06-25 00:00:00-04:00,11.49232829318465,12.391595598340276,11.477086856324002,12.018171310424805,1128300,0.0,0.0
2008-06-26 00:00:00-04:00,11.964826682756392,11.980068849229344,11.583781242370605,11.583781242370605,735200,0.0,0.0
2008-06-27 00:00:00-04:00,11.530432120753176,11.690471193251142,11.378014129513758,11.431360244750977,1790700,0.0,0.0
2008-06-30 00:00:00-04:00,11.416118841024023,11.42373992278912,11.179871120596932,11.233217239379883,1331200,0.0,0.0
2008-07-01 00:00:00-04:00,11.126522846308204,11.431358789993544,10.829307256125333,11.240836143493652,1472200,0.0,0.0
2008-07-02 00:00:00-04:00,11.164628171768818,11.4694648798538,10.79882499421041,10.806446075439453,1706600,0.0,0.0
2008-07-03 00:00:00-04:00,10.98934812864599,11.012210646513019,10.775962932718919,10.814066886901855,746700,0.0,0.0
2008-07-07 00:00:00-04:00,10.943623408553165,10.996970257706206,10.356813882160989,10.54733657836914,1107400,0.0,0.0
2008-07-08 00:00:00-04:00,10.547332525593616,10.783580171114005,10.234875540158571,10.753096580505371,1686200,0.0,0.0
2008-07-09 00:00:00-04:00,10.890277137868315,11.035074065228455,10.68451300669481,10.707375526428223,1617600,0.0,0.0
2008-07-10 00:00:00-04:00,10.753100331794089,10.814067534280165,10.21963694664775,10.333950996398926,1788100,0.0,0.0
2008-07-11 00:00:00-04:00,10.120565287459078,10.234879339769162,9.770003501923672,9.968147277832031,1282500,0.0,0.0
2008-07-14 00:00:00-04:00,10.212017594765463,10.250122284471571,9.60234546661377,9.60234546661377,1662900,0.0,0.0
2008-07-15 00:00:00-04:00,9.51851302556194,9.51851302556194,8.703076178550706,9.00029182434082,2713400,0.0,0.0
2008-07-16 00:00:00-04:00,9.084120999305014,9.62520541329468,8.946944443796383,9.52613353729248,1249700,0.0,0.0
2008-07-17 00:00:00-04:00,9.655692900719467,10.082463448086994,9.556620984812499,10.036738395690918,1596500,0.0,0.0
2008-07-18 00:00:00-04:00,17.970098930584395,17.970098930584395,9.48802921891987,9.808107376098633,997000,0.0,0.0
2008-07-21 00:00:00-04:00,9.930039759632567,10.074837372541905,9.503269454479778,9.564236640930176,1028500,0.0,0.0
2008-07-22 00:00:00-04:00,9.564237595892513,10.265361036863498,9.548995434364931,10.212014198303223,1156400,0.0,0.0
2008-07-23 00:00:00-04:00,10.212013292571946,10.882653077793158,10.181529699006717,10.394915580749512,1244100,0.0,0.0
2008-07-24 00:00:00-04:00,10.4863682376409,11.339909736967066,10.30346664352522,10.661648750305176,2272000,0.0,0.0
2008-07-25 00:00:00-04:00,10.554957173203473,10.936002548022566,10.32632980295474,10.42540168762207,1072400,0.0,0.0
2008-07-28 00:00:00-04:00,10.372052823002447,10.722614528704089,10.036733278185595,10.067216873168945,941900,0.0,0.0
2008-07-29 00:00:00-04:00,10.212013533073991,10.829307225790423,10.204393179592866,10.524471282958984,1675800,0.0,0.0
2008-07-30 00:00:00-04:00,10.958867579397195,11.400880257378475,9.716659285488932,10.013875007629395,3155500,0.0,0.0
2008-07-31 00:00:00-04:00,9.907179668868507,10.402538361597385,9.777624184286546,10.135807037353516,1492000,0.0,0.0
2008-08-01 00:00:00-04:00,10.212015723965692,10.387296973788372,9.89193755192982,10.311087608337402,930700,0.0,0.0
2008-08-04 00:00:00-04:00,10.387294249856803,10.562574726928105,10.15866694024478,10.265359878540039,1326700,0.0,0.0
2008-08-05 00:00:00-04:00,10.212015055817673,10.966485398702659,10.212015055817673,10.867413520812988,976600,0.0,0.0
2008-08-06 00:00:00-04:00,10.82168631294418,10.82168631294418,10.288223041342905,10.676889419555664,830500,0.0,0.0
2008-08-07 00:00:00-04:00,10.73825577128894,10.73825577128894,10.477469442662796,10.554171562194824,809400,0.09,0.0
2008-08-08 00:00:00-04:00,10.669222172544172,11.535952755450216,10.554169744546186,11.30584716796875,1368200,0.0,0.0
2008-08-11 00:00:00-04:00,11.229147213163332,12.026846147552929,11.160115455040627,11.758389472961426,1400000,0.0,0.0
2008-08-12 00:00:00-04:00,11.635662191006713,11.697023567596592,11.321184953112256,11.367205619812012,752100,0.0,0.0
2008-08-13 00:00:00-04:00,11.321186376241732,11.344196712484123,10.738252493874885,11.006709098815918,831100,0.0,0.0
2008-08-14 00:00:00-04:00,10.837968237634016,11.574305805737144,10.837968237634016,11.3518705368042,567100,0.0,0.0
2008-08-15 00:00:00-04:00,11.45157993694591,11.789067563468949,11.413228887424207,11.543622016906738,609700,0.0,0.0
2008-08-18 00:00:00-04:00,11.512943428092495,11.743049035799388,11.183125365996432,11.23681640625,682000,0.0,0.0
2008-08-19 00:00:00-04:00,11.083410662011659,11.190793452208915,10.669220944801406,10.745923042297363,802500,0.0,0.0
2008-08-20 00:00:00-04:00,10.738252655305281,10.930007167007162,10.569508480191713,10.63086986541748,1066400,0.0,0.0
2008-08-21 00:00:00-04:00,10.446782210264992,10.561835317636744,10.354740163258692,10.462122917175293,514600,0.0,0.0
2008-08-22 00:00:00-04:00,10.715245428023582,10.715245428023582,10.37775697986541,10.554171562194824,821600,0.0,0.0
2008-08-25 00:00:00-04:00,10.607858155053044,10.63086848866139,10.147647093974237,10.178328514099121,639500,0.0,0.0
2008-08-26 00:00:00-04:00,10.239689795670065,10.331731860728466,9.986573933888137,10.16298770904541,739900,0.0,0.0
2008-08-27 00:00:00-04:00,10.040266748671403,10.316392993158503,10.024926036012733,10.147648811340332,556000,0.0,0.0
2008-08-28 00:00:00-04:00,10.201343679466513,10.224354023973467,9.99424838444695,10.070950508117676,1248300,0.0,0.0
2008-08-29 00:00:00-04:00,10.124636665733082,10.270370484022864,10.047935310593736,10.16298770904541,570100,0.0,0.0
2008-09-02 00:00:00-04:00,10.44678796255539,10.630872157929844,10.147650596457726,10.354745864868164,646000,0.0,0.0
2008-09-03 00:00:00-04:00,10.331733732390903,10.423775814123342,10.193670244049526,10.262701988220215,760900,0.0,0.0
2008-09-04 00:00:00-04:00,10.193669751080586,10.193669751080586,9.779480037572236,9.825501441955566,574300,0.0,0.0
2008-09-05 00:00:00-04:00,9.756471588846493,9.833172969012008,9.472674946114436,9.748801231384277,937900,0.0,0.0
2008-09-08 00:00:00-04:00,9.978904653672982,10.462126095887308,9.741128744715944,10.040266036987305,1401300,0.0,0.0
2008-09-09 00:00:00-04:00,10.024926231655739,10.247361449149343,9.909873810412149,10.032596588134766,1048500,0.0,0.0
2008-09-10 00:00:00-04:00,10.086286697116035,10.116967388737867,9.748799089275881,10.001914978027344,833400,0.0,0.0
2008-09-11 00:00:00-04:00,9.909873030862277,10.15531856699979,9.833170935076605,9.98657512664795,964300,0.0,0.0
2008-09-12 00:00:00-04:00,9.840841350773536,10.024925503995696,9.771809610443876,9.886862754821777,800800,0.0,0.0
2008-09-15 00:00:00-04:00,9.403641564042035,9.971234751248934,9.334609821803413,9.564715385437012,750300,0.0,0.0
2008-09-16 00:00:00-04:00,9.411313087335145,9.411313087335145,9.050814350650873,9.303930282592773,1072200,0.0,0.0
2008-09-17 00:00:00-04:00,8.997124567746603,8.997124567746603,8.061362741389106,8.44487190246582,1891500,0.0,0.0
2008-09-18 00:00:00-04:00,8.414189107367195,8.77468710250248,8.39117803675265,8.636624336242676,1235800,0.0,0.0
2008-09-19 00:00:00-04:00,9.181203985644176,9.710445986996316,8.72866333137273,9.027800559997559,1089300,0.0,0.0
2008-09-22 00:00:00-04:00,9.081494276996708,9.250238461136197,8.981781837799986,9.035472869873047,881700,0.0,0.0
2008-09-23 00:00:00-04:00,9.01246266194825,9.31159998384981,9.004792305402848,9.020133018493652,636800,0.0,0.0
2008-09-24 00:00:00-04:00,9.03547486621856,9.173538386608577,9.004794165185848,9.01246452331543,842300,0.0,0.0
2008-09-25 00:00:00-04:00,9.089161930256205,9.19654396246622,9.00478949753664,9.027800559997559,745300,0.0,0.0
2008-09-26 00:00:00-04:00,9.211883495359004,9.457328945075334,9.081490417325918,9.273244857788086,1029300,0.0,0.0
2008-09-29 00:00:00-04:00,9.296255289521847,9.549371095236452,8.728662314979102,8.943427085876465,1602200,0.0,0.0
2008-09-30 00:00:00-04:00,8.958771855023162,9.004792532485205,8.71332555977885,8.797698020935059,1039400,0.0,0.0
2008-10-01 00:00:00-04:00,8.797694269546213,8.851385280852922,8.414185373960755,8.460206031799316,1417200,0.0,0.0
2008-10-02 00:00:00-04:00,8.421856663156614,8.483218771564045,7.616488408182475,7.716200828552246,892300,0.0,0.0
2008-10-03 00:00:00-04:00,7.846596201572524,7.877277633232458,7.478427799480418,7.539789199829102,1178500,0.0,0.0
2008-10-06 00:00:00-04:00,7.532117391556896,7.73921262647039,7.13326836609137,7.647170543670654,1391800,0.0,0.0
2008-10-07 00:00:00-04:00,7.708530241324755,7.785231594423907,7.163947488934034,7.2559895515441895,876900,0.0,0.0
2008-10-08 00:00:00-04:00,6.941514776402573,7.371044553826915,6.611696720123291,6.611696720123291,1351100,0.0,0.0
2008-10-09 00:00:00-04:00,6.887822225972082,6.887822225972082,5.292424993180532,5.8906989097595215,1532200,0.0,0.0
2008-10-10 00:00:00-04:00,5.445828564203363,6.044102857120941,4.8092035848345835,5.852348327636719,2048700,0.0,0.0
2008-10-13 00:00:00-04:00,6.082453024288704,6.327898932741191,6.021091638611258,6.320228576660156,1066100,0.0,0.0
2008-10-14 00:00:00-04:00,6.6347057366953175,6.688397496770162,5.852347718238216,6.013421535491943,823800,0.0,0.0
2008-10-15 00:00:00-04:00,6.174495948342908,6.174495948342908,5.422818183898926,5.422818183898926,1086200,0.0,0.0
2008-10-16 00:00:00-04:00,5.522529241156969,5.568550641239301,5.077658876797553,5.415146827697754,1375100,0.0,0.0
2008-10-17 00:00:00-04:00,5.384466474936324,5.384466474936324,5.000957465707974,5.069989204406738,1407800,0.0,0.0
2008-10-20 00:00:00-04:00,5.269413073484741,5.399806179662183,5.0699886025459735,5.246402740478516,1770200,0.0,0.0
2008-10-21 00:00:00-04:00,5.246404022313605,5.453498898681629,5.1620319272769315,5.407477855682373,941100,0.0,0.0
2008-10-22 00:00:00-04:00,5.353787124423731,5.361457116343206,4.74017240966885,4.763183116912842,767400,0.0,0.0
2008-10-23 00:00:00-04:00,4.786192093213489,5.016297637047579,4.471714833617222,4.648128986358643,1695800,0.0,0.0
2008-10-24 00:00:00-04:00,4.395013948681171,4.448705350049015,4.088206620101454,4.287631511688232,1061800,0.0,0.0
2008-10-27 00:00:00-04:00,4.348993502287173,4.348993502287173,3.919463329507832,3.927133321762085,363900,0.0,0.0
2008-10-28 00:00:00-04:00,4.003832623234037,4.4870539091006245,3.865769555447545,4.441032886505127,686600,0.0,0.0
2008-10-29 00:00:00-04:00,4.487056821796241,5.069990884559296,4.310642604459297,4.862895965576172,1174300,0.0,0.0
2008-10-30 00:00:00-04:00,4.908916358974269,6.044103264701175,4.908916358974269,5.913710117340088,1924700,0.0,0.0
2008-10-31 00:00:00-04:00,5.944389897013648,6.780439689889364,5.7909864330652185,6.281877517700195,1853200,0.0,0.0
2008-11-03 00:00:00-05:00,6.128474579055315,6.772769914350055,6.128474579055315,6.696067810058594,1178800,0.0,0.0
2008-11-04 00:00:00-05:00,6.887821905909708,6.887821905909708,6.473632178065309,6.742088794708252,973800,0.0,0.0
2008-11-05 00:00:00-05:00,6.79578045141551,6.79578045141551,6.128474757948538,6.136145114898682,1416400,0.0,0.0
2008-11-06 00:00:00-05:00,6.128389223531956,6.26802327352075,5.484520549282788,5.6319122314453125,824200,0.09,0.0
2008-11-07 00:00:00-05:00,5.600880783890828,5.849119407766522,5.3914295721502725,5.538821220397949,1223200,0.0,0.0
2008-11-10 00:00:00-05:00,5.655183370712258,5.725000568097707,5.18973625125239,5.213008403778076,645700,0.0,0.0
2008-11-11 00:00:00-05:00,5.189735286647653,5.251794841720202,4.863922252612642,5.003556251525879,549100,0.0,0.0
2008-11-12 00:00:00-05:00,5.399187020791057,5.624153115832004,5.1199186245696815,5.197493076324463,1236400,0.0,0.0
2008-11-13 00:00:00-05:00,5.2285226555475335,6.019783142667914,5.050101608338996,5.949965953826904,1374000,0.0,0.0
2008-11-14 00:00:00-05:00,5.833603051788066,6.035296952388822,5.344883557166929,5.7482709884643555,1875200,0.0,0.0
2008-11-17 00:00:00-05:00,5.748271059614911,5.841360752531235,5.267309187480931,5.290581703186035,1413600,0.0,0.0
2008-11-18 00:00:00-05:00,5.329369870124347,5.383672171721156,5.119918663828321,5.181978225708008,1225900,0.0,0.0
2008-11-19 00:00:00-05:00,5.181977199797216,5.298339040236778,5.003555809764313,5.011313438415527,1139300,0.0,0.0
2008-11-20 00:00:00-05:00,5.0501015987443365,5.119918417548552,4.460535049438477,4.460535049438477,2240400,0.0,0.0
2008-11-21 00:00:00-05:00,4.631199013459342,4.677744054313871,4.033875181406727,4.165751934051514,2217800,0.0,0.0
2008-11-24 00:00:00-05:00,4.3286583047406175,4.483807571985089,4.173509407400296,4.227811336517334,1509800,0.0,0.0
2008-11-25 00:00:00-05:00,4.390718717619646,5.158706833579224,4.390718717619646,5.096647262573242,1435600,0.0,0.0
2008-11-26 00:00:00-05:00,5.050102331070635,6.244750122740294,4.848408365511346,6.16717529296875,1145000,0.0,0.0
2008-11-28 00:00:00-05:00,5.949965112933891,6.330080043116186,5.678454395674524,5.880147933959961,565500,0.0,0.0
2008-12-01 00:00:00-05:00,5.624152283517732,5.926692785540708,5.1199178668767,5.143190383911133,1152300,0.0,0.0
2008-12-02 00:00:00-05:00,5.251795825660423,5.313855392360025,4.94149762225822,5.050102233886719,1018000,0.0,0.0
2008-12-03 00:00:00-05:00,5.011313365540891,5.368156140417481,4.863921752448031,5.267309188842773,737100,0.0,0.0
2008-12-04 00:00:00-05:00,5.205249640151904,5.430215689108351,5.034585511347923,5.267309188842773,655200,0.0,0.0
2008-12-05 00:00:00-05:00,5.0733723542684155,5.337125776997444,4.576895649634993,5.3138532638549805,1080600,0.0,0.0
2008-12-08 00:00:00-05:00,5.608637823115702,6.205961613631575,5.352641965738061,6.050812721252441,968900,0.0,0.0
2008-12-09 00:00:00-05:00,5.887905687257914,6.244748478601067,5.391428535012768,5.585364818572998,1080300,0.0,0.0
2008-12-10 00:00:00-05:00,5.794816262442768,6.06632736811442,5.693969671377656,5.911178112030029,547600,0.0,0.0
2008-12-11 00:00:00-05:00,5.825844419101743,5.887903952370342,5.461244106292725,5.461244106292725,698800,0.0,0.0
2008-12-12 00:00:00-05:00,5.360399837107379,5.406944510132568,5.096646689964641,5.337127685546875,386000,0.0,0.0
2008-12-15 00:00:00-05:00,5.391429011623944,5.43797404930867,5.0501014478996336,5.174220561981201,536900,0.0,0.0
2008-12-16 00:00:00-05:00,5.298341457654759,5.662942032724212,5.119919986215386,5.608639717102051,644000,0.0,0.0
2008-12-17 00:00:00-05:00,5.585364384509073,6.182688076657693,5.585364384509073,5.818088054656982,950000,0.0,0.0
2008-12-18 00:00:00-05:00,5.9189369181388045,5.973238854146557,5.531064255664243,5.647426128387451,727200,0.0,0.0
2008-12-19 00:00:00-05:00,5.709486229301246,5.903422578680595,5.585366714163585,5.802575588226318,850700,0.0,0.0
2008-12-22 00:00:00-05:00,5.68621282055163,5.872391879359742,5.430216938356628,5.577608585357666,817500,0.0,0.0
2008-12-23 00:00:00-05:00,5.655182512784761,5.6862122913810556,5.313854578321378,5.36039924621582,426600,0.0,0.0
2008-12-24 00:00:00-05:00,5.4224586656165386,5.469003702232349,5.213007480461911,5.244037628173828,247400,0.0,0.0
2008-12-26 00:00:00-05:00,5.28282464898269,5.461246055772302,5.267309760127252,5.422458648681641,245800,0.0,0.0
2008-12-29 00:00:00-05:00,5.391428735556696,5.562092878584159,5.2440374800840495,5.282824516296387,376700,0.0,0.0
2008-12-30 00:00:00-05:00,5.313854419130467,5.469003677368164,5.313854419130467,5.469003677368164,389100,0.0,0.0
2008-12-31 00:00:00-05:00,5.5465788262780205,6.004268289967705,5.453489481450035,5.957723617553711,520500,0.0,0.0
2009-01-02 00:00:00-05:00,6.081843611020009,6.663652618607764,5.980996627594456,6.609350681304932,683500,0.0,0.0
2009-01-05 00:00:00-05:00,6.609350517281545,6.9506781344133115,6.361111510468232,6.811043739318848,629100,0.0,0.0
2009-01-06 00:00:00-05:00,7.012735049321375,7.323032765739444,6.935160250312801,7.129096508026123,882700,0.0,0.0
2009-01-07 00:00:00-05:00,6.98170491358836,7.757449903987068,6.717951498483509,7.105823993682861,1024500,0.0,0.0
2009-01-08 00:00:00-05:00,7.292005617688303,7.292005617688303,6.8498310277505325,7.121342182159424,681200,0.0,0.0
2009-01-09 00:00:00-05:00,7.214429833092289,7.214429833092289,6.756740089537269,6.935161113739014,631500,0.0,0.0
2009-01-12 00:00:00-05:00,6.834315482894327,6.981706744200705,6.198203920908641,6.268021106719971,971400,0.0,0.0
2009-01-13 00:00:00-05:00,6.136144175225764,6.4929869829538385,6.112872027276263,6.368867874145508,645200,0.0,0.0
2009-01-14 00:00:00-05:00,6.37662483577958,6.37662483577958,5.5853644902573105,5.7482709884643555,1022700,0.0,0.0
2009-01-15 00:00:00-05:00,5.74051527999363,5.880149300487894,5.430217086768859,5.701727867126465,583300,0.0,0.0
2009-01-16 00:00:00-05:00,5.87239236042444,5.973238973556645,5.554336519302242,5.763787746429443,676500,0.0,0.0
2009-01-20 00:00:00-05:00,5.833602481630866,5.833602481630866,5.290581120616564,5.3138532638549805,404500,0.0,0.0
2009-01-21 00:00:00-05:00,5.484519122871673,5.856876862570099,5.298340068070379,5.81033182144165,562300,0.0,0.0
2009-01-22 00:00:00-05:00,5.802575934671338,6.027542083790735,5.554337259479061,5.849120616912842,518700,0.0,0.0
2009-01-23 00:00:00-05:00,5.709485093467334,5.763787023752124,5.5388209328187346,5.693970203399658,781400,0.0,0.0
2009-01-26 00:00:00-05:00,5.8025750936426155,6.174932867509144,5.748272787279342,5.988753795623779,701100,0.0,0.0
2009-01-27 00:00:00-05:00,5.864634070657502,6.22147728667796,5.856876810474536,5.872391700744629,248500,0.0,0.0
2009-01-28 00:00:00-05:00,6.0197837509657575,6.3766266212500256,6.0197837509657575,6.306809425354004,369100,0.0,0.0
2009-01-29 00:00:00-05:00,6.1128720339685,6.268020920148768,5.872391075437024,5.911178112030029,331900,0.0,0.0
2009-01-30 00:00:00-05:00,5.973237566027058,6.012024971871749,5.670697058112472,5.75602912902832,544400,0.0,0.0
2009-02-02 00:00:00-05:00,5.569849854651236,5.880147978092597,5.453488382026813,5.63966703414917,569800,0.0,0.0
2009-02-03 00:00:00-05:00,5.538820500049497,5.639667462561914,5.267309760127252,5.422458648681641,761100,0.0,0.0
2009-02-04 00:00:00-05:00,5.375912063096402,5.569848289512774,5.375912063096402,5.461244106292725,827500,0.0,0.0
2009-02-05 00:00:00-05:00,5.531063223832748,5.934450702757339,5.414701372817089,5.903420925140381,458100,0.0,0.0
2009-02-06 00:00:00-05:00,5.980994068959142,6.8808581640354385,5.926691784982314,6.570560455322266,969000,0.0,0.0
2009-02-09 00:00:00-05:00,6.492988242423975,6.679166941750276,6.485230611666615,6.663652420043945,845700,0.0,0.0
2009-02-10 00:00:00-05:00,6.516260589059489,6.795529386178994,6.454201020768135,6.609350681304932,1329400,0.0,0.0
2009-02-11 00:00:00-05:00,6.686921991990813,6.7877689334939815,6.143900625272915,6.229232311248779,954100,0.0,0.0
2009-02-12 00:00:00-05:00,6.167175762301635,6.190448286985018,5.608639238846968,5.802575588226318,1056300,0.0,0.0
2009-02-13 00:00:00-05:00,5.856878385823835,5.887908174710234,5.476762917109057,5.6319122314453125,976000,0.0,0.0
2009-02-17 00:00:00-05:00,5.236280867319697,5.368157629829456,4.576897424675091,4.631199359893799,1997900,0.0,0.0
2009-02-18 00:00:00-05:00,4.747561316058875,4.763076207814458,4.19678210387937,4.220054626464844,1371900,0.0,0.0
2009-02-19 00:00:00-05:00,4.3364159280091465,4.483807565211878,3.925270795822143,3.9252707958221436,1436500,0.0,0.0
2009-02-20 00:00:00-05:00,4.064905171199296,4.134722366169359,3.816666913357618,3.971815824508667,1591600,0.0,0.0
2009-02-23 00:00:00-05:00,4.072660421059791,4.32089890369934,4.0493879130388475,4.111447811126709,1168100,0.0,0.0
2009-02-24 00:00:00-05:00,4.243326726001207,4.801863562015291,4.243326726001207,4.662229537963867,1477900,0.0,0.0
2009-02-25 00:00:00-05:00,4.592412444594503,5.104404247571525,4.47605057030767,4.801863670349121,2716100,0.0,0.0
2009-02-26 00:00:00-05:00,4.8018629096445276,4.910467135818677,4.445020082311037,4.491564750671387,1110200,0.0,0.0
2009-02-27 00:00:00-05:00,4.445018835542454,4.677742481972461,4.320899754728604,4.390716552734375,1018300,0.0,0.0
2009-03-02 00:00:00-05:00,4.32865796831136,4.390717522424135,4.119206788228685,4.189023971557617,1117100,0.0,0.0
2009-03-03 00:00:00-05:00,4.204538077719047,4.336414790621563,3.940784651914013,4.088176250457764,1021300,0.0,0.0
2009-03-04 00:00:00-05:00,4.119207371061775,4.4295055554343445,4.111450110652152,4.328658580780029,688700,0.0,0.0
2009-03-05 00:00:00-05:00,4.15799394338202,4.305385560450304,4.018359585157278,4.072661876678467,926800,0.0,0.0
2009-03-06 00:00:00-05:00,4.1269661113571114,4.328659745008734,3.746850631541877,3.9019999504089355,927800,0.0,0.0
2009-03-09 00:00:00-04:00,3.8011506652588674,3.995086919915911,3.7390911229532615,3.754606008529663,699300,0.0,0.0
2009-03-10 00:00:00-04:00,3.9407856888409816,4.708773654920546,3.847696350499261,4.460535049438477,871400,0.0,0.0
2009-03-11 00:00:00-04:00,4.406232131605105,4.817377206392557,4.406232131605105,4.5458664894104,636500,0.0,0.0
2009-03-12 00:00:00-04:00,4.507079856285902,5.352642296812737,4.429505405298156,5.259552955627441,849500,0.0,0.0
2009-03-13 00:00:00-04:00,5.24403725855911,5.445730800093789,5.127675415029358,5.375913619995117,783900,0.0,0.0
2009-03-16 00:00:00-04:00,5.469005528209035,6.066329505298035,5.469005528209035,5.678456783294678,912200,0.0,0.0
2009-03-17 00:00:00-04:00,5.655182561965196,5.787059307098388,5.515548557067539,5.787059307098389,593300,0.0,0.0
2009-03-18 00:00:00-04:00,5.662941272132778,6.919648665706063,5.616396225048541,6.873103618621826,1522800,0.0,0.0
2009-03-19 00:00:00-04:00,6.911892445591781,7.059284508274327,6.648138851156551,6.717956066131592,1207200,0.0,0.0
2009-03-20 00:00:00-04:00,6.8188019322925495,7.12909979163128,6.663653002623184,6.780014514923096,1261500,0.0,0.0
2009-03-23 00:00:00-04:00,6.958434840597682,7.703150282465744,6.935161951302094,7.656605243682861,941000,0.0,0.0
2009-03-24 00:00:00-04:00,7.579033356450449,7.904845762885351,7.292006890629128,7.3773393630981445,1007900,0.0,0.0
2009-03-25 00:00:00-04:00,7.369579029391265,7.9979329353076185,7.369579029391265,7.72642183303833,1005400,0.0,0.0
2009-03-26 00:00:00-04:00,7.858299427767867,8.021205958958234,7.703150526588546,7.935873508453369,810500,0.0,0.0
2009-03-27 00:00:00-04:00,7.935871962014083,7.935871962014083,7.555757043244507,7.602302074432373,877500,0.0,0.0
2009-03-30 00:00:00-04:00,7.299761675142989,7.299761675142989,6.919646732737235,7.098067760467529,917400,0.0,0.0
2009-03-31 00:00:00-04:00,7.423882010956209,7.439397271493042,7.113584198302957,7.237703323364258,609500,0.0,0.0
2009-04-01 00:00:00-04:00,7.043765797594812,7.253217340073951,6.888616917874088,7.136855125427246,669600,0.0,0.0
2009-04-02 00:00:00-04:00,7.478185512506975,8.67283333344482,7.478185512506975,8.122054100036621,1594000,0.0,0.0
2009-04-03 00:00:00-04:00,8.122051251091666,8.882281079657718,8.075506220453176,8.79694938659668,869200,0.0,0.0
2009-04-06 00:00:00-04:00,8.649558979662146,8.6883463889493,8.145324878354025,8.455622673034668,806800,0.0,0.0
2009-04-07 00:00:00-04:00,8.168596607921062,8.215141644633661,7.361821643432664,7.408366680145264,1094300,0.0,0.0
2009-04-08 00:00:00-04:00,7.485941087890017,7.997933555268549,7.485941087890017,7.656605243682861,602600,0.0,0.0
2009-04-09 00:00:00-04:00,7.889329515894519,8.734891985081331,7.889329515894519,8.657317161560059,722000,0.0,0.0
2009-04-13 00:00:00-04:00,8.207386525616688,8.603016869356802,7.7962416580991025,8.215144157409668,797600,0.0,0.0
2009-04-14 00:00:00-04:00,8.114296931610314,8.540957050519415,7.873815531560596,8.261688232421875,1199800,0.0,0.0
2009-04-15 00:00:00-04:00,8.176356153643331,8.432352066040039,7.9126026100083156,8.432352066040039,616800,0.0,0.0
2009-04-16 00:00:00-04:00,8.571982056608407,9.378756794888725,8.509922518264387,9.254637718200684,693300,0.0,0.0
2009-04-17 00:00:00-04:00,9.25463996904048,9.642512547929913,8.96761434943929,9.549423217773438,459000,0.0,0.0
2009-04-20 00:00:00-04:00,9.09949173212961,9.262398269677604,8.548713296400294,8.657317161560059,614100,0.0,0.0
2009-04-21 00:00:00-04:00,8.269444327945061,8.742649408575467,7.881571699131065,8.571985244750977,936800,0.0,0.0
2009-04-22 00:00:00-04:00,8.587496571290385,9.851960959713892,8.478892749092376,9.254637718200684,1383600,0.0,0.0
2009-04-23 00:00:00-04:00,9.332218940287623,10.038147286104858,9.270159354269094,9.394278526306152,1752800,0.0,0.0
2009-04-24 00:00:00-04:00,9.541666711450748,9.85972214519772,9.339972769140072,9.44081974029541,1382900,0.0,0.0
2009-04-27 00:00:00-04:00,9.324457934032216,9.495121350402135,8.897797913490828,9.146036148071289,833000,0.0,0.0
2009-04-28 00:00:00-04:00,8.990886557120538,9.813176015569624,8.983128927936923,9.69681453704834,885200,0.0,0.0
2009-04-29 00:00:00-04:00,9.789905362048048,10.573408273780602,9.704573647428916,10.270867347717285,1149300,0.0,0.0
2009-04-30 00:00:00-04:00,10.472564733253334,10.837165342224116,10.239840924552652,10.2786283493042,1852700,0.0,0.0
2009-05-01 00:00:00-04:00,10.332926296225104,10.534620234933044,9.983841088343395,10.387228965759277,960600,0.0,0.0
2009-05-04 00:00:00-04:00,10.557892581892517,10.860433495600967,10.325169598833439,10.519105911254883,1351300,0.0,0.0
2009-05-05 00:00:00-04:00,10.705284232808511,10.85267549976539,9.417547280102058,10.449288368225098,2315700,0.0,0.0
2009-05-06 00:00:00-04:00,10.472559680513884,10.58892115881852,9.735601925031961,9.921780586242676,1249400,0.0,0.0
2009-05-07 00:00:00-04:00,10.07693189179021,10.232080813410425,9.231369344199525,9.347731590270996,1176500,0.0,0.0
2009-05-08 00:00:00-04:00,9.805418029312428,10.464800900184994,9.626996277089582,10.208805084228516,931900,0.0,0.0
2009-05-11 00:00:00-04:00,10.076926874590475,10.309650511054265,9.704569648094848,9.976079940795898,845900,0.0,0.0
2009-05-12 00:00:00-04:00,9.797663832873825,10.107961676114254,9.223612452974823,9.347731590270996,682300,0.0,0.0
2009-05-13 00:00:00-04:00,9.192579949699962,9.192579949699962,8.33150239472971,8.416834831237793,1052300,0.0,0.0
2009-05-14 00:00:00-04:00,8.595255774606464,9.099489801062631,8.191868701403168,8.672830581665039,1038000,0.0,0.0
2009-05-15 00:00:00-04:00,8.773678378173843,8.990886823082729,8.378048155805034,8.463379859924316,1272100,0.0,0.0
2009-05-18 00:00:00-04:00,8.657315788293015,9.487362865185986,8.618528382685033,9.355486869812012,923200,0.0,0.0
2009-05-19 00:00:00-04:00,9.46409108798447,9.774389605179133,9.231367385040537,9.378759384155273,989700,0.0,0.0
2009-05-20 00:00:00-04:00,9.402031888908594,9.720087307738204,9.339972331078831,9.448576927185059,969300,0.0,0.0
2009-05-21 00:00:00-04:00,9.32445742915429,9.417546762081589,8.727133284777137,8.959856986999512,658200,0.0,0.0
2009-05-22 00:00:00-04:00,9.13052215554344,9.169308827080098,8.603015136791509,8.734891891479492,493600,0.0,0.0
2009-05-26 00:00:00-04:00,8.641802873642751,9.24688399806761,8.61077309135964,9.177066802978516,846900,0.0,0.0
2009-05-27 00:00:00-04:00,9.037434325198534,9.26240047930794,8.750408593390567,8.789196014404297,449100,0.0,0.0
2009-05-28 00:00:00-04:00,9.060704308903283,9.138278386184105,8.587499256314642,9.029674530029297,657700,0.0,0.0
2009-05-29 00:00:00-04:00,9.052950115166302,9.50288244950941,8.703864785390936,9.495124816894531,989500,0.0,0.0
2009-06-01 00:00:00-04:00,9.91402421954413,11.26382153472815,9.859722288061487,11.248306274414062,1387000,0.0,0.0
2009-06-02 00:00:00-04:00,11.17848773841081,11.9232031283438,10.976793817431236,11.628419876098633,2371500,0.0,0.0
2009-06-03 00:00:00-04:00,11.535332809524082,11.690481725426576,11.1009158449971,11.325881958007812,911100,0.0,0.0
2009-06-04 00:00:00-04:00,11.519818287838026,11.519818287838026,10.674255771408955,11.325881958007812,782400,0.0,0.0
2009-06-05 00:00:00-04:00,11.690478021504425,12.008533383286391,11.248303566325415,11.364665031433105,1765100,0.0,0.0
2009-06-08 00:00:00-04:00,11.473273954360668,11.737027497648477,10.992311915345192,11.41897201538086,2420400,0.0,0.0
2009-06-09 00:00:00-04:00,11.496544697178875,12.877371814346498,11.496544697178875,12.784281730651855,2326200,0.0,0.0
2009-06-10 00:00:00-04:00,13.063552342054043,13.273003950154667,11.94647857846761,12.667922019958496,2166000,0.0,0.0
2009-06-11 00:00:00-04:00,12.605859849719012,12.7842808955609,12.380893765070205,12.442954063415527,1128600,0.0,0.0
2009-06-12 00:00:00-04:00,12.567073311307475,12.698950059523519,12.272289295475565,12.55931568145752,816200,0.0,0.0
2009-06-15 00:00:00-04:00,12.427439727211809,12.427439727211809,11.861145288726464,11.961992263793945,1108800,0.0,0.0
2009-06-16 00:00:00-04:00,12.101628216086153,12.396410809263816,11.783571989053039,11.938721656799316,731800,0.0,0.0
2009-06-17 00:00:00-04:00,11.783571258398414,12.28004853682325,11.527575358222213,11.977507591247559,556500,0.0,0.0
2009-06-18 00:00:00-04:00,11.861148063028015,12.00078248267529,11.566364699221841,11.946479797363281,836400,0.0,0.0
2009-06-19 00:00:00-04:00,12.155927246031888,12.644646067094662,12.155927246031888,12.536042213439941,844800,0.0,0.0
2009-06-22 00:00:00-04:00,12.163685878129446,12.691192890132507,11.954234303431175,12.13265609741211,904700,0.0,0.0
2009-06-23 00:00:00-04:00,12.280049583515758,12.295564846574168,11.512061817527563,11.605151176452637,720400,0.0,0.0
2009-06-24 00:00:00-04:00,11.752541522571285,12.582588793805485,11.752541522571285,12.039567947387695,1003600,0.0,0.0
2009-06-25 00:00:00-04:00,12.03956539134003,12.776522414937435,11.899931024026536,12.737735748291016,1075900,0.0,0.0
2009-06-26 00:00:00-04:00,12.574826978489499,13.125606752145428,12.4817383979047,13.079062461853027,1356000,0.0,0.0
2009-06-29 00:00:00-04:00,13.172151274440004,13.474692865710074,12.916155453898462,13.296270370483398,1909600,0.0,0.0
2009-06-30 00:00:00-04:00,13.366089365703864,14.630554863176142,12.869612913973985,12.90839958190918,1079300,0.0,0.0
2009-07-01 00:00:00-04:00,13.117853280305777,13.71517753352024,13.117853280305777,13.234214782714844,1239100,0.0,0.0
2009-07-02 00:00:00-04:00,13.079063993775149,13.148881177199438,12.450709342956543,12.450709342956543,646700,0.0,0.0
2009-07-06 00:00:00-04:00,12.43519830852555,12.613619381268334,11.737027060006874,12.3343505859375,1486400,0.0,0.0
2009-07-07 00:00:00-04:00,12.303322177449969,12.303322177449969,11.721513108544814,11.837875366210938,833400,0.0,0.0
2009-07-08 00:00:00-04:00,11.915445726192937,11.985262910924703,11.162973432504089,11.581875801086426,1153000,0.0,0.0
2009-07-09 00:00:00-04:00,11.698237533749085,11.806842127865918,11.116428634896279,11.395696640014648,1249500,0.0,0.0
2009-07-10 00:00:00-04:00,11.558601305995278,11.830112377802532,11.209516170677489,11.636176109313965,650600,0.0,0.0
2009-07-13 00:00:00-04:00,11.550846138847284,12.61361695976454,11.349152212008262,12.520526885986328,822900,0.0,0.0
2009-07-14 00:00:00-04:00,12.42744169555652,12.978220220778496,12.373139014344979,12.931675910949707,866900,0.0,0.0
2009-07-15 00:00:00-04:00,13.187668022222182,13.684144462522678,12.854097359039098,13.676386833190918,725200,0.0,0.0
2009-07-16 00:00:00-04:00,13.59881365342457,14.25043972852182,13.490208321164014,14.17286491394043,810100,0.0,0.0
2009-07-17 00:00:00-04:00,14.0487480017492,14.335772937131823,13.746206325481369,14.134078979492188,611200,0.0,0.0
2009-07-20 00:00:00-04:00,14.265955253920987,14.343530077997663,13.971172697969662,14.320257186889648,734000,0.0,0.0
2009-07-21 00:00:00-04:00,14.258197833858913,14.723645305567578,14.157351596803453,14.64607048034668,711300,0.0,0.0
2009-07-22 00:00:00-04:00,14.61503975716897,14.90206465397414,14.506435902120156,14.59952449798584,682200,0.0,0.0
2009-07-23 00:00:00-04:00,14.599527080562742,14.801221046772358,14.180625365832627,14.545225143432617,1368800,0.0,0.0
2009-07-24 00:00:00-04:00,14.584012774852454,14.700375767322837,13.93238652733271,14.157353401184082,1102600,0.0,0.0
2009-07-27 00:00:00-04:00,14.281464983056242,14.529703140258789,13.940136777094674,14.529703140258789,725300,0.0,0.0
2009-07-28 00:00:00-04:00,14.405589721313556,15.134790704296007,14.250441551915545,14.902066230773926,1233700,0.0,0.0
2009-07-29 00:00:00-04:00,15.057215823985393,15.189092581274148,14.00220176567536,15.08824634552002,1434100,0.0,0.0
2009-07-30 00:00:00-04:00,14.328018616164444,15.763148063432162,14.320260983738262,15.514909744262695,1606900,0.0,0.0
2009-07-31 00:00:00-04:00,15.639022064795917,16.290648107463785,15.406299112250156,16.042409896850586,1228400,0.0,0.0
2009-08-03 00:00:00-04:00,16.09670547371251,16.600939325158645,15.832952109026987,16.445791244506836,952100,0.0,0.0
2009-08-04 00:00:00-04:00,16.290645134494234,16.445794727621603,16.042406969183386,16.11998176574707,2065700,0.0,0.0
2009-08-05 00:00:00-04:00,16.29065261008473,16.32943928635724,14.917582963555258,15.103761672973633,1619900,0.0,0.0
2009-08-06 00:00:00-04:00,15.32872118585472,15.32872118585472,14.59176285322457,14.739154815673828,978200,0.0,0.0
2009-08-07 00:00:00-04:00,15.17357223959277,15.30544895272223,14.739155440890638,15.119270324707031,1182100,0.0,0.0
2009-08-10 00:00:00-04:00,15.018428159611723,16.073440668614104,14.700372732975106,15.817444801330566,2476900,0.0,0.0
2009-08-11 00:00:00-04:00,15.72435271983053,15.8019275217465,14.762429023074862,14.80897331237793,1417100,0.0,0.0
2009-08-12 00:00:00-04:00,14.933094114145945,15.173574695977248,14.537463910710702,14.677098274230957,1145400,0.0,0.0
2009-08-13 00:00:00-04:00,14.677100945253812,14.940854462210016,14.47540699230985,14.832250595092773,1332100,0.0,0.0
2009-08-14 00:00:00-04:00,14.855516902499838,14.855516902499838,14.289223390513794,14.413342475891113,924700,0.0,0.0
2009-08-17 00:00:00-04:00,13.893596053963444,14.258195755862996,13.497965834651243,13.96341323852539,899200,0.0,0.0
2009-08-18 00:00:00-04:00,14.172866960209355,14.42110521901706,13.909113440321983,13.916871070861816,642100,0.0,0.0
2009-08-19 00:00:00-04:00,13.769477333247034,14.095290377218387,13.653115848889383,13.761719703674316,1580700,0.0,0.0
2009-08-20 00:00:00-04:00,13.738447230951884,14.025473615367268,13.738447230951884,13.93238353729248,724000,0.0,0.0
2009-08-21 00:00:00-04:00,14.072017090236638,14.188380050917557,13.909111312669767,13.96341323852539,711600,0.0,0.0
2009-08-24 00:00:00-04:00,14.07201598362825,14.10304649860069,13.629841502585718,13.66862964630127,801000,0.0,0.0
2009-08-25 00:00:00-04:00,13.831539849173975,14.584012323304268,13.800510803861657,14.359046936035156,699300,0.0,0.0
2009-08-26 00:00:00-04:00,14.351287008940394,14.622798140168,14.079775877712791,14.095291137695312,538100,0.0,0.0
2009-08-27 00:00:00-04:00,14.13407880751019,14.149594068589856,13.629844659354946,13.916871070861816,439600,0.0,0.0
2009-08-28 00:00:00-04:00,14.02547280977459,14.134076661610044,13.668630736820091,13.784992218017578,318600,0.0,0.0
2009-08-31 00:00:00-04:00,13.645358000684082,13.839294298045008,13.591056074161667,13.722932815551758,878000,0.0,0.0
2009-09-01 00:00:00-04:00,13.560023886320902,13.940138804779533,13.257483773175863,13.404875755310059,1292500,0.0,0.0
2009-09-02 00:00:00-04:00,13.265242174366946,13.412634165086699,12.528283700384616,12.551556587219238,1609500,0.0,0.0
2009-09-03 00:00:00-04:00,12.675677345587186,13.24972864588761,12.675677345587186,13.241971015930176,636700,0.0,0.0
2009-09-04 00:00:00-04:00,13.241970216084338,13.381604587650642,12.954945323079409,13.179910659790039,374600,0.0,0.0
2009-09-08 00:00:00-04:00,13.241969800223828,13.715174826867308,13.18766787512372,13.653115272521973,543500,0.0,0.0
2009-09-09 00:00:00-04:00,13.528993649661684,14.296981046821926,13.451418851242058,13.978925704956055,854100,0.0,0.0
2009-09-10 00:00:00-04:00,13.862566587309281,14.002199472496928,13.45917875112329,13.792749404907227,1330900,0.0,0.0
2009-09-11 00:00:00-04:00,13.653117160084056,13.800509176887555,13.079065833122211,13.086823463439941,922100,0.0,0.0
2009-09-14 00:00:00-04:00,13.00149017084677,13.110094029055675,12.70670615625603,12.916157722473145,656400,0.0,0.0
2009-09-15 00:00:00-04:00,12.86185600401459,13.397120633241352,12.644646804422825,13.335061073303223,979700,0.0,0.0
2009-09-16 00:00:00-04:00,13.373843822275363,13.389359077615069,12.90839651939751,13.141120910644531,1379300,0.0,0.0
2009-09-17 00:00:00-04:00,12.985972333581275,13.10233379851048,12.799793693771285,12.970457077026367,1031500,0.0,0.0
2009-09-18 00:00:00-04:00,12.908399110019559,13.00924681035086,12.272288309590685,12.450709342956543,3348000,0.0,0.0
2009-09-21 00:00:00-04:00,12.427438474822132,12.916157300408823,12.093867801661693,12.74549388885498,1941100,0.0,0.0
2009-09-22 00:00:00-04:00,12.962702344587866,13.28075925655148,12.861856113684745,13.164396286010742,854000,0.0,0.0
2009-09-23 00:00:00-04:00,13.31178671126227,13.769476470044328,13.055790869877091,13.505722999572754,1714000,0.0,0.0
2009-09-24 00:00:00-04:00,13.513483379577341,13.521241010242944,12.706707545755766,12.823070526123047,1192200,0.0,0.0
2009-09-25 00:00:00-04:00,12.714461621286343,13.1876666022563,12.53604060471668,13.040274620056152,1257700,0.0,0.0
2009-09-28 00:00:00-04:00,13.001490906756391,13.373848281363015,13.001490906756391,13.24972915649414,590600,0.0,0.0
2009-09-29 00:00:00-04:00,13.459181383932215,13.940142646099888,13.19542786095636,13.854811668395996,1393200,0.0,0.0
2009-09-30 00:00:00-04:00,13.96341321524081,15.336482536514117,13.699659736139163,14.878792762756348,3987200,0.0,0.0
2009-10-01 00:00:00-04:00,13.544509655548945,13.57554017187198,12.373135037258816,12.505012512207031,6112800,0.0,0.0
2009-10-02 00:00:00-04:00,12.295563868987971,12.753253735502938,11.713754867107943,11.752541542053223,2646200,0.0,0.0
2009-10-05 00:00:00-04:00,11.938721867444162,12.039568857335194,11.698240470041172,11.78357219696045,2412600,0.0,0.0
2009-10-06 00:00:00-04:00,12.000781847956107,12.163688415658985,11.597393874669557,11.868905067443848,1652600,0.0,0.0
2009-10-07 00:00:00-04:00,11.93096224367838,12.124898559590301,11.682723996049788,12.055081367492676,1309900,0.0,0.0
2009-10-08 00:00:00-04:00,12.01629434372559,12.411924618494096,11.83787328244275,12.272290229797363,1799400,0.0,0.0
2009-10-09 00:00:00-04:00,12.148169492400609,12.44295349161757,12.024050381030264,12.373135566711426,993600,0.0,0.0
2009-10-12 00:00:00-04:00,12.481739128927945,12.675675409390323,12.039564646212348,12.179198265075684,2175200,0.0,0.0
2009-10-13 00:00:00-04:00,12.132656351078477,12.171443022929843,11.884417360341335,11.993021965026855,1195100,0.0,0.0
2009-10-14 00:00:00-04:00,12.613617454169708,12.621375083923338,12.295562032353768,12.62137508392334,2538000,0.0,0.0
2009-10-15 00:00:00-04:00,12.823073942569904,13.466942663193047,12.63689519584218,13.435912132263184,2833300,0.0,0.0
2009-10-16 00:00:00-04:00,13.28076101308087,13.350576733175938,12.93167501452139,13.226457595825195,1642900,0.0,0.0
2009-10-19 00:00:00-04:00,13.44366374883463,14.188379882095477,13.42039086105206,14.118562698364258,2230800,0.0,0.0
2009-10-20 00:00:00-04:00,14.242684860240086,14.475407869484258,13.84705456083155,14.056506156921387,1500700,0.0,0.0
2009-10-21 00:00:00-04:00,14.06426026402976,14.576253473260495,13.87808158777158,14.025473594665527,1616900,0.0,0.0
2009-10-22 00:00:00-04:00,14.056506292901451,14.746919176005987,13.940143307536884,14.56074047088623,1076900,0.0,0.0
2009-10-23 00:00:00-04:00,14.436622109047018,14.622800824160196,14.118566619109892,14.234928131103516,1181400,0.0,0.0
2009-10-26 00:00:00-04:00,14.157349226505003,14.855519577368256,13.986685823285779,14.087532043457031,1671100,0.0,0.0
2009-10-27 00:00:00-04:00,13.8935947451744,13.971169551781893,12.784279005651442,13.265241622924805,2479100,0.0,0.0
2009-10-28 00:00:00-04:00,13.203182622424382,13.280757432256696,12.520526071439742,12.551556587219238,2086700,0.0,0.0
2009-10-29 00:00:00-04:00,12.776522804068835,13.342817919822906,12.737736136241098,13.179910659790039,1655100,0.0,0.0
2009-10-30 00:00:00-04:00,13.327306742551503,13.327306742551503,11.85338997963007,12.148173332214355,2351700,0.0,0.0
2009-11-02 00:00:00-05:00,12.20247248150592,12.69895044984695,11.830115114962632,12.117140769958496,2073900,0.0,0.0
2009-11-03 00:00:00-05:00,11.946477046228146,12.776524261184415,11.830115549857803,12.722222328186035,1799400,0.0,0.0
2009-11-04 00:00:00-05:00,12.745492430818084,12.799794351936162,12.24125766397811,12.287802696228027,1280800,0.0,0.0
2009-11-05 00:00:00-05:00,12.186955811110936,12.598100515753622,11.9775042745256,12.481739044189453,1177400,0.0,0.0
2009-11-06 00:00:00-05:00,12.35762079261344,12.861854857099347,12.303318127653611,12.737735748291016,981700,0.0,0.0
2009-11-09 00:00:00-05:00,12.869612878318549,13.304029772378636,12.792038063046542,13.179910659790039,846300,0.0,0.0
2009-11-10 00:00:00-05:00,12.985977852352782,13.226458512687946,12.63689330921147,12.931675910949707,1388900,0.0,0.0
2009-11-11 00:00:00-05:00,13.164399655601503,13.373851280646603,12.83858650984813,13.172157287597656,805200,0.0,0.0
2009-11-12 00:00:00-05:00,13.110092777133033,13.31178669427249,12.737735459160094,12.76876449584961,596400,0.0,0.0
2009-11-13 00:00:00-05:00,12.761008484570828,12.86961233358483,12.442953087072855,12.799795150756836,630600,0.0,0.0
2009-11-16 00:00:00-05:00,12.869614306910586,13.156639231776726,12.745495180544141,12.900643348693848,1060400,0.0,0.0
2009-11-17 00:00:00-05:00,12.745495152396712,12.854099017823334,12.388652294977069,12.706707000732422,1064000,0.0,0.0
2009-11-18 00:00:00-05:00,12.714461837632435,12.838580936455166,12.34986216979271,12.543798446655273,623500,0.0,0.0
2009-11-19 00:00:00-05:00,12.47398368530282,12.536043246737494,11.946476673299758,12.13265609741211,665800,0.0,0.0
2009-11-20 00:00:00-05:00,11.99302286787427,12.442955841266661,11.837873949363997,12.171443939208984,599800,0.0,0.0
2009-11-23 00:00:00-05:00,12.427438486405203,12.73773627116347,12.039565885553229,12.101625442504883,540000,0.0,0.0
2009-11-24 00:00:00-05:00,12.070596385772799,12.101626166104007,11.636178721327575,11.775813102722168,791300,0.0,0.0
2009-11-25 00:00:00-05:00,11.721508899131281,11.84562874402975,11.65944934658616,11.799083709716797,898000,0.0,0.0
2009-11-27 00:00:00-05:00,11.341398578971926,11.783573256092083,11.124190056503421,11.55860710144043,284200,0.0,0.0
2009-11-30 00:00:00-05:00,11.473268949865801,11.558600636728958,11.023336892208954,11.465511322021484,1389200,0.0,0.0
2009-12-01 00:00:00-05:00,11.527577278229986,12.117144005842334,11.403458122902864,11.946479797363281,1195700,0.0,0.0
2009-12-02 00:00:00-05:00,11.977507066537804,12.179201021419138,11.760298590408565,12.016294479370117,1267700,0.0,0.0
2009-12-03 00:00:00-05:00,11.969750768750483,12.311078391004402,11.744784650949208,11.752541542053223,1125700,0.0,0.0
2009-12-04 00:00:00-05:00,11.930960481810175,12.536041490955542,11.91544522372039,12.396407127380371,1059000,0.0,0.0
2009-12-07 00:00:00-05:00,12.342103814836516,12.528282452114077,12.249014496197736,12.404163360595703,737400,0.0,0.0
2009-12-08 00:00:00-05:00,12.404167666786769,12.87737279223712,12.280048532179594,12.698951721191406,1432700,0.0,0.0
2009-12-09 00:00:00-05:00,12.66016269835197,12.776524194111449,12.473984009213464,12.706707000732422,632700,0.0,0.0
2009-12-10 00:00:00-05:00,12.792039617229314,12.823070138954817,12.497257058920603,12.644647598266602,435700,0.0,0.0
2009-12-11 00:00:00-05:00,12.691193039035335,12.729979710530836,12.132656239761754,12.48949909210205,913800,0.0,0.0
2009-12-14 00:00:00-05:00,12.528283336891842,12.660160065895605,12.318832540114698,12.481739044189453,479300,0.0,0.0
2009-12-15 00:00:00-05:00,12.505014689801818,12.505014689801818,12.179200869947527,12.318835258483887,642600,0.0,0.0
2009-12-16 00:00:00-05:00,12.349862098693848,12.567071260191327,12.225743000585677,12.349862098693848,645700,0.0,0.0
2009-12-17 00:00:00-05:00,12.264533325079016,12.41968223467033,12.031809590787871,12.318835258483887,681900,0.0,0.0
2009-12-18 00:00:00-05:00,12.427438250254147,12.574828770453207,11.721509508678938,12.194714546203613,1248600,0.0,0.0
2009-12-21 00:00:00-05:00,12.280047234849354,12.574829778494781,12.124898332981152,12.435196876525879,617600,0.0,0.0
2009-12-22 00:00:00-05:00,12.404166639271942,12.567073914709725,12.365379227968104,12.48949909210205,415500,0.0,0.0
2009-12-23 00:00:00-05:00,12.497254008570446,12.65240214047901,12.194713153866667,12.380891799926758,468800,0.0,0.0
2009-12-24 00:00:00-05:00,12.35762268502686,12.481741812842463,12.22574592677069,12.272290229797363,91700,0.0,0.0
2009-12-28 00:00:00-05:00,12.303316773606513,12.388649206377124,12.086108357096904,12.249014854431152,484900,0.0,0.0
2009-12-29 00:00:00-05:00,12.295560703234038,12.373134772959904,12.055079385524966,12.086109161376953,281900,0.0,0.0
2009-12-30 00:00:00-05:00,11.961992545289899,12.14817123911496,11.90769061120968,12.016294479370117,460100,0.0,0.0
2009-12-31 00:00:00-05:00,12.024051345371827,12.024051345371827,11.713753542059754,11.775813102722168,610700,0.0,0.0
2010-01-04 00:00:00-05:00,11.806842138653039,12.031808216822663,11.705995173982757,11.861144065856934,1024700,0.0,0.0
2010-01-05 00:00:00-05:00,11.907689627625457,12.489498552627191,11.760297618999035,12.241259574890137,1568900,0.0,0.0
2010-01-06 00:00:00-05:00,12.29556439964659,12.50501600447106,12.29556439964659,12.388653755187988,1502000,0.0,0.0
2010-01-07 00:00:00-05:00,12.41968321084851,13.024765115526165,12.41968321084851,12.947190284729004,4037300,0.0,0.0
2010-01-08 00:00:00-05:00,12.908397530423036,13.040274251907151,12.729976518890501,12.970457077026367,1195600,0.0,0.0
2010-01-11 00:00:00-05:00,12.97045913394758,13.660873363967358,12.823068612150925,13.466937065124512,1991800,0.0,0.0
2010-01-12 00:00:00-05:00,13.304029772378636,13.730690516566403,13.032518658734881,13.179910659790039,2212500,0.0,0.0
2010-01-13 00:00:00-05:00,13.311790057610141,13.381607257322038,12.536044709359588,13.226457595825195,1522200,0.0,0.0
2010-01-14 00:00:00-05:00,13.241972445496227,13.241972445496227,12.737738280760375,12.861857414245605,736000,0.0,0.0
2010-01-15 00:00:00-05:00,12.792042753763665,12.954950073533054,12.435200544125031,12.598106384277344,828000,0.0,0.0
2010-01-19 00:00:00-05:00,12.497255011579856,12.81531040907783,12.497255011579856,12.799795150756836,523800,0.0,0.0
2010-01-20 00:00:00-05:00,12.60585951593977,12.830826334440175,12.57482899768459,12.74549388885498,900800,0.0,0.0
2010-01-21 00:00:00-05:00,12.605862448626855,13.040279447948343,12.605862448626855,12.667922019958496,1260500,0.0,0.0
2010-01-22 00:00:00-05:00,12.28004625864856,12.435195887991483,11.364666700681667,11.504301071166992,2436100,0.0,0.0
2010-01-25 00:00:00-05:00,11.6284240255113,11.783572966316315,11.519820136852044,11.698241233825684,1024700,0.0,0.0
2010-01-26 00:00:00-05:00,11.674965219559251,11.79132670175818,11.481028922688859,11.504301071166992,902900,0.0,0.0
2010-01-27 00:00:00-05:00,11.37242668695845,11.4500015177067,10.79061767577183,10.930252075195312,2250400,0.0,0.0
2010-01-28 00:00:00-05:00,11.054369682055702,11.194004062146645,10.666497061632695,10.775101661682129,1888800,0.0,0.0
2010-01-29 00:00:00-05:00,10.821647101891966,11.116430413245629,10.782859687801778,10.90697956085205,1378200,0.0,0.0
2010-02-01 00:00:00-05:00,10.953521881427207,11.02333906617885,10.806130622357939,10.891462326049805,1077100,0.0,0.0
2010-02-02 00:00:00-05:00,10.883706027874162,11.209519103360227,10.883706027874162,11.155217170715332,1729600,0.0,0.0
2010-02-03 00:00:00-05:00,11.023340287167382,11.45775796273527,10.782858928587093,11.411212921142578,2851400,0.0,0.0
2010-02-04 00:00:00-05:00,11.527575820215867,11.76805720810234,11.069886677788011,11.20952033996582,7838700,0.0,0.0
2010-02-05 00:00:00-05:00,11.248305804667568,11.473271891168588,11.108671426905453,11.434484481811523,2485000,0.0,0.0
2010-02-08 00:00:00-05:00,11.457755893900519,11.892172751220913,11.395695603046544,11.519815444946289,1582500,0.0,0.0
2010-02-09 00:00:00-05:00,11.737024003697558,11.961990063684011,11.496542685873592,11.90768814086914,1089500,0.0,0.0
2010-02-10 00:00:00-05:00,11.837872823257431,11.915446905228944,11.659451029087126,11.713753700256348,850900,0.0,0.0
2010-02-11 00:00:00-05:00,11.674966314167879,11.783570177120373,11.48878762927075,11.6206636428833,1705300,0.0,0.0
2010-02-12 00:00:00-05:00,11.512057085867932,11.760295274304495,11.333635333073035,11.651691436767578,1564400,0.0,0.0
2010-02-16 00:00:00-05:00,11.82235606643014,11.946475173719449,11.558602593536243,11.930960655212402,698200,0.0,0.0
2010-02-17 00:00:00-05:00,12.031809470998667,12.078353773508486,11.783570478315688,11.915447235107422,1091800,0.0,0.0
2010-02-18 00:00:00-05:00,11.814598073460486,12.00077746846958,11.721508745860044,11.90768814086914,914500,0.0,0.0
2010-02-19 00:00:00-05:00,12.024049985679385,12.09386716848168,11.636177405496179,11.930960655212402,833800,0.0,0.0
2010-02-22 00:00:00-05:00,11.954232302266684,11.954232302266684,11.434483007402202,11.519815444946289,1290700,0.0,0.0
2010-02-23 00:00:00-05:00,11.519818371417811,11.643937505040329,11.155217861545374,11.294852256774902,1084600,0.0,0.0
2010-02-24 00:00:00-05:00,11.279335254121808,11.279335254121808,11.046611544597962,11.186245918273926,1030800,0.0,0.0
2010-02-25 00:00:00-05:00,10.976795793972382,11.240549316621903,10.945766011296461,11.194005012512207,1339600,0.0,0.0
2010-02-26 00:00:00-05:00,11.155215472677433,11.349151762383629,11.108670437632322,11.287092208862305,2354800,0.0,0.0
2010-03-01 00:00:00-05:00,11.302607144867801,11.527573219645125,11.18624566266887,11.504301071166992,1314600,0.0,0.0
2010-03-02 00:00:00-05:00,11.512056049009475,11.651690387332648,11.38793696597025,11.457754135131836,1471700,0.0,0.0
2010-03-03 00:00:00-05:00,11.52757242848915,11.628419384717455,11.13194297228052,11.170729637145996,1092300,0.0,0.0
2010-03-04 00:00:00-05:00,11.240551387343718,11.791330686161553,11.209521598951524,11.667211532592773,1291400,0.0,0.0
2010-03-05 00:00:00-05:00,11.713754011202203,12.039567087633039,11.705996380856625,11.961992263793945,822000,0.0,0.0
2010-03-08 00:00:00-05:00,12.10162708427072,12.217988584389172,11.946477431034952,12.00078010559082,746200,0.0,0.0
2010-03-09 00:00:00-05:00,11.93096265762115,12.070597046660993,11.775813747470414,11.853387832641602,773100,0.0,0.0
2010-03-10 00:00:00-05:00,11.977508176786273,12.411925909121228,11.899934083739327,12.388653755187988,1467500,0.0,0.0
2010-03-11 00:00:00-05:00,12.311078320486779,12.466227238804414,11.907691132860922,11.977507591247559,1282100,0.0,0.0
2010-03-12 00:00:00-05:00,12.109383719342405,12.225745956811728,11.73702633498064,11.853387832641602,1331500,0.0,0.0
2010-03-15 00:00:00-04:00,11.791327859483129,12.109383299209346,11.791327859483129,12.055081367492676,838700,0.0,0.0
2010-03-16 00:00:00-04:00,12.047323138416372,12.38865145174621,11.96199142998806,12.124897956848145,970000,0.0,0.0
2010-03-17 00:00:00-04:00,12.117139580023997,12.36537780000855,12.039565506182948,12.256773948669434,1519000,0.0,0.0
2010-03-18 00:00:00-04:00,12.194718383594399,12.357624953711808,12.03181181347699,12.148173332214355,2247100,0.0,0.0
2010-03-19 00:00:00-04:00,12.171443939208984,12.41968294863382,12.039567913331553,12.171443939208984,5208600,0.0,0.0
2010-03-22 00:00:00-04:00,12.086111593174323,12.171443308984488,11.985264616412296,12.047324180603027,1357100,0.0,0.0
2010-03-23 00:00:00-04:00,12.047323083077448,12.481740732644951,11.868902037235559,12.442954063415527,1481800,0.0,0.0
2010-03-24 00:00:00-04:00,12.404166493736728,12.497256575697069,12.124898467280692,12.13265609741211,1170300,0.0,0.0
2010-03-25 00:00:00-04:00,12.20247239732419,12.249017437725161,11.768055472687287,11.775813102722168,1607200,0.0,0.0
2010-03-26 00:00:00-04:00,11.868905438615451,12.01629674742809,11.605151869342675,11.698241233825684,1361900,0.0,0.0
2010-03-29 00:00:00-04:00,11.721507794853686,11.791324969841563,11.28709096796403,11.364665031433105,1592000,0.0,0.0
2010-03-30 00:00:00-04:00,11.426727886049882,11.56636227644833,11.271578974389588,11.40345573425293,964500,0.0,0.0
2010-03-31 00:00:00-04:00,11.45775703601979,11.512058963645654,11.100914212032102,11.186245918273926,1396100,0.0,0.0
2010-04-01 00:00:00-04:00,11.349154763145853,11.814601537621787,11.349154763145853,11.791329383850098,1618500,0.0,0.0
2010-04-05 00:00:00-04:00,11.91544955493113,12.217990539380173,11.799088036193764,12.148173332214355,1163100,0.0,0.0
2010-04-06 00:00:00-04:00,12.194713371536382,12.303317213772539,12.039564497050309,12.287802696228027,948000,0.0,0.0
2010-04-07 00:00:00-04:00,12.256774101975989,12.40416536198331,12.117139731584016,12.194714546203613,920100,0.0,0.0
2010-04-08 00:00:00-04:00,12.140410342279104,12.217985147072673,11.721508023971795,11.76805305480957,1970900,0.0,0.0
2010-04-09 00:00:00-04:00,11.775813953123333,11.845631148862543,11.535332583333654,11.612907409667969,2390500,0.0,0.0
2010-04-12 00:00:00-04:00,11.659450677229339,11.80684268620139,11.62066326750994,11.643936157226562,1027800,0.0,0.0
2010-04-13 00:00:00-04:00,11.605147628673851,12.008534727364102,11.605147628673851,11.930960655212402,1070000,0.0,0.0
2010-04-14 00:00:00-04:00,11.94647755081538,12.38865288327736,11.94647755081538,12.357623100280762,1062800,0.0,0.0
2010-04-15 00:00:00-04:00,12.380896462916844,12.404168617487251,12.19471774673667,12.264534950256348,460300,0.0,0.0
2010-04-16 00:00:00-04:00,12.264533188996392,12.326592752144327,11.861145288726464,11.961992263793945,612900,0.0,0.0
2010-04-19 00:00:00-04:00,11.97750602465619,12.01629343411452,11.566361259937807,11.674965858459473,714500,0.0,0.0
2010-04-20 00:00:00-04:00,11.752541119287267,11.993022490262709,11.713754445737234,11.954235076904297,588600,0.0,0.0
2010-04-21 00:00:00-04:00,12.047323512142889,12.48174117718218,11.760297858734633,12.435196876525879,1014700,0.0,0.0
2010-04-22 00:00:00-04:00,12.373137099266655,12.799797152305164,12.210230560463165,12.722222328186035,1453900,0.0,0.0
2010-04-23 00:00:00-04:00,12.729979251808134,12.799796441677522,12.497256271987917,12.582587242126465,1380100,0.0,0.0
2010-04-26 00:00:00-04:00,12.605861364253533,12.644648038142993,12.287805903586325,12.357623100280762,1163800,0.0,0.0
2010-04-27 00:00:00-04:00,12.334350100238288,12.349865361505001,11.892175511454193,11.954235076904297,1029800,0.0,0.0
2010-04-28 00:00:00-04:00,11.961993288916494,12.124899841092727,11.543090831864525,11.737027168273926,1419800,0.0,0.0
2010-04-29 00:00:00-04:00,11.861144588109665,12.458468033077793,11.791327398740128,12.241259574890137,2041600,0.0,0.0
2010-04-30 00:00:00-04:00,12.055081314118269,12.667920040094234,11.6206636428833,11.6206636428833,1791100,0.0,0.0
2010-05-03 00:00:00-04:00,11.80684611752453,12.132659270162485,11.620666644725326,11.946479797363281,1060700,0.0,0.0
2010-05-04 00:00:00-04:00,11.768055166550665,11.775812796383738,11.364667292930465,11.434484481811523,3828700,0.0,0.0
2010-05-05 00:00:00-04:00,11.240546756033714,11.240546756033714,10.635465761786058,10.798372268676758,2862800,0.0,0.0
2010-05-06 00:00:00-04:00,10.806133086745282,11.085401149631934,9.658029570816634,10.48031997680664,2588000,0.0,0.0
2010-05-07 00:00:00-04:00,10.363955276540773,10.55013468088256,9.758874246902655,10.32516860961914,3748200,0.0,0.0
2010-05-10 00:00:00-04:00,10.891462736350947,11.124186447687459,10.658739025014434,11.108671188354492,1944100,0.0,0.0
2010-05-11 00:00:00-04:00,10.852676338182121,11.209519198170355,10.79837440507794,11.077642440795898,1264300,0.0,0.0
2010-05-12 00:00:00-04:00,11.077638349881054,11.287089854176424,11.00006429406683,11.201757431030273,1545000,0.0,0.0
2010-05-13 00:00:00-04:00,11.201759049383039,11.271576227568199,10.627707846228901,10.697525024414062,1022700,0.0,0.0
2010-05-14 00:00:00-04:00,10.511348281204029,10.728556743969719,10.348441749177681,10.519105911254883,1521900,0.0,0.0
2010-05-17 00:00:00-04:00,10.565650924989924,10.689770054946775,10.332927186416644,10.61219596862793,2598600,0.0,0.0
2010-05-18 00:00:00-04:00,10.68977109319434,10.938010117026709,10.185536893818627,10.193294525146484,808000,0.0,0.0
2010-05-19 00:00:00-04:00,10.107961829823982,10.363957739342318,9.87523807395047,10.239838600158691,1350000,0.0,0.0
2010-05-20 00:00:00-04:00,9.96832636964926,10.154505044834119,9.689057617063677,9.83644962310791,1387700,0.0,0.0
2010-05-21 00:00:00-04:00,9.642511809943244,10.177775602328788,9.611482035599272,10.084686279296875,1930300,0.0,0.0
2010-05-24 00:00:00-04:00,10.007113340650394,10.232079431570185,9.844206809997559,9.844206809997559,615700,0.0,0.0
2010-05-25 00:00:00-04:00,9.456336977903897,10.092448767996185,9.440822453164762,10.053661346435547,1161600,0.0,0.0
2010-05-26 00:00:00-04:00,10.138989715179891,10.30189623979157,9.7666323673865,9.820934295654297,1908900,0.0,0.0
2010-05-27 00:00:00-04:00,10.061415213648408,10.247593879699707,10.022627806602323,10.247593879699707,1141300,0.0,0.0
2010-05-28 00:00:00-04:00,10.201051586367507,10.340685993358104,10.007115238795437,10.131235122680664,775300,0.0,0.0
2010-06-01 00:00:00-04:00,10.030385200728613,10.084687125434625,9.650269508361816,9.650269508361816,711600,0.0,0.0
2010-06-02 00:00:00-04:00,9.64251527412547,9.999358177185059,9.6114854886337,9.999358177185059,786400,0.0,0.0
2010-06-03 00:00:00-04:00,9.99159915721187,10.332926750183105,9.983841526964984,10.332926750183105,1116600,0.0,0.0
2010-06-04 00:00:00-04:00,9.96056918870172,10.115718091679812,9.758875244926038,9.828692436218262,1204400,0.0,0.0
2010-06-07 00:00:00-04:00,9.828696368244477,9.898513587467479,9.394278526306152,9.394278526306152,632400,0.0,0.0
2010-06-08 00:00:00-04:00,9.464094644930086,9.603729067137712,9.308945697926353,9.518397331237793,775000,0.0,0.0
2010-06-09 00:00:00-04:00,9.619239750424493,9.782146264672711,9.38651679276267,9.42530345916748,639600,0.0,0.0
2010-06-10 00:00:00-04:00,9.634756797323421,9.782148080523223,9.51063766624814,9.727846145629883,554600,0.0,0.0
2010-06-11 00:00:00-04:00,9.603726683210564,9.92178213056964,9.52615185906078,9.898509979248047,288400,0.0,0.0
2010-06-14 00:00:00-04:00,9.976081051517129,10.278621886585283,9.976081051517129,10.13898754119873,496900,0.0,0.0
2010-06-15 00:00:00-04:00,10.170018473052545,10.495831489562988,10.123474179155746,10.495831489562988,491800,0.0,0.0
2010-06-16 00:00:00-04:00,10.317411422729492,10.433772908100554,10.162262528965318,10.317411422729492,431600,0.0,0.0
2010-06-17 00:00:00-04:00,10.309655696967523,10.309655696967523,9.797663883092362,9.88299560546875,648600,0.0,0.0
2010-06-18 00:00:00-04:00,9.875236590131037,9.952811410368888,9.681300279344724,9.844206809997559,757600,0.0,0.0
2010-06-21 00:00:00-04:00,10.022628022198896,10.123474986764732,9.658027571815994,9.689057350158691,309000,0.0,0.0
2010-06-22 00:00:00-04:00,9.681299304442078,9.805419152285486,9.402031311362947,9.42530345916748,392000,0.0,0.0
2010-06-23 00:00:00-04:00,9.55718263539331,9.789906392254315,9.433063495683024,9.673544883728027,919100,0.0,0.0
2010-06-24 00:00:00-04:00,9.642514505670624,9.712331702415177,9.386518610812855,9.456335067749023,662500,0.0,0.0
2010-06-25 00:00:00-04:00,9.502878246307372,9.727844313974565,9.386516767786087,9.69681453704834,3578800,0.0,0.0
2010-06-28 00:00:00-04:00,9.735604642900254,9.828693999493172,9.564940452575684,9.564940452575684,366400,0.0,0.0
2010-06-29 00:00:00-04:00,9.425304770374057,9.46409218198304,9.02967524342579,9.122764587402344,793400,0.0,0.0
2010-06-30 00:00:00-04:00,9.130518873557989,9.223608183439815,8.804705919067562,8.81246280670166,1204300,0.0,0.0
2010-07-01 00:00:00-04:00,8.866767000909327,9.115005203762534,8.641800944621558,9.014158248901367,980700,0.0,0.0
2010-07-02 00:00:00-04:00,9.076218882249183,9.130521550456832,8.657316495062553,8.711618423461914,831500,0.0,0.0
2010-07-06 00:00:00-04:00,8.890040243442037,8.890040243442037,8.447865705146281,8.486652374267578,808100,0.0,0.0
2010-07-07 00:00:00-04:00,8.603012111750859,8.789190732971635,8.463377775931239,8.78143310546875,817700,0.0,0.0
2010-07-08 00:00:00-04:00,8.90555456047088,9.014159155040627,8.641801813329971,8.820222854614258,589200,0.0,0.0
2010-07-09 00:00:00-04:00,8.827978160345587,9.006399154663086,8.812462905287676,9.006399154663086,259000,0.0,0.0
2010-07-12 00:00:00-04:00,8.944340408203331,9.052944983827322,8.742647253198989,8.89003849029541,253500,0.0,0.0
2010-07-13 00:00:00-04:00,9.006403130650401,9.22361235850236,8.983130977597837,9.18482494354248,501000,0.0,0.0
2010-07-14 00:00:00-04:00,9.184825966199382,9.619242990655344,9.184825966199382,9.541668891906738,908200,0.0,0.0
2010-07-15 00:00:00-04:00,9.642515098800455,9.7123322998396,9.285672202229163,9.673544883728027,579400,0.0,0.0
2010-07-16 00:00:00-04:00,9.61923766290486,9.704570086016796,9.425301413734939,9.487360954284668,1387100,0.0,0.0
2010-07-19 00:00:00-04:00,9.572693377396604,9.69681245849606,9.316697587676954,9.487360954284668,608600,0.0,0.0
2010-07-20 00:00:00-04:00,9.30894370834662,9.782148080523223,9.161552425146818,9.727846145629883,1170500,0.0,0.0
2010-07-21 00:00:00-04:00,9.77438997569546,9.828691903844431,9.440819297504268,9.448576927185059,639200,0.0,0.0
2010-07-22 00:00:00-04:00,9.650271499488738,10.131234251123237,9.634756977718034,10.100204467773438,853600,0.0,0.0
2010-07-23 00:00:00-04:00,10.014869593716194,10.495831489562988,9.859720714379842,10.495831489562988,1166000,0.0,0.0
2010-07-26 00:00:00-04:00,10.565648586265915,10.751827239990234,10.317410381300157,10.751827239990234,612400,0.0,0.0
2010-07-27 00:00:00-04:00,10.891465292781287,11.046614223485886,10.480320441461984,10.619954109191895,1076200,0.0,0.0
2010-07-28 00:00:00-04:00,10.619950220466476,10.713040284610745,10.270865069254123,10.472558975219727,1127000,0.0,0.0
2010-07-29 00:00:00-04:00,10.938007379078384,11.147458193842763,10.232078640925184,10.713041305541992,1275700,0.0,0.0
2010-07-30 00:00:00-04:00,10.581165552803862,10.906978619343265,10.37947160879217,10.860433578491211,978700,0.0,0.0
2010-08-02 00:00:00-04:00,11.194003991210868,11.356910520348533,11.01558220224661,11.178488731384277,1548900,0.0,0.0
2010-08-03 00:00:00-04:00,11.232792552506064,11.24830781494507,10.89146491674068,11.031099319458008,609600,0.0,0.0
2010-08-04 00:00:00-04:00,11.05436897277832,11.178488084980545,10.922492231111391,11.05436897277832,503700,0.0,0.0
2010-08-05 00:00:00-04:00,11.00782585144043,11.100915941600409,10.7595875838362,11.00782585144043,452400,0.0,0.0
2010-08-06 00:00:00-04:00,10.852677410419197,10.976796549667842,10.682013963856525,10.868192672729492,450600,0.0,0.0
2010-08-09 00:00:00-04:00,10.976794443257411,11.15521622654511,10.906977995683913,11.108671188354492,568100,0.0,0.0
2010-08-10 00:00:00-04:00,10.93800490521036,10.961277048296619,10.59667668750745,10.658736228942871,421900,0.0,0.0
2010-08-11 00:00:00-04:00,10.394983347868658,10.40274097590305,10.092443252608632,10.13898754119873,489000,0.0,0.0
2010-08-12 00:00:00-04:00,9.952810206540125,10.146746493869134,9.76663154825825,10.03038501739502,582500,0.0,0.0
2010-08-13 00:00:00-04:00,9.960567405356041,10.0226269554361,9.758873497691752,9.766631126403809,480100,0.0,0.0
2010-08-16 00:00:00-04:00,9.69681454368714,9.844205799235558,9.634754989792201,9.650269508361816,585600,0.0,0.0
2010-08-17 00:00:00-04:00,9.805418968200684,9.960567850331914,9.751116304598584,9.805418968200684,620700,0.0,0.0
2010-08-18 00:00:00-04:00,9.78990458440755,9.906266811254305,9.642513318171607,9.83644962310791,462100,0.0,0.0
2010-08-19 00:00:00-04:00,9.820937988633824,9.867483044514536,9.371005654290716,9.495124816894531,542800,0.0,0.0
2010-08-20 00:00:00-04:00,9.471851771043614,9.51839682256157,9.215855837216097,9.510639190673828,359500,0.0,0.0
2010-08-23 00:00:00-04:00,9.626999244256998,9.774391268452916,9.440820546143781,9.456335067749023,309600,0.0,0.0
2010-08-24 00:00:00-04:00,9.3089435862165,9.557181845110263,9.014160283875974,9.371003150939941,540100,0.0,0.0
2010-08-25 00:00:00-04:00,9.316702168327904,9.634757654972484,9.122765823807216,9.564940452575684,468900,0.0,0.0
2010-08-26 00:00:00-04:00,9.603725004975816,9.774389144397055,9.355486794769082,9.386516571044922,472800,0.0,0.0
2010-08-27 00:00:00-04:00,9.533908023233598,9.727844313974565,9.169307589494274,9.69681453704834,557500,0.0,0.0
2010-08-30 00:00:00-04:00,9.68129989914253,9.782146865567967,9.448576927185059,9.448576927185059,398600,0.0,0.0
2010-08-31 00:00:00-04:00,9.409789316434214,9.54166605894136,9.223610646944692,9.316699981689453,511300,0.0,0.0
2010-09-01 00:00:00-04:00,9.487360892787633,9.836446730877181,9.487360892787633,9.611480712890625,422700,0.0,0.0
2010-09-02 00:00:00-04:00,9.658031173619658,9.952814547714027,9.642516648566557,9.945056915283203,416100,0.0,0.0
2010-09-03 00:00:00-04:00,10.061415213648408,10.33292558335449,10.05365758427754,10.247593879699707,373300,0.0,0.0
2010-09-07 00:00:00-04:00,10.19329056740505,10.348439434680468,10.07692836209237,10.208805084228516,623900,0.0,0.0
2010-09-08 00:00:00-04:00,10.030384361686993,10.08468628185065,9.665783958196874,9.813175201416016,1169900,0.0,0.0
2010-09-09 00:00:00-04:00,9.999358902474132,9.999358902474132,9.487366295010602,9.510639190673828,803100,0.0,0.0
2010-09-10 00:00:00-04:00,9.549422038322462,9.59596632774789,9.378757917543565,9.417545318603516,636200,0.0,0.0
2010-09-13 00:00:00-04:00,9.526153118178955,9.54166838098298,9.277914831782144,9.339974403381348,974000,0.0,0.0
2010-09-14 00:00:00-04:00,9.293429439203464,9.41754932333788,9.138280508796015,9.308944702148438,1079200,0.0,0.0
2010-09-15 00:00:00-04:00,9.28567202162291,9.417548789952196,9.037433007222152,9.347731590270996,842100,0.0,0.0
2010-09-16 00:00:00-04:00,9.285669832532035,9.448576346780255,9.215852649310193,9.42530345916748,425000,0.0,0.0
2010-09-17 00:00:00-04:00,9.502880008979504,9.502880008979504,9.192582182160667,9.293428421020508,578600,0.0,0.0
2010-09-20 00:00:00-04:00,9.339972727162472,9.704573199730293,9.200338346219835,9.665785789489746,539700,0.0,0.0
2010-09-21 00:00:00-04:00,9.665787889999187,9.720089832251524,9.502881323433698,9.557183265686035,351100,0.0,0.0
2010-09-22 00:00:00-04:00,9.510633836846875,9.766629626566525,9.316697587676954,9.487360954284668,418600,0.0,0.0
2010-09-23 00:00:00-04:00,9.371004543842185,9.774392514312337,9.308944969894235,9.557183265686035,431000,0.0,0.0
2010-09-24 00:00:00-04:00,9.720087017031345,10.038142426348601,9.720087017031345,9.991598129272461,554300,0.0,0.0
2010-09-27 00:00:00-04:00,9.999353920998033,10.03814058149702,9.813174547485508,9.960566520690918,418900,0.0,0.0
2010-09-28 00:00:00-04:00,9.952812311779075,10.084689074242299,9.67354426528492,10.069173812866211,366200,0.0,0.0
2010-09-29 00:00:00-04:00,10.00711082384657,10.239834486221449,9.976081051517129,10.13898754119873,278400,0.0,0.0
2010-09-30 00:00:00-04:00,10.239838600158691,10.441532571236296,10.193294292869044,10.239838600158691,745500,0.0,0.0
2010-10-01 00:00:00-04:00,10.301898002624512,10.418260248577756,10.1622643432124,10.301898002624512,441000,0.0,0.0
2010-10-04 00:00:00-04:00,10.278623533219005,10.278623533219005,9.983840278961017,10.038142204284668,389800,0.0,0.0
2010-10-05 00:00:00-04:00,10.162263890068148,10.410502153339111,10.084689062891783,10.356200218200684,1324700,0.0,0.0
2010-10-06 00:00:00-04:00,10.325170466642193,10.37171477124263,10.185536073224114,10.263110160827637,770700,0.0,0.0
2010-10-07 00:00:00-04:00,10.356200332407365,10.464804203881888,10.131234218885067,10.232080459594727,550300,0.0,0.0
2010-10-08 00:00:00-04:00,10.201049995219407,10.495833286326008,10.177777844287089,10.332926750183105,770800,0.0,0.0
2010-10-11 00:00:00-04:00,10.356199640923762,10.39498631254151,10.224322885960063,10.332926750183105,665900,0.0,0.0
2010-10-12 00:00:00-04:00,10.325172273782956,10.394988742903088,10.201052380238414,10.340686798095703,834400,0.0,0.0
2010-10-13 00:00:00-04:00,10.410501854046831,10.697527522654255,10.309654877540165,10.67425537109375,1721000,0.0,0.0
2010-10-14 00:00:00-04:00,10.689767972960855,10.883704260698648,10.57340649624147,10.85267448425293,794100,0.0,0.0
2010-10-15 00:00:00-04:00,10.953523864747496,11.02334106214072,10.635468400896933,10.666498184204102,960700,0.0,0.0
2010-10-18 00:00:00-04:00,10.674254624602,10.798373743989043,10.550135505214957,10.759586334228516,524100,0.0,0.0
2010-10-19 00:00:00-04:00,10.612195713819736,10.744072471184506,10.34068456870207,10.464803695678711,734600,0.0,0.0
2010-10-20 00:00:00-04:00,10.54237861257029,10.759587086687839,10.433774005607336,10.67425537109375,674300,0.0,0.0
2010-10-21 00:00:00-04:00,10.775101993451225,10.844918445838056,10.573408047067039,10.604437828063965,822900,0.0,0.0
2010-10-22 00:00:00-04:00,10.860437501151607,10.914739451918614,10.061419806427573,10.2786283493042,1121300,0.0,0.0
2010-10-25 00:00:00-04:00,10.340684300663217,10.488076314983722,10.185535395964,10.363956451416016,958300,0.0,0.0
2010-10-26 00:00:00-04:00,10.301895059791075,10.84491649969511,10.255350766552326,10.557890892028809,1164700,0.0,0.0
2010-10-27 00:00:00-04:00,10.495831945455935,10.503589574711762,10.270865875694632,10.309653282165527,1097200,0.0,0.0
2010-10-28 00:00:00-04:00,10.402744637379763,10.426016789865963,10.185536154622328,10.232080459594727,396900,0.0,0.0
2010-10-29 00:00:00-04:00,10.270867454079818,10.45704614598141,10.177778108129022,10.4337739944458,482200,0.0,0.0
2010-11-01 00:00:00-04:00,10.650983004840306,10.860434598636322,10.53462150149256,10.635468482971191,1280600,0.0,0.0
2010-11-02 00:00:00-04:00,10.844919779264051,10.86819267272949,10.658741070391084,10.868192672729492,749600,0.0,0.0
2010-11-03 00:00:00-04:00,10.868194099732648,11.271581355255833,10.868194099732648,11.263824462890625,1883100,0.0,0.0
2010-11-04 00:00:00-04:00,11.488790631217661,11.574122365806728,11.341398578971926,11.55860710144043,1113400,0.0,0.0
2010-11-05 00:00:00-04:00,11.535330236016872,12.016292137917235,11.42672564921038,11.84562873840332,2094300,0.0,0.0
2010-11-08 00:00:00-05:00,11.806844199059785,12.148171820747892,11.783571306361113,12.039567947387695,964300,0.0,0.0
2010-11-09 00:00:00-05:00,12.093871209527968,12.171445307600278,11.806845493062607,11.868905067443848,613100,0.0,0.0
2010-11-10 00:00:00-05:00,11.845628583476094,12.117138937228942,11.830113325645993,12.086109161376953,739600,0.0,0.0
2010-11-11 00:00:00-05:00,11.946472753228756,12.11713686107719,11.876656324380296,11.969745635986328,583300,0.0,0.0
2010-11-12 00:00:00-05:00,11.84562770643568,11.977503689186486,11.597388778190961,11.651691436767578,803800,0.0,0.0
2010-11-15 00:00:00-05:00,11.729267787816156,11.923204095299507,11.667208228606146,11.674965858459473,388800,0.0,0.0
2010-11-16 00:00:00-05:00,11.5973895138494,11.74478150243926,11.418968489544861,11.519815444946289,901200,0.0,0.0
2010-11-17 00:00:00-05:00,11.519814714208614,11.837870078095,11.44223991041811,11.651691436767578,524800,0.0,0.0
2010-11-18 00:00:00-05:00,11.845629789322846,12.217987137451484,11.713753043575215,11.72150993347168,558900,0.0,0.0
2010-11-19 00:00:00-05:00,11.667208659226777,11.77581326175689,11.512059755475423,11.713753700256348,346200,0.0,0.0
2010-11-22 00:00:00-05:00,11.744785076306718,11.853388953780222,11.574120889094662,11.791329383850098,482400,0.0,0.0
2010-11-23 00:00:00-05:00,11.612904621047997,11.7835680143085,11.512057666953229,11.760295867919922,576800,0.0,0.0
2010-11-24 00:00:00-05:00,11.845626553844951,12.055077320006502,11.791323900552035,11.969745635986328,392100,0.0,0.0
2010-11-26 00:00:00-05:00,11.861144813680909,11.938719634413086,11.775813102722168,11.775813102722168,225000,0.0,0.0
2010-11-29 00:00:00-05:00,11.690480776557408,11.907689980999292,11.550847133482858,11.89217472076416,807900,0.0,0.0
2010-11-30 00:00:00-05:00,11.760293656292577,11.853382964148818,11.620659324604187,11.705991744995117,655700,0.0,0.0
2010-12-01 00:00:00-05:00,11.969752693843509,12.093871849170629,11.814603009876084,11.946479797363281,538500,0.0,0.0
2010-12-02 00:00:00-05:00,11.946476144983299,12.318834236932648,11.876659696313071,12.303318977355957,730600,0.0,0.0
2010-12-03 00:00:00-05:00,12.210228311726919,12.567071845108988,12.186956164700511,12.551556587219238,723500,0.0,0.0
2010-12-06 00:00:00-05:00,12.505012595906148,12.629131702796135,12.427437784195789,12.512768745422363,531400,0.0,0.0
2010-12-07 00:00:00-05:00,12.6524076461792,12.737740117611997,12.567076654363397,12.6524076461792,410700,0.0,0.0
2010-12-08 00:00:00-05:00,12.698950059523519,12.761009618706561,12.543800421757608,12.55931568145752,307600,0.0,0.0
2010-12-09 00:00:00-05:00,12.613616353169112,12.79203738307909,12.50501250533112,12.76876449584961,463100,0.0,0.0
2010-12-10 00:00:00-05:00,12.823070674143315,13.032520786065295,12.729980584698277,12.846342086791992,407800,0.0,0.0
2010-12-13 00:00:00-05:00,12.908399152998348,12.91615678225093,12.652403306129104,12.737735748291016,416400,0.0,0.0
2010-12-14 00:00:00-05:00,12.776520875911649,13.086820090171146,12.776520875911649,13.079062461853027,430600,0.0,0.0
2010-12-15 00:00:00-05:00,13.063548623747812,13.110092919094315,12.729977967928846,12.799795150756836,650900,0.0,0.0
2010-12-16 00:00:00-05:00,12.838584603189016,13.10233813342012,12.838584603189016,13.071309089660645,304900,0.0,0.0
2010-12-17 00:00:00-05:00,13.094584018989206,13.148887449480291,12.939435799294818,13.102341651916504,594000,0.0,0.0
2010-12-20 00:00:00-05:00,13.094580746410333,13.24973040694713,13.086824595038632,13.218701362609863,306800,0.0,0.0
2010-12-21 00:00:00-05:00,13.218700115085262,13.28851582815941,13.071308099447219,13.24972915649414,399600,0.0,0.0
2010-12-22 00:00:00-05:00,13.24972833861694,13.36608982604668,13.210941669345889,13.28075885772705,416000,0.0,0.0
2010-12-23 00:00:00-05:00,13.234213385972744,13.40487828580302,13.210941975717068,13.241971015930176,395400,0.0,0.0
2010-12-27 00:00:00-05:00,13.21094157753903,13.443664550781248,13.086822461194304,13.44366455078125,400900,0.0,0.0
2010-12-28 00:00:00-05:00,13.43590768233729,13.443665312500453,13.203184695908966,13.311788558959961,503100,0.0,0.0
2010-12-29 00:00:00-05:00,13.304031947815812,13.459181603729451,13.304031947815812,13.32730484008789,137900,0.0,0.0
2010-12-30 00:00:00-05:00,13.296274771382054,13.606574093812025,13.296274771382054,13.513484001159668,561500,0.0,0.0
2010-12-31 00:00:00-05:00,13.513484001159668,13.637603138284927,13.45918206361947,13.513484001159668,247400,0.0,0.0
2011-01-03 00:00:00-05:00,13.373845464405475,13.404875978895019,12.923913361621656,13.265241622924805,1032800,0.0,0.0
2011-01-04 00:00:00-05:00,13.304028442065365,13.327301328204793,12.892884477583467,13.110092163085938,1036100,0.0,0.0
2011-01-05 00:00:00-05:00,13.094579510599708,13.350575390593846,12.962702755474444,13.24972915649414,541400,0.0,0.0
2011-01-06 00:00:00-05:00,13.23421126326346,13.350572734727837,13.063547870423463,13.110092163085938,339500,0.0,0.0
2011-01-07 00:00:00-05:00,13.110094280547402,13.141124800411834,12.598102539717285,12.77652359008789,628800,0.0,0.0
2011-01-10 00:00:00-05:00,12.737737958487372,13.063551045547019,12.629134089339738,12.985976219177246,401600,0.0,0.0
2011-01-11 00:00:00-05:00,13.01700562784571,13.141124747571101,12.954946067983016,13.04803466796875,302400,0.0,0.0
2011-01-12 00:00:00-05:00,13.218701845263379,13.22645799691828,13.040279285246287,13.117854118347168,341600,0.0,0.0
2011-01-13 00:00:00-05:00,13.141124747571101,13.141124747571101,12.92391554824336,13.04803466796875,479900,0.0,0.0
2011-01-14 00:00:00-05:00,13.01700837612604,13.156641305585332,12.95494880316071,13.125612258911133,370000,0.0,0.0
2011-01-18 00:00:00-05:00,13.079065315128604,13.234213476488533,12.978217604608849,13.164396286010742,657800,0.0,0.0
2011-01-19 00:00:00-05:00,13.133368573600844,13.203185771138385,12.854099783450682,12.861857414245605,567800,0.0,0.0
2011-01-20 00:00:00-05:00,12.78427937219978,13.079063349836968,12.776521743354968,12.885127067565918,457800,0.0,0.0
2011-01-21 00:00:00-05:00,12.985974105814721,13.00148936448704,12.78428018192407,12.854097366333008,354800,0.0,0.0
2011-01-24 00:00:00-05:00,12.854095828034543,13.26524125594867,12.761007246373895,13.19542407989502,593300,0.0,0.0
2011-01-25 00:00:00-05:00,13.179914856020245,13.241974432073114,13.071310967831979,13.156641960144043,549700,0.0,0.0
2011-01-26 00:00:00-05:00,13.218704334222748,13.490214081773292,13.0713122715402,13.435912132263184,529200,0.0,0.0
2011-01-27 00:00:00-05:00,13.482450674068694,13.823778970009421,13.459179265456351,13.707417488098145,555800,0.0,0.0
2011-01-28 00:00:00-05:00,13.65311791522784,13.65311791522784,13.094580338392467,13.133368492126465,954100,0.0,0.0
2011-01-31 00:00:00-05:00,13.179909341887841,13.23421126326346,13.01700357776099,13.110092163085938,501000,0.0,0.0
2011-02-01 00:00:00-05:00,13.195428058484087,13.513483521018998,13.125610861379664,13.133368492126465,867400,0.0,0.0
2011-02-02 00:00:00-05:00,13.117851658872969,13.296272705820911,12.892886312637863,12.916157722473145,854200,0.0,0.0
2011-02-03 00:00:00-05:00,12.954943660030827,13.404875755310059,12.954943660030827,13.404875755310059,739800,0.0,0.0
2011-02-04 00:00:00-05:00,13.412635656731613,14.002200725944423,13.31178794884921,13.93238353729248,750000,0.0,0.0
2011-02-07 00:00:00-05:00,13.963412336874269,14.444374968397826,13.932381821465336,14.42885971069336,715600,0.0,0.0
2011-02-08 00:00:00-05:00,14.444376025822772,15.026184915784835,14.421103137562342,14.816733360290527,984700,0.0,0.0
2011-02-09 00:00:00-05:00,14.708131179392781,14.909825148681945,14.708131179392781,14.777948379516602,903600,0.0,0.0
2011-02-10 00:00:00-05:00,14.638312981313106,14.78570350807997,14.59176720269733,14.762432098388672,866700,0.0,0.0
2011-02-11 00:00:00-05:00,14.700373704037414,15.158063539356226,14.661585552119131,15.08824634552002,651400,0.0,0.0
2011-02-14 00:00:00-05:00,15.10376047461323,15.375271625829146,15.010671867098294,15.158063888549805,707900,0.0,0.0
2011-02-15 00:00:00-05:00,15.251154387947757,15.817448172697858,15.204610078416536,15.631269454956055,1136300,0.0,0.0
2011-02-16 00:00:00-05:00,16.57767385191099,17.143967433941203,16.259616991723306,16.290647506713867,2078200,0.0,0.0
2011-02-17 00:00:00-05:00,16.17428957023537,16.422527825956163,16.1277452671919,16.143259048461914,1323500,0.0,0.0
2011-02-18 00:00:00-05:00,16.228590864283507,16.825915068336347,16.189804193211675,16.391496658325195,633700,0.0,0.0
2011-02-22 00:00:00-05:00,16.151013965793105,16.25961781452306,15.910533380912574,15.995865821838379,593600,0.0,0.0
2011-02-23 00:00:00-05:00,16.06568827631528,16.06568827631528,15.289942791692804,15.607999801635742,781100,0.0,0.0
2011-02-24 00:00:00-05:00,15.607993513707594,15.716597364324485,15.359753815757353,15.491630554199219,817500,0.0,0.0
2011-02-25 00:00:00-05:00,15.607997998998261,15.848478657164257,15.483877374546188,15.724359512329102,597900,0.0,0.0
2011-02-28 00:00:00-05:00,15.879504722471863,15.972594803430692,15.708841300266759,15.801931381225586,371800,0.0,0.0
2011-03-01 00:00:00-05:00,15.918295576648042,15.918295576648042,15.251154075367303,15.282184600830078,764500,0.0,0.0
2011-03-02 00:00:00-05:00,15.266664776537644,15.623506835036563,15.227876631298773,15.592477798461914,440800,0.0,0.0
2011-03-03 00:00:00-05:00,15.693322467654625,15.95707591077624,15.514901456018327,15.662293434143066,391400,0.0,0.0
2011-03-04 00:00:00-05:00,15.732113144363513,15.77865744193982,15.26666572975081,15.414057731628418,449200,0.0,0.0
2011-03-07 00:00:00-05:00,15.522664422501451,15.677812602646881,14.80122101995561,15.111518859863281,1070900,0.0,0.0
2011-03-08 00:00:00-05:00,15.173578744451776,15.545937639727313,14.956370991792626,15.468362808227539,689800,0.0,0.0
2011-03-09 00:00:00-05:00,15.414057044973546,15.957077771484466,15.297694086791621,15.825201034545898,965600,0.0,0.0
2011-03-10 00:00:00-05:00,15.553690872575919,15.83295962172365,15.460602275937719,15.73987102508545,1136300,0.0,0.0
2011-03-11 00:00:00-05:00,15.545930924992625,16.143253466421342,15.41405421228941,16.081193923950195,1032300,0.0,0.0
2011-03-14 00:00:00-04:00,15.770896023284239,15.887257479076217,14.979635756512888,15.080483436584473,1028700,0.0,0.0
2011-03-15 00:00:00-04:00,14.63830979099791,15.049453721848607,14.591764022526451,14.964122772216797,1288400,0.0,0.0
2011-03-16 00:00:00-04:00,14.855521557096342,14.894309708190157,14.2892278676767,14.55298137664795,1254200,0.0,0.0
2011-03-17 00:00:00-04:00,14.785699100799226,15.0184234856585,14.669337648177661,14.739154815673828,917100,0.0,0.0
2011-03-18 00:00:00-04:00,14.940850769296357,14.940850769296357,14.428859122839603,14.498676300048828,3445000,0.0,0.0
2011-03-21 00:00:00-04:00,14.739158545705616,15.049456324428744,14.591766545955933,14.816733360290527,880100,0.0,0.0
2011-03-22 00:00:00-04:00,14.871038210704157,14.940855409597068,14.506438433965368,14.638315200805664,784000,0.0,0.0
2011-03-23 00:00:00-04:00,14.58400575836321,15.049453065463355,14.320252333660335,15.018424034118652,1148500,0.0,0.0
2011-03-24 00:00:00-04:00,15.049461461003295,15.31321503284457,14.971886619941094,15.165822982788086,516700,0.0,0.0
2011-03-25 00:00:00-04:00,15.196853887380342,15.716603411865554,15.196853887380342,15.44509220123291,699200,0.0,0.0
2011-03-28 00:00:00-04:00,15.46060624150835,15.701086904058483,15.07273353692306,15.196852684020996,423600,0.0,0.0
2011-03-29 00:00:00-04:00,15.17357457937602,15.569204779771045,15.095999769170172,15.383026123046875,412000,0.0,0.0
2011-03-30 00:00:00-04:00,15.499391308142979,15.895021603227425,15.445089371887292,15.832962036132812,372300,0.0,0.0
2011-03-31 00:00:00-04:00,15.770897043455664,15.887258506774712,15.414055025328413,15.530416488647461,556500,0.0,0.0
2011-04-01 00:00:00-04:00,15.685570009426813,16.026898368255573,15.66229859652683,15.832962036132812,327000,0.0,0.0
2011-04-04 00:00:00-04:00,15.895017491898786,15.957077042941373,15.445085376935927,15.507144927978516,272100,0.0,0.0
2011-04-05 00:00:00-04:00,15.48387642768098,16.174290793175555,15.46836264523797,16.003625869750977,411800,0.0,0.0
2011-04-06 00:00:00-04:00,16.081195678226656,16.282889583164458,15.871744144681664,16.236345291137695,414000,0.0,0.0
2011-04-07 00:00:00-04:00,16.21307532193855,16.69403802479161,16.158773391536048,16.337194442749023,373300,0.0,0.0
2011-04-08 00:00:00-04:00,16.438045334118105,16.46907438051688,15.786419083957654,15.918295860290527,377500,0.0,0.0
2011-04-11 00:00:00-04:00,15.895019982567774,16.08895629491675,15.677810780074935,15.801931381225586,259400,0.0,0.0
2011-04-12 00:00:00-04:00,15.631262231413222,15.840713746937041,15.018424420337446,15.173572540283203,771500,0.0,0.0
2011-04-13 00:00:00-04:00,15.31320649016623,15.31320649016623,14.878789694026988,15.018424034118652,619500,0.0,0.0
2011-04-14 00:00:00-04:00,14.917580775117209,15.158062867501501,14.6227982316875,15.142547607421875,725300,0.0,0.0
2011-04-15 00:00:00-04:00,15.127033792023623,15.181335727871689,14.886553156289278,14.95637035369873,515100,0.0,0.0
2011-04-18 00:00:00-04:00,14.684853439369945,15.033937809982904,14.599521013843662,15.018424034118652,494100,0.0,0.0
2011-04-19 00:00:00-04:00,15.127031139013658,15.20460595359857,14.754673804545902,14.816733360290527,407700,0.0,0.0
2011-04-20 00:00:00-04:00,15.04945518418328,15.514902556810888,15.026183777302565,15.507144927978516,442400,0.0,0.0
2011-04-21 00:00:00-04:00,15.662297081607901,15.85623339497238,15.351999276148067,15.809687614440918,527800,0.0,0.0
2011-04-25 00:00:00-04:00,15.825202011164732,15.895019198535916,15.406300366554193,15.646780967712402,304900,0.0,0.0
2011-04-26 00:00:00-04:00,15.662299642835455,15.840720725199656,15.483877080854363,15.755388259887695,440500,0.0,0.0
2011-04-27 00:00:00-04:00,15.778655849942412,16.135497894717872,15.739869185811651,15.933805465698242,596900,0.0,0.0
2011-04-28 00:00:00-04:00,17.299118653094705,17.919715746961252,16.399254272624038,17.88868522644043,1412600,0.0,0.0
2011-04-29 00:00:00-04:00,18.00505075256246,18.02832364816656,17.407727894893885,17.438756942749023,911000,0.0,0.0
2011-05-02 00:00:00-04:00,17.493054838917804,17.53184298928372,16.92676116012522,17.02760887145996,605100,0.0,0.0
2011-05-03 00:00:00-04:00,17.012092163776178,17.136211275152682,16.70955201474801,16.926759719848633,373100,0.0,0.0
2011-05-04 00:00:00-04:00,16.895733028452693,17.066396460394618,16.763856269346793,16.919004440307617,506600,0.0,0.0
2011-05-05 00:00:00-04:00,16.79488458966732,17.13621291849393,16.600948274591214,16.872459411621094,648400,0.0,0.0
2011-05-06 00:00:00-04:00,17.12845440958349,17.15172729886064,16.72506653981249,16.794883728027344,479100,0.0,0.0
2011-05-09 00:00:00-04:00,16.756097038886846,16.96554860328187,16.54664547449182,16.88797378540039,234000,0.0,0.0
2011-05-10 00:00:00-04:00,16.973307639040105,17.19051687011259,16.86470376331228,17.081912994384766,438500,0.0,0.0
2011-05-11 00:00:00-04:00,17.04311630356309,17.12844872296581,16.686274330817348,16.825908660888672,361500,0.0,0.0
2011-05-12 00:00:00-04:00,16.756096130719648,17.42323597726213,16.62421939135372,17.260330200195312,426000,0.0,0.0
2011-05-13 00:00:00-04:00,17.24481694474648,17.260332205207476,16.70955377539214,16.810400009155273,547800,0.0,0.0
2011-05-16 00:00:00-04:00,16.678528423645783,16.748345637742045,16.329442353164485,16.399259567260742,508900,0.0,0.0
2011-05-17 00:00:00-04:00,16.34495370110937,16.53113240087304,16.119988327084567,16.282894134521484,294000,0.0,0.0
2011-05-18 00:00:00-04:00,16.259542621790178,16.52417867415681,16.16614253540643,16.493045806884766,311900,0.07,0.0
2011-05-19 00:00:00-04:00,16.625364373831324,16.625364373831324,16.13500870838051,16.337377548217773,528200,0.0,0.0
2011-05-20 00:00:00-04:00,16.25174698795029,16.25174698795029,15.535673756639145,15.551240921020508,1058200,0.0,0.0
2011-05-23 00:00:00-04:00,15.224346360652353,15.621300365790663,15.208780672178811,15.457849502563477,614500,0.0,0.0
2011-05-24 00:00:00-04:00,15.53568893053286,15.644657703067004,15.380021588376584,15.488988876342773,321100,0.0,0.0
2011-05-25 00:00:00-04:00,15.426714648415627,15.6913506431256,15.294396651060643,15.504549026489258,314900,0.0,0.0
2011-05-26 00:00:00-04:00,15.317746667117532,15.667999124614708,15.317746667117532,15.629082679748535,505300,0.0,0.0
2011-05-27 00:00:00-04:00,15.66800431802903,15.815889529760415,15.481202648531983,15.784756660461426,399400,0.0,0.0
2011-05-31 00:00:00-04:00,15.93263616094016,16.181706472096042,15.800318161244064,16.158355712890625,553800,0.0,0.0
2011-06-01 00:00:00-04:00,16.13500388584482,16.298456220330603,15.559031891335659,15.629082679748535,623900,0.0,0.0
2011-06-02 00:00:00-04:00,15.551240921020508,15.738042439897349,15.356655819952985,15.551240921020508,525200,0.0,0.0
2011-06-03 00:00:00-04:00,15.317751308181906,15.691354636535694,14.959713671750446,15.543469429016113,814800,0.0,0.0
2011-06-06 00:00:00-04:00,15.49676847800476,15.566819283546124,15.348883279132151,15.364450454711914,607600,0.0,0.0
2011-06-07 00:00:00-04:00,15.426723900219168,16.033830631810282,15.426723900219168,15.559041976928711,507100,0.0,0.0
2011-06-08 00:00:00-04:00,15.473416540561443,15.597952451182591,15.33331642467664,15.418932914733887,742000,0.0,0.0
2011-06-09 00:00:00-04:00,15.325530392842753,15.924851665913268,15.177645228780936,15.667999267578125,466200,0.0,0.0
2011-06-10 00:00:00-04:00,15.551254420371286,15.590172365107627,15.09203306445702,15.434503555297852,586500,0.0,0.0
2011-06-13 00:00:00-04:00,15.473415886762824,15.62130106816578,14.98306179046631,14.983061790466309,1285400,0.0,0.0
2011-06-14 00:00:00-04:00,15.224344316979675,15.411145914692458,15.115377089455666,15.309962272644043,783100,0.0,0.0
2011-06-15 00:00:00-04:00,15.123166771659433,15.271051986179593,14.796263472733028,14.850747108459473,736200,0.0,0.0
2011-06-16 00:00:00-04:00,14.866313078194294,15.06868191200382,14.368173839367914,14.663944244384766,942800,0.0,0.0
2011-06-17 00:00:00-04:00,14.811826485772603,15.2321297607612,14.757341380796333,15.045328140258789,688800,0.0,0.0
2011-06-20 00:00:00-04:00,14.998627795861587,15.527899785281532,14.897442658995683,15.504549026489258,444500,0.0,0.0
2011-06-21 00:00:00-04:00,15.64465127270295,16.259539767935575,15.613516926327959,16.22840690612793,439200,0.0,0.0
2011-06-22 00:00:00-04:00,16.19727195441588,16.835511185576973,16.0727375427048,16.500825881958008,1095000,0.0,0.0
2011-06-23 00:00:00-04:00,16.251756515815753,16.889997268532465,16.15057285714928,16.835512161254883,772300,0.0,0.0
2011-06-24 00:00:00-04:00,16.851075220004194,16.960043923383598,16.58643927325953,16.757675170898438,745800,0.0,0.0
2011-06-27 00:00:00-04:00,16.773246844569652,17.107933689919978,16.65649599922054,16.944482803344727,437400,0.0,0.0
2011-06-28 00:00:00-04:00,17.00674658570176,17.395916981326206,16.889995763927875,17.37256622314453,808900,0.0,0.0
2011-06-29 00:00:00-04:00,17.465972162918476,17.761741084751105,17.41148853136254,17.567155838012695,586100,0.0,0.0
2011-06-30 00:00:00-04:00,17.590507068714196,17.894059586617246,17.434838273366772,17.699474334716797,717200,0.0,0.0
2011-07-01 00:00:00-04:00,17.69168910393408,17.97967590321881,17.411487376718352,17.886274337768555,996600,0.0,0.0
2011-07-05 00:00:00-04:00,17.855144265891443,17.855144265891443,17.520457373801257,17.66834259033203,1165700,0.0,0.0
2011-07-06 00:00:00-04:00,17.582715154238976,17.637198761439702,17.25581202646768,17.44261360168457,1001800,0.0,0.0
2011-07-07 00:00:00-04:00,17.57493739967852,18.633481494949283,17.57493739967852,18.392194747924805,822500,0.0,0.0
2011-07-08 00:00:00-04:00,18.034157802353548,18.26765946674374,17.70725458146685,18.119775772094727,494900,0.0,0.0
2011-07-11 00:00:00-04:00,17.824010247190174,18.065295563767624,17.598292108344893,17.808443069458008,591200,0.0,0.0
2011-07-12 00:00:00-04:00,17.753956194900606,18.182044597075514,17.72282332968048,18.00302505493164,761700,0.0,0.0
2011-07-13 00:00:00-04:00,18.150915676029662,18.407768200329404,17.964113975136026,18.104215621948242,748900,0.0,0.0
2011-07-14 00:00:00-04:00,18.213176264525035,18.32992709941565,17.676120642547335,17.901840209960938,600500,0.0,0.0
2011-07-15 00:00:00-04:00,18.174262263454985,18.384414685317218,18.096427868183685,18.27544593811035,1858600,0.0,0.0
2011-07-18 00:00:00-04:00,18.135346839047028,18.259881294927947,17.72282701065441,17.94076156616211,790300,0.0,0.0
2011-07-19 00:00:00-04:00,18.205394529050643,18.337712551267852,18.03416005276796,18.259878158569336,1574100,0.0,0.0
2011-07-20 00:00:00-04:00,18.33771307267512,18.33771307267512,18.010809801700365,18.213178634643555,939400,0.0,0.0
2011-07-21 00:00:00-04:00,16.625363929572725,18.39219683883599,16.446344374590776,18.09642791748047,1485500,0.0,0.0
2011-07-22 00:00:00-04:00,18.14313095562285,18.236532542533105,17.956329266370204,18.135347366333008,958400,0.0,0.0
2011-07-25 00:00:00-04:00,17.925189258192436,18.158690905664898,17.86292205322863,18.0263729095459,1250300,0.0,0.0
2011-07-26 00:00:00-04:00,18.057510054945265,18.68018220115683,17.979675665526948,18.6490478515625,1493800,0.0,0.0
2011-07-27 00:00:00-04:00,18.477812906660976,18.485596493859116,17.870706466313106,17.917407989501953,995700,0.0,0.0
2011-07-28 00:00:00-04:00,17.886275032002377,18.01859305552828,17.50488813703185,17.543806076049805,860800,0.0,0.0
2011-07-29 00:00:00-04:00,17.27138337277264,17.56715223392515,17.045663820272388,17.224681854248047,1077100,0.0,0.0
2011-08-01 00:00:00-04:00,17.473756706204476,17.473756706204476,16.55531405385826,16.710981369018555,904800,0.0,0.0
2011-08-02 00:00:00-04:00,16.594227209978982,16.858863226124924,15.91707148039238,15.955987930297852,1236400,0.0,0.0
2011-08-03 00:00:00-04:00,16.018257798223846,16.041608562781327,15.450069221767274,15.854806900024414,1095400,0.0,0.0
2011-08-04 00:00:00-04:00,15.636871743605536,15.636871743605536,14.850747108459473,14.850747108459473,1295900,0.0,0.0
2011-08-05 00:00:00-04:00,15.123161665353225,15.309963275299722,14.500488147631005,14.928576469421387,1800400,0.0,0.0
2011-08-08 00:00:00-04:00,14.490882613758336,14.928578736952277,13.795256740834242,13.803072929382324,2220900,0.08,0.0
2011-08-09 00:00:00-04:00,14.186061174989696,14.428357124328613,13.404459991896204,14.428357124328613,2272100,0.0,0.0
2011-08-10 00:00:00-04:00,13.951579904901642,14.02192412302204,13.185611186241514,13.26377010345459,1952500,0.0,0.0
2011-08-11 00:00:00-04:00,13.381008631193028,14.264217029688401,13.240320224703304,14.021921157836914,1615200,0.0,0.0
2011-08-12 00:00:00-04:00,13.873417952839471,14.248586080536159,13.451352691091483,13.990657806396484,1178900,0.0,0.0
2011-08-15 00:00:00-04:00,14.100083405738582,14.26421890772986,13.834338934222131,14.24077033996582,524300,0.0,0.0
2011-08-16 00:00:00-04:00,14.037550812250302,14.045366999790327,13.466982538896584,13.810887336730957,787100,0.0,0.0
2011-08-17 00:00:00-04:00,13.92031299788349,14.053185223747455,13.341928453177278,13.64675235748291,666100,0.0,0.0
2011-08-18 00:00:00-04:00,13.10744930950974,13.154344952739931,12.489983795372133,12.701016426086426,1421400,0.0,0.0
2011-08-19 00:00:00-04:00,12.357111523789237,13.162160305066038,12.349295335283452,12.599408149719238,1065200,0.0,0.0
2011-08-22 00:00:00-04:00,12.91986537883653,12.91986537883653,12.294583669257893,12.42745590209961,604900,0.0,0.0
2011-08-23 00:00:00-04:00,12.489984088412578,13.154345261367643,12.130448330569635,13.138712882995605,818900,0.0,0.0
2011-08-24 00:00:00-04:00,13.060554373812247,13.521699167087071,12.91986742044161,13.310667991638184,399600,0.0,0.0
2011-08-25 00:00:00-04:00,13.420093706695289,13.670205871609259,12.661941020451554,12.716652870178223,493500,0.0,0.0
2011-08-26 00:00:00-04:00,12.59940877670886,13.349745021177224,12.380559960012787,13.193424224853516,940700,0.0,0.0
2011-08-29 00:00:00-04:00,13.451353641549176,13.935946958820772,13.381010917073127,13.881235122680664,522000,0.0,0.0
2011-08-30 00:00:00-04:00,13.748360372834018,14.139160834845706,13.466983563134258,14.037551879882812,587500,0.0,0.0
2011-08-31 00:00:00-04:00,14.13134692065606,14.342379561889185,14.068818896303915,14.256402969360352,651700,0.0,0.0
2011-09-01 00:00:00-04:00,14.201690681141157,14.412723315638992,13.90468294764415,13.920313835144043,866500,0.0,0.0
2011-09-02 00:00:00-04:00,13.490436752850968,13.693653241665835,13.060555202778222,13.130899429321289,480700,0.0,0.0
2011-09-06 00:00:00-04:00,12.708833253189809,13.412273900104378,12.591593393834996,13.357562065124512,917100,0.0,0.0
2011-09-07 00:00:00-04:00,13.826520797702319,14.56904078289573,13.818704609548435,14.514328956604004,1116400,0.0,0.0
2011-09-08 00:00:00-04:00,14.358011120413188,14.545595182753113,13.748361799719229,13.78744125366211,640100,0.0,0.0
2011-09-09 00:00:00-04:00,13.670200094903631,13.803072312713761,13.255951065075473,13.65456771850586,840200,0.0,0.0
2011-09-12 00:00:00-04:00,13.310667057385592,13.83433984566475,13.224690460705416,13.818707466125488,728500,0.0,0.0
2011-09-13 00:00:00-04:00,13.842154442655733,14.670652662702835,13.75617933739481,14.318931579589844,929900,0.0,0.0
2011-09-14 00:00:00-04:00,14.45962117840286,14.733181877232523,14.029741145089018,14.5299654006958,473100,0.0,0.0
2011-09-15 00:00:00-04:00,14.75662398574647,14.795704924289971,14.451800119034024,14.522144317626953,480100,0.0,0.0
2011-09-16 00:00:00-04:00,14.631566969734466,15.069264506967043,14.569038963099137,14.991104125976562,874300,0.0,0.0
2011-09-19 00:00:00-04:00,14.600306974215085,14.615939352063254,14.037553297965813,14.373641967773438,549800,0.0,0.0
2011-09-20 00:00:00-04:00,14.45962020976556,14.639388103233518,13.92031503857591,13.93594741821289,296900,0.0,0.0
2011-09-21 00:00:00-04:00,13.951578834950896,14.04537012472802,12.990209915414171,13.037105560302734,621300,0.0,0.0
2011-09-22 00:00:00-04:00,12.497802718831915,12.646307360802824,12.060106474417916,12.185162544250488,1160100,0.0,0.0
2011-09-23 00:00:00-04:00,12.278953674921231,12.56814600104945,11.96631352380773,12.497801780700684,1743400,0.0,0.0
2011-09-26 00:00:00-04:00,12.615039266211072,12.732280605152361,12.083551109793248,12.724464416503906,644000,0.0,0.0
2011-09-27 00:00:00-04:00,13.076184645438456,13.795257640094917,13.076184645438456,13.381010055541992,846700,0.0,0.0
2011-09-28 00:00:00-04:00,13.36538185696862,13.412277515193464,12.661941020451554,12.716652870178223,1066200,0.0,0.0
2011-09-29 00:00:00-04:00,13.107450050746035,13.17779426496215,12.349296818650899,12.857337951660156,862000,0.0,0.0
2011-09-30 00:00:00-04:00,12.55251278858509,12.771361625248119,12.435272926038579,12.505617141723633,686300,0.0,0.0
2011-10-03 00:00:00-04:00,12.411826805688843,12.497802666993886,11.75528169639807,11.770914077758789,734000,0.0,0.0
2011-10-04 00:00:00-04:00,11.622407518155743,13.357562056985337,11.622407518155743,13.271585464477539,1301500,0.0,0.0
2011-10-05 00:00:00-04:00,13.295035196759212,13.795259435253518,13.005842127138552,13.568595886230469,994900,0.0,0.0
2011-10-06 00:00:00-04:00,13.506064503806698,14.107896082307754,13.396639360709317,14.037551879882812,639200,0.0,0.0
2011-10-07 00:00:00-04:00,14.107897546507681,14.287666910687516,13.654569023156462,13.78744125366211,522500,0.0,0.0
2011-10-10 00:00:00-04:00,14.076635061918312,14.483067964913568,13.998474658913734,14.451803207397461,452300,0.0,0.0
2011-10-11 00:00:00-04:00,14.248588881241112,14.553414349348632,13.928132522829701,14.467437744140625,474600,0.0,0.0
2011-10-12 00:00:00-04:00,14.600311529075636,14.96766357839685,14.358015559982329,14.842607498168945,602200,0.0,0.0
2011-10-13 00:00:00-04:00,14.73317559208397,14.936391981928915,14.436166448931653,14.584671020507812,384700,0.0,0.0
2011-10-14 00:00:00-04:00,14.803523612882868,15.319380162522105,14.592490981452556,14.889498710632324,550400,0.0,0.0
2011-10-17 00:00:00-04:00,14.75662879535103,14.936398189672344,14.26422073549612,14.295485496520996,466700,0.0,0.0
2011-10-18 00:00:00-04:00,14.287670101195307,14.850422413880471,13.865604748591979,14.709733963012695,576700,0.0,0.0
2011-10-19 00:00:00-04:00,14.655019667225096,15.006740735552775,14.443987026228488,14.537779808044434,426300,0.0,0.0
2011-10-20 00:00:00-04:00,14.576857707061126,14.967658189774752,14.318929448101555,14.866050720214844,468500,0.0,0.0
2011-10-21 00:00:00-04:00,15.163057703488912,15.796154037684099,15.03018548611111,15.68673038482666,648100,0.0,0.0
2011-10-24 00:00:00-04:00,15.678911860544643,16.61683343061534,15.63201622927668,16.491777420043945,531700,0.0,0.0
2011-10-25 00:00:00-04:00,16.358907949760848,16.593387635977496,16.030635494586246,16.179140090942383,438800,0.0,0.0
2011-10-26 00:00:00-04:00,16.41361977715903,16.444884530406846,15.741442490185925,16.179140090942383,418000,0.0,0.0
2011-10-27 00:00:00-04:00,16.843503413877176,17.20304070160033,16.530863266369533,16.75752830505371,732100,0.0,0.0
2011-10-28 00:00:00-04:00,16.780972292715077,17.01545347823528,16.01500369974395,16.437068939208984,599900,0.0,0.0
2011-10-31 00:00:00-04:00,16.12442310819735,16.397983673802273,15.93683910369873,15.93683910369873,455700,0.0,0.0
2011-11-01 00:00:00-04:00,15.077079575390792,15.827415599338092,14.998919200199992,15.47569465637207,823300,0.0,0.0
2011-11-02 00:00:00-04:00,16.04626956674991,17.335910958783266,15.827420743246874,16.952926635742188,2065400,0.0,0.0
2011-11-03 00:00:00-04:00,17.2968306362351,17.546944225300233,16.26511748543959,16.82005500793457,1072800,0.0,0.0
2011-11-04 00:00:00-04:00,16.780977418280138,16.921665874406894,16.44489015071578,16.76534652709961,754100,0.0,0.0
2011-11-07 00:00:00-05:00,16.765345321672104,16.968560309481827,16.405808016222668,16.835689544677734,450800,0.0,0.0
2011-11-08 00:00:00-05:00,17.0545373263717,17.15614631352331,16.30420091718719,16.913848876953125,668700,0.0,0.0
2011-11-09 00:00:00-05:00,16.348741327381383,16.490017296605917,15.752243622328624,15.830730438232422,523800,0.09,0.0
2011-11-10 00:00:00-05:00,16.183920933792308,16.183920933792308,15.595272039207906,15.736546516418457,741200,0.0,0.0
2011-11-11 00:00:00-05:00,16.097591368931756,16.694089320580066,15.869979658415954,16.403688430786133,718300,0.0,0.0
2011-11-14 00:00:00-05:00,16.285954101791777,16.552808409244722,15.972008298027042,16.144678115844727,395700,0.0,0.0
2011-11-15 00:00:00-05:00,16.003405123547008,16.4036866596044,15.956313618426126,16.301654815673828,378000,0.0,0.0
2011-11-16 00:00:00-05:00,16.08973245964213,16.40367815945242,15.68945113100481,15.744391441345215,342800,0.0,0.0
2011-11-17 00:00:00-05:00,15.7993379914106,15.924917817941873,15.399058001699546,15.610970497131348,421700,0.0,0.0
2011-11-18 00:00:00-05:00,15.658063888549805,15.822884888823559,15.453998723678628,15.658063888549805,352700,0.0,0.0
2011-11-21 00:00:00-05:00,15.304871928296235,15.375509918495453,14.951681977300135,15.273476600646973,430700,0.0,0.0
2011-11-22 00:00:00-05:00,15.194989583846189,15.556026829547694,15.100805108395845,15.477540016174316,373800,0.0,0.0
2011-11-23 00:00:00-05:00,15.210685514581229,15.273474664910333,14.54355135371378,14.551400184631348,492100,0.0,0.0
2011-11-25 00:00:00-05:00,14.39443117673727,14.543556017973968,14.096181494263872,14.12757682800293,360000,0.0,0.0
2011-11-28 00:00:00-05:00,14.794706255199143,15.100803140758236,14.676976798984974,14.84964656829834,427000,0.0,0.0
2011-11-29 00:00:00-05:00,14.92029092779019,15.030171601021019,14.62204124757523,14.967382431030273,382800,0.0,0.0
2011-11-30 00:00:00-05:00,15.838577767364969,15.932760739907845,15.501085538895058,15.92491340637207,586700,0.0,0.0
2011-12-01 00:00:00-05:00,15.81503686737983,16.28595638762932,15.42260418334057,15.807188034057617,517100,0.0,0.0
2011-12-02 00:00:00-05:00,16.081888197517234,16.20746651310747,15.767942408541641,15.862125396728516,448000,0.0,0.0
2011-12-05 00:00:00-05:00,16.246707461448285,16.513561703590778,16.144674164564286,16.38013458251953,466100,0.0,0.0
2011-12-06 00:00:00-05:00,16.348746648393888,16.38014198377822,16.121136454905432,16.18392562866211,382800,0.0,0.0
2011-12-07 00:00:00-05:00,16.348747396297032,16.607752937018496,15.869978988867755,16.246715545654297,534300,0.0,0.0
2011-12-08 00:00:00-05:00,16.097587607960268,16.238863602581976,15.744397621406002,15.877824783325195,427200,0.0,0.0
2011-12-09 00:00:00-05:00,15.948460023102859,16.51356390388165,15.815032884253588,16.356590270996094,652000,0.0,0.0
2011-12-12 00:00:00-05:00,16.097589953367184,16.278108640791128,15.807189089110064,16.18392562866211,383500,0.0,0.0
2011-12-13 00:00:00-05:00,16.348740607372715,16.36443826926444,15.406901852029312,15.493237495422363,371300,0.0,0.0
2011-12-14 00:00:00-05:00,15.289173041185057,15.540329654237638,15.022318765563815,15.249930381774902,438300,0.0,0.0
2011-12-15 00:00:00-05:00,15.53248327193474,15.642363922626842,15.234233652896766,15.344114303588867,418800,0.0,0.0
2011-12-16 00:00:00-05:00,15.556026458740233,15.893518700292972,15.399054332746658,15.556026458740234,560600,0.0,0.0
2011-12-19 00:00:00-05:00,15.689456377189643,15.689456377189643,14.417975493551888,14.50430965423584,698400,0.0,0.0
2011-12-20 00:00:00-05:00,14.904589200783317,15.320568274284867,14.802557388722969,15.257779121398926,485900,0.0,0.0
2011-12-21 00:00:00-05:00,15.140052856039887,15.328420354625209,14.763316361857434,15.226387023925781,341100,0.0,0.0
2011-12-22 00:00:00-05:00,15.265624581547744,15.563872617641366,15.140046303507148,15.171440124511719,268000,0.0,0.0
2011-12-23 00:00:00-05:00,15.179293714138392,15.34411469437422,15.155747218242576,15.218536376953125,196300,0.0,0.0
2011-12-27 00:00:00-05:00,15.155749024829808,15.39905835372118,15.06156602404305,15.226387023925781,136700,0.0,0.0
2011-12-28 00:00:00-05:00,15.218534355437805,15.257778510051267,14.928135096355327,14.959528923034668,188300,0.0,0.0
2011-12-29 00:00:00-05:00,15.038019911946503,15.20284241307839,14.912441576327847,15.147900581359863,156400,0.0,0.0
2011-12-30 00:00:00-05:00,15.132200515461259,15.242081156579168,15.02231837733189,15.108654022216797,147800,0.0,0.0
2012-01-03 00:00:00-05:00,15.532482213821568,15.697303178631687,15.320568261627283,15.351962089538574,444500,0.0,0.0
2012-01-04 00:00:00-05:00,15.202839365324465,15.406902997036713,15.030168065705809,15.116503715515137,239500,0.0,0.0
2012-01-05 00:00:00-05:00,14.943837447116694,15.053718120488702,14.496462926219447,14.92029094696045,638500,0.0,0.0
2012-01-06 00:00:00-05:00,14.967377927043906,15.022318247126668,14.543551531397279,14.582794189453125,419900,0.0,0.0
2012-01-09 00:00:00-05:00,14.676982571295829,15.171447080667804,14.57494923797327,15.147900581359863,350600,0.0,0.0
2012-01-10 00:00:00-05:00,15.493245638017342,15.79934272072049,15.438305289533416,15.618824005126953,401200,0.0,0.0
2012-01-11 00:00:00-05:00,15.540329841411662,15.697303474965928,15.43829802750945,15.548178672790527,238500,0.0,0.0
2012-01-12 00:00:00-05:00,15.5874243520761,15.862125992108329,15.54818019134888,15.846429824829102,333200,0.0,0.0
2012-01-13 00:00:00-05:00,15.736548990444513,16.584203472029834,15.54818149420464,16.513566970825195,783300,0.0,0.0
2012-01-17 00:00:00-05:00,16.686235731317808,16.686235731317808,16.419381421172584,16.568506240844727,388400,0.0,0.0
2012-01-18 00:00:00-05:00,16.568509170641526,17.38476841300353,16.43508199197509,17.34552574157715,524200,0.0,0.0
2012-01-19 00:00:00-05:00,17.369064331054688,17.502491460445118,17.125756564640866,17.369064331054688,737800,0.0,0.0
2012-01-20 00:00:00-05:00,17.369067693810656,17.424009519970824,17.000181557376845,17.188549041748047,280300,0.0,0.0
2012-01-23 00:00:00-05:00,17.141454226218894,17.424006146577785,17.094362738496216,17.369064331054688,252400,0.0,0.0
2012-01-24 00:00:00-05:00,17.219942670810703,17.65946675761477,17.14145585248566,17.298429489135742,497500,0.0,0.0
2012-01-25 00:00:00-05:00,17.267026937958995,17.635912883618737,17.204237808974128,17.588821411132812,366300,0.0,0.0
2012-01-26 00:00:00-05:00,17.683016759577566,17.957718432683965,17.55743842415411,17.7301082611084,552400,0.0,0.0
2012-01-27 00:00:00-05:00,17.612377565901976,18.271664530728,17.533890737325212,18.106842041015625,512400,0.0,0.0
2012-01-30 00:00:00-05:00,17.934170620641606,18.130386926125624,17.80074347303201,17.989110946655273,290200,0.0,0.0
2012-01-31 00:00:00-05:00,18.161778591511627,18.161778591511627,17.502491763917245,17.56528091430664,285200,0.0,0.0
2012-02-01 00:00:00-05:00,17.737952524606303,18.34229904377432,17.737952524606303,17.981260299682617,452400,0.0,0.0
2012-02-02 00:00:00-05:00,17.973411468614163,18.357995208899776,17.90277348600951,17.981260299682617,439700,0.0,0.0
2012-02-03 00:00:00-05:00,18.3030597699263,18.860314948317072,18.24811943480577,18.766130447387695,381200,0.0,0.0
2012-02-06 00:00:00-05:00,18.73473233124685,19.07222309802201,18.47572688413337,18.899553298950195,222300,0.0,0.0
2012-02-07 00:00:00-05:00,18.930953325722886,19.189958837157604,18.78182848671142,18.860315322875977,299300,0.0,0.0
2012-02-08 00:00:00-05:00,18.939122017530877,19.27014292743555,18.73420416823112,18.868188858032227,179000,0.1,0.0
2012-02-09 00:00:00-05:00,18.868194035225272,19.151925247805053,18.647512866981025,19.017940521240234,190800,0.0,0.0
2012-02-10 00:00:00-05:00,18.742094845353655,18.860316333834945,18.466243703385462,18.671161651611328,208100,0.0,0.0
2012-02-13 00:00:00-05:00,18.947015043578023,19.104643212515825,18.844555305663885,19.04159164428711,213100,0.0,0.0
2012-02-14 00:00:00-05:00,18.883957369432025,19.530237665341264,18.702684342865243,19.522356033325195,666100,0.0,0.0
2012-02-15 00:00:00-05:00,19.498711399940063,19.703629325315458,18.340138536787855,18.584463119506836,1136200,0.0,0.0
2012-02-16 00:00:00-05:00,18.718439500519487,19.065223642707014,18.52140329525086,19.0336971282959,433700,0.0,0.0
2012-02-17 00:00:00-05:00,19.10463863898531,19.28591166633874,18.93124724368215,18.939128875732422,358700,0.0,0.0
2012-02-21 00:00:00-05:00,19.065229582269428,19.128281127467723,18.726326963103297,18.742090225219727,578500,0.0,0.0
2012-02-22 00:00:00-05:00,18.757850646972656,18.891835358876776,18.57657765535747,18.757850646972656,540300,0.0,0.0
2012-02-23 00:00:00-05:00,18.749974216328717,19.19133508827069,18.726329320177904,18.939128875732422,510400,0.0,0.0
2012-02-24 00:00:00-05:00,18.883955331348155,19.325317657007602,18.773615501567008,19.025821685791016,443400,0.0,0.0
2012-02-27 00:00:00-05:00,18.876074480156493,19.404131721866694,18.876074480156493,19.33319854736328,643200,0.0,0.0
2012-02-28 00:00:00-05:00,19.404131506485996,19.616929524366856,19.19921361611371,19.419893264770508,714400,0.0,0.0
2012-02-29 00:00:00-05:00,19.451420122968955,19.632693124136267,18.954887898402546,18.978532791137695,535000,0.0,0.0
2012-03-01 00:00:00-05:00,19.12828111627469,19.451420473135304,19.02582141584528,19.3253173828125,777100,0.0,0.0
2012-03-02 00:00:00-05:00,19.36472067842241,19.593283429558983,19.07310789632,19.317432403564453,678300,0.0,0.0
2012-03-05 00:00:00-05:00,19.285910016743866,19.285910016743866,19.033703825777717,19.254384994506836,338200,0.0,0.0
2012-03-06 00:00:00-05:00,18.962773876407013,19.00218203999966,18.66327934944156,18.797264099121094,504200,0.0,0.0
2012-03-07 00:00:00-05:00,18.88395372838038,18.907598619869567,18.46623783494254,18.757850646972656,314600,0.0,0.0
2012-03-08 00:00:00-05:00,18.876075100713013,19.041584844483907,18.639630676839328,19.002178192138672,248700,0.0,0.0
2012-03-09 00:00:00-05:00,19.025822978715524,19.25438578824296,18.923364773137127,19.183452606201172,341500,0.0,0.0
2012-03-12 00:00:00-04:00,19.15980834341625,19.19921650322199,18.7105658445039,18.820905685424805,337800,0.0,0.0
2012-03-13 00:00:00-04:00,19.010061819321884,19.238623132804598,18.797262266471794,19.230741500854492,339200,0.0,0.0
2012-03-14 00:00:00-04:00,19.293791930243295,19.821849214025484,19.24650364456254,19.774560928344727,686900,0.0,0.0
2012-03-15 00:00:00-04:00,19.798208771949877,20.412961087175393,19.687867417901725,20.018888473510742,757600,0.0,0.0
2012-03-16 00:00:00-04:00,19.940067713630153,19.97947586522478,19.30167069046993,19.34895896911621,568400,0.0,0.0
2012-03-19 00:00:00-04:00,19.348959285677022,19.5065888880999,18.89183524257143,19.285907745361328,417800,0.0,0.0
2012-03-20 00:00:00-04:00,19.073110741939892,19.356841936686166,18.86031121842965,19.33319854736328,302600,0.0,0.0
2012-03-21 00:00:00-04:00,19.30955759979562,19.50659390183435,19.10463966528322,19.38837242126465,318600,0.0,0.0
2012-03-22 00:00:00-04:00,19.136163530399887,19.348961564485403,18.95488901528393,19.254384994506836,276400,0.0,0.0
2012-03-23 00:00:00-04:00,19.20709244025784,19.28590572996592,18.726323556049433,19.26226234436035,292600,0.0,0.0
2012-03-26 00:00:00-04:00,19.451420918387697,19.92430826955654,19.451420918387697,19.900663375854492,410000,0.0,0.0
2012-03-27 00:00:00-04:00,19.877016595775437,19.92430637869162,19.679980343426593,19.727270126342773,644200,0.0,0.0
2012-03-28 00:00:00-04:00,19.77455618354858,19.861252605883884,19.522350049410026,19.790319442749023,376300,0.0,0.0
2012-03-29 00:00:00-04:00,19.54599508209399,19.735151201905325,19.325315447759547,19.67209815979004,443400,0.0,0.0
2012-03-30 00:00:00-04:00,19.8533744146684,19.884899435261936,19.23862072878679,19.412012100219727,625300,0.0,0.0
2012-04-02 00:00:00-04:00,19.33319744889314,19.640573518765244,19.246501017588788,19.467182159423828,862100,0.0,0.0
2012-04-03 00:00:00-04:00,19.877017824182452,20.476008248732853,19.77455962806671,20.405075073242188,1306500,0.0,0.0
2012-04-04 00:00:00-04:00,20.12922674656147,20.570587585395835,20.113463483643372,20.531179428100586,782600,0.0,0.0
2012-04-05 00:00:00-04:00,20.420845531487448,20.759748266423745,20.38143886600236,20.444490432739258,575700,0.0,0.0
2012-04-09 00:00:00-04:00,20.200162281573743,20.444488393670344,20.018889233193253,20.389318466186523,546100,0.0,0.0
2012-04-10 00:00:00-04:00,20.3499051953825,20.3499051953825,19.616930049538574,19.648456573486328,840800,0.0,0.0
2012-04-11 00:00:00-04:00,19.924311856748922,20.231688013878617,19.806088870221142,20.223806381225586,462500,0.0,0.0
2012-04-12 00:00:00-04:00,20.208039127366355,20.546941748217424,20.07405440524541,20.342023849487305,338500,0.0,0.0
2012-04-13 00:00:00-04:00,20.231686766673675,20.52330114378813,19.979480550395024,20.097702026367188,256400,0.0,0.0
2012-04-16 00:00:00-04:00,20.286856013836616,20.64940356512959,19.963716622068738,20.428722381591797,339300,0.0,0.0
2012-04-17 00:00:00-04:00,20.649400872103,21.177458114731152,20.60999271771739,20.909488677978516,624200,0.0,0.0
2012-04-18 00:00:00-04:00,20.893727603037746,21.185340459675633,20.720336215395424,21.01983070373535,390400,0.0,0.0
2012-04-19 00:00:00-04:00,21.004067294189863,21.19322194392018,20.70457280793375,21.169578552246094,747600,0.0,0.0
2012-04-20 00:00:00-04:00,21.540003415701204,21.737039671425972,21.12228601238845,21.382373809814453,649000,0.0,0.0
2012-04-23 00:00:00-04:00,20.96465714548173,21.16169339402335,20.657279575535057,20.9016056060791,813100,0.0,0.0
2012-04-24 00:00:00-04:00,20.854317365734364,21.138050065654795,20.57846779999771,20.93313217163086,785500,0.0,0.0
2012-04-25 00:00:00-04:00,21.28779136338166,21.476945936189097,20.743971027018468,21.153806686401367,809800,0.0,0.0
2012-04-26 00:00:00-04:00,20.491773715571203,21.20898567535479,20.491773715571203,21.161697387695312,836300,0.0,0.0
2012-04-27 00:00:00-04:00,21.279916124413628,21.500597277250467,20.89372523439969,21.40601921081543,537800,0.0,0.0
2012-04-30 00:00:00-04:00,21.437538880833596,21.437538880833596,20.791258890544853,20.83854866027832,491400,0.0,0.0
2012-05-01 00:00:00-04:00,20.838561678302355,21.532128865068024,20.657287120947437,21.335092544555664,838100,0.0,0.0
2012-05-02 00:00:00-04:00,21.145931909045036,21.492716156513666,20.988302295668184,21.429664611816406,584700,0.0,0.0
2012-05-03 00:00:00-04:00,21.46907479758959,21.610941172328154,20.941017460100305,21.082883834838867,529000,0.0,0.0
2012-05-04 00:00:00-04:00,20.941010609799203,21.26414991176711,20.57846466252483,20.633634567260742,647900,0.0,0.0
2012-05-07 00:00:00-04:00,20.68881112620995,20.972543874129332,20.491774829769856,20.822795867919922,665200,0.0,0.0
2012-05-08 00:00:00-04:00,20.537879414544694,20.71991034806961,19.93638451678372,20.324190139770508,681300,0.11,0.0
2012-05-09 00:00:00-04:00,20.0234413789257,20.55370650367304,19.991784548110132,20.355846405029297,438700,0.0,0.0
2012-05-10 00:00:00-04:00,20.474568497895408,20.806973602349842,20.450824737022554,20.680341720581055,538300,0.0,0.0
2012-05-11 00:00:00-04:00,20.51412864554282,20.97316386985954,20.363754595122018,20.522043228149414,328500,0.0,0.0
2012-05-14 00:00:00-04:00,20.22921472375923,20.403332565155225,19.90472430422462,19.975954055786133,420300,0.0,0.0
2012-05-15 00:00:00-04:00,20.015522717614996,20.4745579579825,19.960120637431604,20.09466552734375,283000,0.0,0.0
2012-05-16 00:00:00-04:00,20.15007240398778,20.569536370763153,20.03927122805017,20.06301498413086,274000,0.0,0.0
2012-05-17 00:00:00-04:00,20.09466724097301,20.09466724097301,19.10536693947489,19.168682098388672,610200,0.0,0.0
2012-05-18 00:00:00-04:00,19.160765048170322,19.311139097314328,18.63841467698826,19.057878494262695,569100,0.0,0.0
2012-05-21 00:00:00-04:00,19.081625557962152,19.69894800779321,19.0341380544732,19.540660858154297,437400,0.0,0.0
2012-05-22 00:00:00-04:00,19.588141687812275,20.07092061246756,19.461511397665333,19.651456832885742,328700,0.0,0.0
2012-05-23 00:00:00-04:00,19.46152135088421,19.865156173240855,19.326976410098663,19.76226806640625,434000,0.0,0.0
2012-05-24 00:00:00-04:00,19.75435011691375,19.983868539577333,19.52483320380281,19.88889503479004,403900,0.0,0.0
2012-05-25 00:00:00-04:00,19.880981049109327,19.92055246038564,19.509003141080633,19.63563346862793,504600,0.0,0.0
2012-05-29 00:00:00-04:00,19.786006476794846,19.944295132430206,19.445686923865576,19.904722213745117,538300,0.0,0.0
2012-05-30 00:00:00-04:00,19.683125599521755,19.77018302670027,19.216175590866975,19.326976776123047,457800,0.0,0.0
2012-05-31 00:00:00-04:00,19.40611774617697,19.55649032581365,18.99456840184437,19.453603744506836,456700,0.0,0.0
2012-06-01 00:00:00-04:00,18.93916117863821,19.113277451169527,18.47221141504517,18.590927124023438,1151800,0.0,0.0
2012-06-04 00:00:00-04:00,18.796700340608567,18.82044408447754,18.100233792191016,18.298093795776367,1062200,0.0,0.0
2012-06-05 00:00:00-04:00,18.24269679359444,18.440556852134737,18.044836735054144,18.345584869384766,701000,0.0,0.0
2012-06-06 00:00:00-04:00,18.55136126631166,18.9549960050627,18.448473180788454,18.867937088012695,734200,0.0,0.0
2012-06-07 00:00:00-04:00,19.12910980114776,19.27156927947125,18.55927339740618,18.654245376586914,443500,0.0,0.0
2012-06-08 00:00:00-04:00,18.57509983178518,18.954992252164118,18.46429869351548,18.85210418701172,337300,0.0,0.0
2012-06-11 00:00:00-04:00,19.02623161370583,19.02623161370583,18.51970863342285,18.51970863342285,539000,0.0,0.0
2012-06-12 00:00:00-04:00,18.662162079157884,18.907508147715454,18.55927550510231,18.828365325927734,437800,0.0,0.0
2012-06-13 00:00:00-04:00,18.72547581948955,18.986651036380643,18.290184294521875,18.345584869384766,873700,0.0,0.0
2012-06-14 00:00:00-04:00,18.361410568422386,18.70964311880451,18.24269334807849,18.64632797241211,623000,0.0,0.0
2012-06-15 00:00:00-04:00,18.701740251386582,18.89168731909681,18.551367627982884,18.804628372192383,568200,0.0,0.0
2012-06-18 00:00:00-04:00,18.622591716603697,18.741307465520823,18.480132214082087,18.70173454284668,343700,0.0,0.0
2012-06-19 00:00:00-04:00,18.76505231982214,19.113286540031282,18.73339548683196,18.986656188964844,955600,0.0,0.0
2012-06-20 00:00:00-04:00,18.94707525442725,18.986646653178994,18.693814679491055,18.72547149658203,506100,0.0,0.0
2012-06-21 00:00:00-04:00,18.662161020673242,18.71756159660345,18.353499806460672,18.385156631469727,1652300,0.0,0.0
2012-06-22 00:00:00-04:00,18.51970742581215,18.51970742581215,17.870726456369145,17.89447021484375,1019300,0.0,0.0
2012-06-25 00:00:00-04:00,17.538316587592508,17.688690664355118,16.81019146531112,16.857677459716797,1085800,0.0,0.0
2012-06-26 00:00:00-04:00,16.920988073484175,16.98430321885583,16.169120910889788,16.51735496520996,1634500,0.0,0.0
2012-06-27 00:00:00-04:00,16.541105527381802,16.723136473258354,16.398646001199147,16.596506118774414,794800,0.0,0.0
2012-06-28 00:00:00-04:00,16.366981210215496,16.588583468049517,16.034576313912297,16.572755813598633,914600,0.0,0.0
2012-06-29 00:00:00-04:00,16.96056041743545,17.142591265616986,16.738956661245695,16.8101863861084,1023500,0.0,0.0
2012-07-02 00:00:00-04:00,16.913087055057773,17.308807373046875,16.87351411752693,17.308807373046875,729300,0.0,0.0
2012-07-03 00:00:00-04:00,17.316715361546994,17.989440006322617,17.237572528852144,17.981525421142578,473900,0.0,0.0
2012-07-05 00:00:00-04:00,17.99734706957996,18.622585451512116,17.99734706957996,18.590927124023438,926900,0.0,0.0
2012-07-06 00:00:00-04:00,18.34558739140101,18.575104305892776,18.28227222434611,18.44055938720703,899700,0.0,0.0
2012-07-09 00:00:00-04:00,18.345585674012682,18.440557660928075,18.123981855289237,18.266441345214844,448900,0.0,0.0
2012-07-10 00:00:00-04:00,18.50387455426193,18.828366483665032,18.258528470618277,18.44055938720703,462800,0.0,0.0
2012-07-11 00:00:00-04:00,18.393076115497138,18.543450225622987,18.226874343426104,18.464305877685547,485800,0.0,0.0
2012-07-12 00:00:00-04:00,18.26644789805789,18.567194643915517,18.108159183678264,18.51970863342285,494100,0.0,0.0
2012-07-13 00:00:00-04:00,18.543443479134226,18.986649552962316,18.519699730525595,18.978734970092773,389300,0.0,0.0
2012-07-16 00:00:00-04:00,18.89959481222833,18.994568318021607,18.662163312074124,18.772964477539062,339800,0.0,0.0
2012-07-17 00:00:00-04:00,18.9233376681163,19.10536857690032,18.575103509468867,18.867937088012695,212000,0.0,0.0
2012-07-18 00:00:00-04:00,18.820449241693115,19.334885090071324,18.733390333202863,19.216169357299805,254200,0.0,0.0
2012-07-19 00:00:00-04:00,19.35862754244486,19.548574528417962,19.192425816658975,19.532745361328125,370300,0.0,0.0
2012-07-20 00:00:00-04:00,19.3902844188749,19.61980279576507,19.057879482740663,19.41402816772461,470100,0.0,0.0
2012-07-23 00:00:00-04:00,19.07371011479423,19.334885334007634,18.923336046291826,19.168682098388672,389800,0.0,0.0
2012-07-24 00:00:00-04:00,17.823231155334447,18.559270679168698,17.767830590667725,17.96569061279297,1092300,0.0,0.0
2012-07-25 00:00:00-04:00,18.11606689216075,18.400985866046653,17.957779747431623,18.123981475830078,364100,0.0,0.0
2012-07-26 00:00:00-04:00,18.456390591406652,18.63050845217079,18.06858496174089,18.179386138916016,516200,0.0,0.0
2012-07-27 00:00:00-04:00,18.321843467631087,19.25574330518798,18.321843467631087,19.065797805786133,420000,0.0,0.0
2012-07-30 00:00:00-04:00,19.034141400988627,19.224088429235184,18.6938232901328,18.717565536499023,322100,0.0,0.0
2012-07-31 00:00:00-04:00,18.812532073161144,19.073707253190776,18.02109195070138,18.91541862487793,294900,0.0,0.0
2012-08-01 00:00:00-04:00,19.144935778658205,19.3507103786782,18.567183378406927,18.590927124023438,379000,0.0,0.0
2012-08-02 00:00:00-04:00,18.464296415992933,19.152849927793216,18.464296415992933,18.70964241027832,361500,0.0,0.0
2012-08-03 00:00:00-04:00,18.99456409499813,19.683117707644833,18.947078107435285,19.603973388671875,278300,0.0,0.0
2012-08-06 00:00:00-04:00,19.60397263197344,20.070922435382425,19.56439971923828,19.56439971923828,371800,0.0,0.0
2012-08-07 00:00:00-04:00,19.738518951018765,20.118409883578046,19.698946035406937,19.801834106445312,384200,0.0,0.0
2012-08-08 00:00:00-04:00,19.68255041612495,20.056319514332788,19.428069198891727,19.96088981628418,390800,0.12,0.0
2012-08-09 00:00:00-04:00,19.96088874454245,20.080176619112247,19.690502086542846,19.86545753479004,296600,0.0,0.0
2012-08-10 00:00:00-04:00,19.825692834408574,19.937027967268495,19.515544097540268,19.929075241088867,152700,0.0,0.0
2012-08-13 00:00:00-04:00,19.952927227787104,19.952927227787104,19.44396504485279,19.90521240234375,195200,0.0,0.0
2012-08-14 00:00:00-04:00,19.984736605807022,20.350554312411276,19.84159212947696,19.90521240234375,153300,0.0,0.0
2012-08-15 00:00:00-04:00,19.817738796321272,20.199460526709323,19.817738796321272,20.17560386657715,231700,0.0,0.0
2012-08-16 00:00:00-04:00,20.199462374390976,20.54937475100081,20.151747532934735,20.350561141967773,275700,0.0,0.0
2012-08-17 00:00:00-04:00,20.36646571823724,20.811807758593798,20.350560266160514,20.620946884155273,312800,0.0,0.0
2012-08-20 00:00:00-04:00,20.62095054628737,20.70047630396681,20.247179940242326,20.533472061157227,269800,0.0,0.0
2012-08-21 00:00:00-04:00,20.581180463768032,20.82771038705298,20.318746607389855,20.43803596496582,119300,0.0,0.0
2012-08-22 00:00:00-04:00,20.38236407065792,20.557320961925573,20.23126686779747,20.43008041381836,182600,0.0,0.0
2012-08-23 00:00:00-04:00,20.44598830358988,20.517561315361966,20.318747730845562,20.398273468017578,204000,0.0,0.0
2012-08-24 00:00:00-04:00,20.31875267094572,20.6368556969742,20.19946479459886,20.47780418395996,172400,0.0,0.0
2012-08-27 00:00:00-04:00,20.581185842144226,20.732284622219712,20.44599251614565,20.557329177856445,152200,0.0,0.0
2012-08-28 00:00:00-04:00,20.589136906325383,20.82771414772789,20.509612676018676,20.78795051574707,195900,0.0,0.0
2012-08-29 00:00:00-04:00,20.835666668416515,21.01857482324005,20.78795031051063,20.99471664428711,202600,0.0,0.0
2012-08-30 00:00:00-04:00,20.931096350573384,21.106053295906722,20.867476056859655,20.99471664428711,173300,0.0,0.0
2012-08-31 00:00:00-04:00,21.12195900088421,21.33667807896315,20.89928871264908,21.185579299926758,256400,0.0,0.0
2012-09-04 00:00:00-04:00,21.16172033098223,21.909258384107442,21.16172033098223,21.599109649658203,407200,0.0,0.0
2012-09-05 00:00:00-04:00,21.63887542450254,21.909262090937954,21.599113304014605,21.789974212646484,447900,0.0,0.0
2012-09-06 00:00:00-04:00,21.869496629949204,22.680656505353177,21.813829063038085,22.664751052856445,490400,0.0,0.0
2012-09-07 00:00:00-04:00,22.76017530474264,23.13394422337917,22.481836038307065,22.895368576049805,372500,0.0,0.0
2012-09-10 00:00:00-04:00,22.903327723171838,23.26119283505757,22.84766015395128,22.9510440826416,445500,0.0,0.0
2012-09-11 00:00:00-04:00,23.42819118366923,23.46000208406367,22.91922891197595,23.261188507080078,397700,0.0,0.0
2012-09-12 00:00:00-04:00,23.428194414450456,23.611104083287547,23.197571422096406,23.30890655517578,300400,0.0,0.0
2012-09-13 00:00:00-04:00,23.348668082621764,24.040538514179282,23.173711155742215,23.80991554260254,537200,0.0,0.0
2012-09-14 00:00:00-04:00,23.849683227182418,24.35069443165082,23.849683227182418,24.000782012939453,502600,0.0,0.0
2012-09-17 00:00:00-04:00,23.976920639549178,24.13597213147362,23.786059759336315,24.11211395263672,298000,0.0,0.0
2012-09-18 00:00:00-04:00,24.064397498084762,24.064397498084762,23.849678453433587,24.008729934692383,263500,0.0,0.0
2012-09-19 00:00:00-04:00,24.008731200715392,24.61312473781129,23.929205455892458,24.350690841674805,271800,0.0,0.0
2012-09-20 00:00:00-04:00,24.19163650824054,24.39045008851312,23.90534446726331,24.223445892333984,226100,0.0,0.0
2012-09-21 00:00:00-04:00,24.573366334954244,24.684703008124124,24.239359349100088,24.382505416870117,512500,0.0,0.0
2012-09-24 00:00:00-04:00,24.247308138456518,24.509742047798404,24.120067547068174,24.4143123626709,242800,0.0,0.0
2012-09-25 00:00:00-04:00,24.581310980481934,24.684694891802238,24.31092438955887,24.342735290527344,515900,0.0,0.0
2012-09-26 00:00:00-04:00,24.3347855563129,24.3427382825325,23.825821696050433,23.865585327148438,398900,0.0,0.0
2012-09-27 00:00:00-04:00,23.984871397915455,24.35864040139519,23.809915984615284,24.12801742553711,286900,0.0,0.0
2012-09-28 00:00:00-04:00,23.97691977993159,24.104160362178348,23.547483194055612,23.9292049407959,280000,0.0,0.0
2012-10-01 00:00:00-04:00,24.02463829314623,24.46202918873346,23.762204362524933,23.84173011779785,375900,0.0,0.0
2012-10-02 00:00:00-04:00,24.024634254021603,24.191638463700027,23.49976648102204,24.048492431640625,263200,0.0,0.0
2012-10-03 00:00:00-04:00,24.167782021229876,24.573361968908056,23.961015684168796,24.533599853515625,369600,0.0,0.0
2012-10-04 00:00:00-04:00,24.60517279646455,25.42428389883348,24.60517279646455,25.281139373779297,350200,0.0,0.0
2012-10-05 00:00:00-04:00,25.46404165144944,25.726473978535296,25.05050907412381,25.177749633789062,283800,0.0,0.0
2012-10-08 00:00:00-04:00,25.122083323206503,25.599234687177994,25.042557590268856,25.535615921020508,176800,0.0,0.0
2012-10-09 00:00:00-04:00,25.352707370088755,25.62309548043119,25.153893787611555,25.336803436279297,188700,0.0,0.0
2012-10-10 00:00:00-04:00,24.843746012550508,24.986892039974716,24.36659309341226,24.756267547607422,353400,0.0,0.0
2012-10-11 00:00:00-04:00,24.9391767515868,25.026653698118807,24.358639926785067,24.43816566467285,362700,0.0,0.0
2012-10-12 00:00:00-04:00,24.36659600327965,24.517694774363612,24.247308138456518,24.4143123626709,260600,0.0,0.0
2012-10-15 00:00:00-04:00,24.43816566467285,24.70855226339495,24.08030211941875,24.43816566467285,393600,0.0,0.0
2012-10-16 00:00:00-04:00,24.62903654600995,24.668800189545614,24.247314669035,24.31888771057129,387800,0.0,0.0
2012-10-17 00:00:00-04:00,23.65086634128989,24.06439900499629,23.65086634128989,23.849679946899414,730500,0.0,0.0
2012-10-18 00:00:00-04:00,23.905352124809443,24.70855942841947,23.84968454719361,24.589271545410156,543400,0.0,0.0
2012-10-19 00:00:00-04:00,24.533598401773425,24.94713105142536,24.3824996419338,24.55745506286621,308200,0.0,0.0
2012-10-22 00:00:00-04:00,24.41430935094124,24.72445806458719,24.310925435174386,24.613122940063477,219700,0.0,0.0
2012-10-23 00:00:00-04:00,24.310926195600576,24.533597968440304,23.841725989249714,24.23935317993164,372000,0.0,0.0
2012-10-24 00:00:00-04:00,24.41430948078041,24.430213415206012,24.104159248657727,24.12801742553711,216000,0.0,0.0
2012-10-25 00:00:00-04:00,24.295018905503426,24.54950156241785,23.34866735540762,23.595195770263672,499300,0.0,0.0
2012-10-26 00:00:00-04:00,23.65086333005434,23.96101202993219,23.261188894692435,23.595195770263672,343400,0.0,0.0
2012-10-31 00:00:00-04:00,23.71448647016245,24.668792377209506,23.428194394682844,24.33478546142578,317300,0.0,0.0
2012-11-01 00:00:00-04:00,24.454072675172917,25.34475826603042,24.040540025245242,25.13003921508789,441200,0.0,0.0
2012-11-02 00:00:00-04:00,25.32090140628541,25.32090140628541,22.617036622691316,22.982852935791016,1152000,0.0,0.0
2012-11-05 00:00:00-05:00,23.062375460415012,23.17371058070126,22.55341317701816,22.64089012145996,377000,0.0,0.0
2012-11-06 00:00:00-05:00,22.83970454495084,23.21347506282248,22.624987021744737,22.958993911743164,337300,0.0,0.0
2012-11-07 00:00:00-05:00,22.58353662880401,22.68738667342189,21.936465691878162,21.984397888183594,423100,0.13,0.0
2012-11-08 00:00:00-05:00,21.92847705332832,21.94445292734243,21.24146418900069,21.385257720947266,430300,0.0,0.0
2012-11-09 00:00:00-05:00,21.34531344298388,21.521061763882983,20.985831150004575,21.153589248657227,353200,0.0,0.0
2012-11-12 00:00:00-05:00,21.169563440580056,21.56898916587402,21.097666688132087,21.34531021118164,360300,0.0,0.0
2012-11-13 00:00:00-05:00,21.21749882491396,21.77669557430214,21.20152295034833,21.457155227661133,247100,0.0,0.0
2012-11-14 00:00:00-05:00,21.449165329734306,21.56100406388582,20.85002664188524,20.9139347076416,441600,0.0,0.0
2012-11-15 00:00:00-05:00,20.945891801756805,21.712790254497282,20.945891801756805,21.624916076660156,572600,0.0,0.0
2012-11-16 00:00:00-05:00,21.568991452019006,22.176118801659182,21.568991452019006,22.016347885131836,547000,0.0,0.0
2012-11-19 00:00:00-05:00,22.423766318630207,23.25457279367433,22.319916271094016,22.96698570251465,668700,0.0,0.0
2012-11-20 00:00:00-05:00,22.83916889412895,22.887099566703345,22.479685040599456,22.59951400756836,492700,0.0,0.0
2012-11-21 00:00:00-05:00,22.57554935553103,22.87911233286531,22.49566388033084,22.583538055419922,363500,0.0,0.0
2012-11-23 00:00:00-05:00,22.679398795974308,22.927043914794922,22.54359394889769,22.927043914794922,210600,0.0,0.0
2012-11-26 00:00:00-05:00,22.767270408017083,23.134741409547935,21.968418814753328,22.33588981628418,529900,0.0,0.0
2012-11-27 00:00:00-05:00,22.311928361422705,23.126757466097796,22.184112210535087,22.663423538208008,402900,0.0,0.0
2012-11-28 00:00:00-05:00,22.615486628706694,23.102786554780696,22.27198022335541,23.086809158325195,304300,0.0,0.0
2012-11-29 00:00:00-05:00,23.238592851355772,23.3344541887927,22.871120328011568,23.150718688964844,216600,0.0,0.0
2012-11-30 00:00:00-05:00,23.222615291090197,23.39037491596152,23.02290239519339,23.270545959472656,518300,0.0,0.0
2012-12-03 00:00:00-05:00,23.3344554901123,23.494226426335302,23.15870867921786,23.334455490112305,246100,0.0,0.0
2012-12-04 00:00:00-05:00,23.262561025803777,23.813767574531376,23.078823985872624,23.725894927978516,351400,0.0,0.0
2012-12-05 00:00:00-05:00,23.773823065511277,23.88566179848116,23.24658114766975,23.37439727783203,215900,0.0,0.0
2012-12-06 00:00:00-05:00,23.37440163315424,23.677964617930044,23.174688702102365,23.48624038696289,160800,0.0,0.0
2012-12-07 00:00:00-05:00,23.63801941782908,23.63801941782908,23.134742046941387,23.302501678466797,135800,0.0,0.0
2012-12-10 00:00:00-05:00,23.254570450775653,23.502214018941586,23.022902756528957,23.190662384033203,145600,0.0,0.0
2012-12-11 00:00:00-05:00,23.366409002974162,23.56612190043548,23.118765436754906,23.23060417175293,155400,0.0,0.0
2012-12-12 00:00:00-05:00,23.4143410074903,23.470260378179443,22.855145776910334,22.958995819091797,194700,0.0,0.0
2012-12-13 00:00:00-05:00,22.951005209907155,23.15071810214169,22.351866533203562,22.50364875793457,234400,0.0,0.0
2012-12-14 00:00:00-05:00,22.567555660656318,23.02290078771836,22.503647599378983,22.951004028320312,286000,0.0,0.0
2012-12-17 00:00:00-05:00,23.062850316485786,23.35842460589563,22.77526320359944,23.32647132873535,263600,0.0,0.0
2012-12-18 00:00:00-05:00,23.406353120658714,24.061412764335657,23.342445048554698,23.741870880126953,227200,0.0,0.0
2012-12-19 00:00:00-05:00,23.68594997051742,23.98951443607969,23.510203164557733,23.661985397338867,151000,0.0,0.0
2012-12-20 00:00:00-05:00,23.99750341653059,23.99750341653059,23.55014541189529,23.717905044555664,244100,0.0,0.0
2012-12-21 00:00:00-05:00,23.454282162298135,23.853707940137333,23.254569273378536,23.638017654418945,393200,0.0,0.0
2012-12-24 00:00:00-05:00,23.542158302779818,23.749859921025916,23.406353457145393,23.422330856323242,89000,0.0,0.0
2012-12-26 00:00:00-05:00,23.46227019934256,23.56612022823052,22.919050913003378,23.206636428833008,188900,0.0,0.0
2012-12-27 00:00:00-05:00,23.214628418139025,23.318479985438373,22.51962833902503,23.25457191467285,144400,0.0,0.0
2012-12-28 00:00:00-05:00,23.118764083898242,23.182672146398573,22.879107706755708,22.887096405029297,105600,0.0,0.0
2012-12-31 00:00:00-05:00,22.87112092536544,24.17324990301575,22.775259585424774,24.037445068359375,196100,0.0,0.0
2013-01-02 00:00:00-05:00,24.42888667925183,24.692507698234486,24.021472100153392,24.40492057800293,407700,0.0,0.0
2013-01-03 00:00:00-05:00,24.44486012063611,25.507332724889384,24.341008555734348,25.299631118774414,371100,0.0,0.0
2013-01-04 00:00:00-05:00,25.427443300149715,25.85083514561064,25.18778845853082,25.499340057373047,413500,0.0,0.0
2013-01-07 00:00:00-05:00,25.275666181065553,25.411471024998868,24.90020644722103,25.147850036621094,199100,0.0,0.0
2013-01-08 00:00:00-05:00,25.08393113803504,25.21973592335426,24.764390914839225,25.043989181518555,254300,0.0,0.0
2013-01-09 00:00:00-05:00,25.067953745953258,25.31559875215699,25.004045701314094,25.043989181518555,214000,0.0,0.0
2013-01-10 00:00:00-05:00,25.083945890686053,25.163831374390142,24.50078444991726,24.77239418029785,229400,0.0,0.0
2013-01-11 00:00:00-05:00,24.820320446593918,24.820320446593918,24.197217136640376,24.420894622802734,244000,0.0,0.0
2013-01-14 00:00:00-05:00,24.388942531385858,24.596644152667512,23.925608614277145,24.428884506225586,361100,0.0,0.0
2013-01-15 00:00:00-05:00,24.245149728523238,25.291645043081797,24.14129815284925,25.211759567260742,288700,0.0,0.0
2013-01-16 00:00:00-05:00,25.051986972653005,25.299630545075463,24.900204740147647,25.107906341552734,249200,0.0,0.0
2013-01-17 00:00:00-05:00,25.13187205962081,25.243712326203905,24.692504263659337,24.876239776611328,212700,0.0,0.0
2013-01-18 00:00:00-05:00,24.868247492999764,25.09991516839179,24.58865067606232,24.996065139770508,218700,0.0,0.0
2013-01-22 00:00:00-05:00,24.972107127713645,24.972107127713645,24.42089896621317,24.77239418029785,241300,0.0,0.0
2013-01-23 00:00:00-05:00,25.427443031369794,26.25026061995686,25.19577689007879,25.818880081176758,932000,0.0,0.0
2013-01-24 00:00:00-05:00,25.986645952969827,26.64170413159177,25.587220085645345,25.68308448791504,636100,0.0,0.0
2013-01-25 00:00:00-05:00,25.834859566202326,25.834859566202326,25.163824134065507,25.778940200805664,408300,0.0,0.0
2013-01-28 00:00:00-05:00,25.770947775051056,26.154399172664053,25.683076670782036,26.018592834472656,535800,0.0,0.0
2013-01-29 00:00:00-05:00,26.010614468204267,26.01860164497824,25.427451523931165,25.946704864501953,324000,0.0,0.0
2013-01-30 00:00:00-05:00,25.88279053661884,25.97066164425893,25.16382294773293,25.31560516357422,447500,0.0,0.0
2013-01-31 00:00:00-05:00,25.563254683201656,26.4499805676056,25.435438531680745,26.29819679260254,751200,0.0,0.0
2013-02-01 00:00:00-05:00,26.426007921680398,26.56979838177628,25.90675325054386,26.44198226928711,253200,0.0,0.0
2013-02-04 00:00:00-05:00,26.202333423687154,26.306184991108598,25.978655937589153,26.04256248474121,237200,0.0,0.0
2013-02-05 00:00:00-05:00,26.154404286742263,26.83342696834153,25.826875233077867,26.81744956970215,561800,0.0,0.0
2013-02-06 00:00:00-05:00,27.10503367698631,27.43256269472019,24.964111252206898,26.234285354614258,727500,0.0,0.0
2013-02-07 00:00:00-05:00,26.3305592334487,26.803899699929847,25.6967638009627,25.921401977539062,760300,0.14,0.0
2013-02-08 00:00:00-05:00,26.04976151173163,26.210213393743306,25.736876057216005,26.081850051879883,511700,0.0,0.0
2013-02-11 00:00:00-05:00,26.033719535615276,26.17812869897725,25.75292258000081,25.921401977539062,329000,0.0,0.0
2013-02-12 00:00:00-05:00,25.961515398935262,26.089878761854607,25.616538287260028,25.672697067260742,289400,0.0,0.0
2013-02-13 00:00:00-05:00,25.720832671012996,25.90535480098391,25.448058631186765,25.55235481262207,190900,0.0,0.0
2013-02-14 00:00:00-05:00,25.496198409778806,25.672697655282544,25.279584656061473,25.592470169067383,316600,0.0,0.0
2013-02-15 00:00:00-05:00,25.70479324732226,26.017678808840355,25.070997691187166,25.25551986694336,479200,0.0,0.0
2013-02-19 00:00:00-05:00,25.375853992935035,25.375853992935035,25.07099141067446,25.19133186340332,515800,0.0,0.0
2013-02-20 00:00:00-05:00,25.2474896541962,25.327717129622332,24.950649984394868,24.96669578552246,450500,0.0,0.0
2013-02-21 00:00:00-05:00,24.926579346322853,25.255510592826877,24.324875622686946,24.41312599182129,359200,0.0,0.0
2013-02-22 00:00:00-05:00,24.58963083937832,24.862403379069118,24.405108689061617,24.461267471313477,275000,0.0,0.0
2013-02-25 00:00:00-05:00,24.621720942145203,24.621720942145203,23.658994210268204,23.691085815429688,479300,0.0,0.0
2013-02-26 00:00:00-05:00,23.77933452220171,23.963858190315626,23.161586428781565,23.522607803344727,709300,0.0,0.0
2013-02-27 00:00:00-05:00,23.514585982965468,23.94781348860915,23.506563081355917,23.771312713623047,639600,0.0,0.0
2013-02-28 00:00:00-05:00,23.7713141545284,24.14838290197337,23.683065291898135,23.8756103515625,702000,0.0,0.0
2013-03-01 00:00:00-05:00,23.77131297301728,23.931767946535174,23.57876792292303,23.89165496826172,784300,0.0,0.0
2013-03-04 00:00:00-05:00,23.707130475694697,24.308834310409914,23.707130475694697,24.140357971191406,606100,0.0,0.0
2013-03-05 00:00:00-05:00,24.373020868552,24.918566032689945,24.364999495737287,24.605680465698242,602900,0.0,0.0
2013-03-06 00:00:00-05:00,24.69392740827626,25.27156257336248,24.69392740827626,25.199357986450195,369300,0.0,0.0
2013-03-07 00:00:00-05:00,25.175287171877642,25.712809312635656,25.014833737900467,25.58444595336914,412500,0.0,0.0
2013-03-08 00:00:00-05:00,25.82512999458749,25.88931321219962,25.49620018559809,25.857221603393555,164900,0.0,0.0
2013-03-11 00:00:00-04:00,25.760951525687435,26.033724097567095,25.600496531565675,25.79304313659668,288400,0.0,0.0
2013-03-12 00:00:00-04:00,25.961518720747144,26.675540209622522,25.89733550086315,26.515085220336914,461300,0.0,0.0
2013-03-13 00:00:00-04:00,26.651462606794837,27.08468692984457,26.651462606794837,26.79587173461914,249000,0.0,0.0
2013-03-14 00:00:00-04:00,26.8039072370212,26.908203453315384,26.354633817959524,26.450908660888672,266600,0.0,0.0
2013-03-15 00:00:00-04:00,26.48298562839523,26.95632602088909,26.48298562839523,26.908191680908203,483900,0.0,0.0
2013-03-18 00:00:00-04:00,26.515079065439778,26.739717222464535,26.32253557133131,26.691579818725586,239000,0.0,0.0
2013-03-19 00:00:00-04:00,26.699605725272406,26.95633246798278,26.10592628041373,26.707630157470703,569700,0.0,0.0
2013-03-20 00:00:00-04:00,26.860062608038678,27.092722191490175,26.715653422477363,27.068655014038086,284500,0.0,0.0
2013-03-21 00:00:00-04:00,26.868083698402753,27.124810427369408,26.67553712146576,26.8199462890625,430500,0.0,0.0
2013-03-22 00:00:00-04:00,26.932266235351562,27.076675415736098,26.779835682912015,26.932266235351562,250200,0.0,0.0
2013-03-25 00:00:00-04:00,27.02051881037975,27.237132598435245,26.611358412800072,26.763792037963867,357700,0.0,0.0
2013-03-26 00:00:00-04:00,26.860061175921132,26.868085608260248,26.65147184146763,26.747743606567383,255500,0.0,0.0
2013-03-27 00:00:00-04:00,26.46695228118761,26.87610961834275,26.46695228118761,26.763792037963867,196000,0.0,0.0
2013-03-28 00:00:00-04:00,26.77983784379293,26.827972200855573,26.59531566739555,26.763792037963867,260300,0.0,0.0
2013-04-01 00:00:00-04:00,26.7397152121186,26.827962521703235,26.202191622261957,26.330554962158203,243200,0.0,0.0
2013-04-02 00:00:00-04:00,26.491011093412194,26.69157901229591,26.21021417072085,26.314510345458984,191400,0.0,0.0
2013-04-03 00:00:00-04:00,26.31451621979517,26.491017007149637,24.87042749354514,25.167268753051758,436000,0.0,0.0
2013-04-04 00:00:00-04:00,25.15924811058503,25.15924811058503,24.73404343856429,25.03890609741211,303600,0.0,0.0
2013-04-05 00:00:00-04:00,24.685899048497774,24.854375360569485,24.469285335652653,24.81426239013672,243600,0.0,0.0
2013-04-08 00:00:00-04:00,24.854377310755215,25.119126914935443,24.73403685980272,25.0308780670166,280700,0.0,0.0
2013-04-09 00:00:00-04:00,25.151218255969628,25.28760450701822,24.942627429059325,24.98274040222168,207500,0.0,0.0
2013-04-10 00:00:00-04:00,25.022856175635006,25.576422578388716,24.806242437055595,25.54433250427246,284000,0.0,0.0
2013-04-11 00:00:00-04:00,25.52829072687105,25.921405290809584,25.31969985648747,25.825130462646484,372200,0.0,0.0
2013-04-12 00:00:00-04:00,25.785011753015425,25.897329300496857,25.319694231748596,25.752920150756836,266600,0.0,0.0
2013-04-15 00:00:00-04:00,25.520262346222765,25.520262346222765,23.84351437095811,24.028038024902344,427800,0.0,0.0
2013-04-16 00:00:00-04:00,24.340925945035416,24.461266406079137,24.01199463741699,24.429176330566406,540700,0.0,0.0
2013-04-17 00:00:00-04:00,24.124313705011755,24.124313705011755,22.90486015506164,23.40226936340332,613700,0.0,0.0
2013-04-18 00:00:00-04:00,23.63492750993364,23.675042019786,22.87277018528378,22.92090606689453,638300,0.0,0.0
2013-04-19 00:00:00-04:00,23.113442834358928,23.113442834358928,22.55987656883097,22.92892074584961,436900,0.0,0.0
2013-04-22 00:00:00-04:00,23.01718405790912,23.01718405790912,22.407457155622716,22.81661605834961,419700,0.0,0.0
2013-04-23 00:00:00-04:00,23.017179832616907,23.153566108489276,22.832656143933974,23.10542869567871,335800,0.0,0.0
2013-04-24 00:00:00-04:00,23.241811222267064,23.6429470830393,22.952994443055125,23.610857009887695,593700,0.0,0.0
2013-04-25 00:00:00-04:00,23.77933073793757,24.629739771581416,23.755263568257266,24.2205810546875,445600,0.0,0.0
2013-04-26 00:00:00-04:00,24.26069767813429,24.2687205793066,23.73119844245728,23.907697677612305,361000,0.0,0.0
2013-04-29 00:00:00-04:00,24.34894417699727,25.399919579541326,23.53864965038457,25.207374572753906,636800,0.0,0.0
2013-04-30 00:00:00-04:00,25.3758541837682,25.3758541837682,24.677878634564713,24.806241989135742,298400,0.0,0.0
2013-05-01 00:00:00-04:00,24.58962973931941,24.838333562542346,24.020017510290756,24.140357971191406,383800,0.0,0.0
2013-05-02 00:00:00-04:00,24.244654894570186,25.014836670678527,24.036064028753596,24.950654983520508,309000,0.0,0.0
2013-05-03 00:00:00-04:00,25.38387941359755,25.8411740974887,25.16726718926787,25.183311462402344,480200,0.0,0.0
2013-05-06 00:00:00-04:00,25.183305956132198,25.528283001593465,25.062965517769634,25.496192932128906,413300,0.0,0.0
2013-05-07 00:00:00-04:00,25.60048710228603,26.033714508719303,25.41596499815853,26.02569007873535,219700,0.0,0.0
2013-05-08 00:00:00-04:00,25.94547199739811,26.234290355804184,25.785017013792036,25.857221603393555,370400,0.0,0.0
2013-05-09 00:00:00-04:00,25.801058619548606,25.937446404567662,25.35178688085928,25.55235481262207,240000,0.0,0.0
2013-05-10 00:00:00-04:00,25.640599769456884,26.258349272754238,25.57641810224493,25.744895935058594,252800,0.0,0.0
2013-05-13 00:00:00-04:00,25.768963793330958,25.768963793330958,25.119124204146953,25.207374572753906,328100,0.0,0.0
2013-05-14 00:00:00-04:00,25.199363365541434,25.897339147734996,25.143204570446823,25.728862762451172,318700,0.0,0.0
2013-05-15 00:00:00-04:00,25.720833397574868,25.985581483559997,25.512241028811943,25.568401336669922,323100,0.0,0.0
2013-05-16 00:00:00-04:00,25.52810080419525,25.786041582442962,24.939673211636617,24.996097564697266,276200,0.15,0.0
2013-05-17 00:00:00-04:00,25.09281976281737,26.22131121938213,25.084760460314094,26.052038192749023,428700,0.0,0.0
2013-05-20 00:00:00-04:00,25.826340047041906,26.293856450569763,25.77797500878898,26.205188751220703,449200,0.0,0.0
2013-05-21 00:00:00-04:00,26.15682940160904,26.50343785648366,26.15682940160904,26.34222412109375,285800,0.0,0.0
2013-05-22 00:00:00-04:00,26.334164570329584,26.527621688546006,25.72155599995464,25.963375091552734,350200,0.0,0.0
2013-05-23 00:00:00-04:00,25.568401954409552,26.15683104943894,25.511977604702896,25.95531463623047,267000,0.0,0.0
2013-05-24 00:00:00-04:00,25.71349025449097,25.971432517101952,25.471671209012673,25.88276481628418,156100,0.0,0.0
2013-05-28 00:00:00-04:00,26.326107689552845,26.92259770696815,26.326107689552845,26.527624130249023,202900,0.0,0.0
2013-05-29 00:00:00-04:00,26.277734771152122,26.495372830946376,26.035915729679374,26.205188751220703,170700,0.0,0.0
2013-05-30 00:00:00-04:00,26.21325425119473,26.358346308342565,25.79409976108947,25.939191818237305,193100,0.0,0.0
2013-05-31 00:00:00-04:00,25.649005073200225,26.438948928373865,25.568398212224793,25.88276481628418,253500,0.0,0.0
2013-06-03 00:00:00-04:00,25.882766276278314,26.18907205777344,25.471672645817854,26.14070701599121,373200,0.0,0.0
2013-06-04 00:00:00-04:00,26.17295818263512,26.35835295241229,25.57646812235012,25.85053062438965,259700,0.0,0.0
2013-06-05 00:00:00-04:00,25.794094939153858,25.86664095416606,25.0605754873175,25.092817306518555,142500,0.0,0.0
2013-06-06 00:00:00-04:00,25.028340093109648,25.391070283568542,24.786520991102623,25.157310485839844,222200,0.0,0.0
2013-06-07 00:00:00-04:00,25.38300541757483,26.09234246513133,25.358822896228723,25.769916534423828,442500,0.0,0.0
2013-06-10 00:00:00-04:00,25.971433803506624,27.01931843574657,25.866644417813788,26.858104705810547,349100,0.0,0.0
2013-06-11 00:00:00-04:00,26.301925013592033,26.54374411193744,25.93919482862559,26.027862548828125,287300,0.0,0.0
2013-06-12 00:00:00-04:00,26.301924540792495,26.35834889356226,25.29434088260325,25.318523406982422,210700,0.0,0.0
2013-06-13 00:00:00-04:00,25.245970832532187,25.842460646473178,25.189546494376447,25.83439826965332,195200,0.0,0.0
2013-06-14 00:00:00-04:00,25.76992317369984,26.052046512297252,25.38301195716834,25.4716796875,212000,0.0,0.0
2013-06-17 00:00:00-04:00,25.777974035399698,25.777974035399698,24.88324238577767,25.084758758544922,469200,0.0,0.0
2013-06-18 00:00:00-04:00,25.16536821110721,25.528098356645888,24.81070044374513,25.358823776245117,466800,0.0,0.0
2013-06-19 00:00:00-04:00,25.399122280581683,25.399122280581683,24.90742186861699,24.931604385375977,233700,0.0,0.0
2013-06-20 00:00:00-04:00,24.568880994879372,24.62530534519575,23.96433174872123,24.157787322998047,453200,0.0,0.0
2013-06-21 00:00:00-04:00,23.932088731080437,24.1174834550244,23.005113573912467,23.109901428222656,855400,0.0,0.0
2013-06-24 00:00:00-04:00,22.747165668394892,23.061532228619544,22.255466806157596,22.892257690429688,434300,0.0,0.0
2013-06-25 00:00:00-04:00,23.142143202479165,23.44844899892114,22.682686045264358,23.287235260009766,447100,0.0,0.0
2013-06-26 00:00:00-04:00,23.512933304427094,23.722510542166034,23.295295226300336,23.666086196899414,301100,0.0,0.0
2013-06-27 00:00:00-04:00,23.85954158762321,24.294816203395882,23.811178083081376,24.278696060180664,239600,0.0,0.0
2013-06-28 00:00:00-04:00,24.246448100714904,24.85905801271136,24.19808460534481,24.617238998413086,553300,0.0,0.0
2013-07-01 00:00:00-04:00,24.75427393899627,25.528097717625677,24.697849592757816,24.907426834106445,449100,0.0,0.0
2013-07-02 00:00:00-04:00,24.91549081143509,25.141189762251997,24.472155288791093,24.705913543701172,229100,0.0,0.0
2013-07-03 00:00:00-04:00,24.68173172795803,24.979975167739706,24.49633545362404,24.86712646484375,132400,0.0,0.0
2013-07-05 00:00:00-04:00,25.245971974303327,25.737672436094467,24.818758230404246,25.705429077148438,313900,0.0,0.0
2013-07-08 00:00:00-04:00,25.794105334780525,26.18907892567402,25.632891561458756,26.156835556030273,311900,0.0,0.0
2013-07-09 00:00:00-04:00,26.318048384879617,26.656594529298705,26.076226196126715,26.527624130249023,396500,0.0,0.0
2013-07-10 00:00:00-04:00,26.47925675138663,26.713016540034264,26.19713498915437,26.640470504760742,235800,0.0,0.0
2013-07-11 00:00:00-04:00,26.858106646999076,27.13216908522953,26.511498178798902,26.72107696533203,540800,0.0,0.0
2013-07-12 00:00:00-04:00,26.68076819930794,26.76943590087497,26.51955755089082,26.63240623474121,276400,0.0,0.0
2013-07-15 00:00:00-04:00,26.713020125892953,27.220842440975826,26.70496082084586,27.07575035095215,547100,0.0,0.0
2013-07-16 00:00:00-04:00,27.083802082783293,27.083802082783293,26.535677245938498,26.858104705810547,478300,0.0,0.0
2013-07-17 00:00:00-04:00,26.954837093930504,27.003202145033693,26.229379776763174,26.82586669921875,365200,0.0,0.0
2013-07-18 00:00:00-04:00,26.85810165912318,27.01125299399658,26.77749634074682,26.84197998046875,266100,0.0,0.0
2013-07-19 00:00:00-04:00,26.801684258134856,26.970957315474212,26.56792446948722,26.640470504760742,398000,0.0,0.0
2013-07-22 00:00:00-04:00,26.648531340657588,26.785561024408704,26.414771565544775,26.672712326049805,309400,0.0,0.0
2013-07-23 00:00:00-04:00,26.761378808147853,27.051562919093328,26.761378808147853,26.946773529052734,326100,0.0,0.0
2013-07-24 00:00:00-04:00,27.003203513597885,27.849571963970078,26.938716775525343,27.156354904174805,478100,0.0,0.0
2013-07-25 00:00:00-04:00,27.180531951233792,27.76895944719599,26.688831462511597,27.72059440612793,385000,0.0,0.0
2013-07-26 00:00:00-04:00,27.599683007835512,27.954350707185775,27.39010426398183,27.607742309570312,239900,0.0,0.0
2013-07-29 00:00:00-04:00,27.631932877834462,28.365452586059106,27.631932877834462,28.34933090209961,372500,0.0,0.0
2013-07-30 00:00:00-04:00,28.45411924217297,29.090911897631184,28.268724495943996,29.01836585998535,586500,0.0,0.0
2013-07-31 00:00:00-04:00,29.30854326327574,30.993220349747958,29.21987556268836,29.96951675415039,733700,0.0,0.0
2013-08-01 00:00:00-04:00,30.364482828478305,31.009337622972456,30.356423527250122,30.880367279052734,453300,0.0,0.0
2013-08-02 00:00:00-04:00,30.775586922176736,31.235044099061536,30.493465173176048,31.21086311340332,316400,0.0,0.0
2013-08-05 00:00:00-04:00,31.13025134017886,31.13025134017886,30.63049154955182,30.952919006347656,255400,0.0,0.0
2013-08-06 00:00:00-04:00,30.840070591193115,31.541349924601263,30.574070524128587,31.202800750732422,480400,0.0,0.0
2013-08-07 00:00:00-04:00,30.960978687157333,31.122192417523976,30.557945898688793,31.041584014892578,238500,0.0,0.0
2013-08-08 00:00:00-04:00,31.308695321529086,32.053368075940085,31.171090867859814,31.494863510131836,298100,0.16,0.0
2013-08-09 00:00:00-04:00,31.35726457184156,31.859109427263345,31.235849049658473,31.575807571411133,240900,0.0,0.0
2013-08-12 00:00:00-04:00,31.397737112245917,32.64425793609541,31.130624183824526,32.52284240722656,548600,0.0,0.0
2013-08-13 00:00:00-04:00,32.57950892309073,33.31608900132114,32.43381149331102,33.29990005493164,443700,0.0,0.0
2013-08-14 00:00:00-04:00,33.13800753439668,34.10932252358739,33.13800753439668,33.84221267700195,913300,0.0,0.0
2013-08-15 00:00:00-04:00,33.364655072401085,33.51035249882669,33.20276869995866,33.397029876708984,617600,0.0,0.0
2013-08-16 00:00:00-04:00,33.17847692114819,33.84220807108776,33.12181408314011,33.2027587890625,411100,0.0,0.0
2013-08-19 00:00:00-04:00,33.20275894525293,33.720792714693914,32.98421286982161,33.032779693603516,370300,0.0,0.0
2013-08-20 00:00:00-04:00,33.1056312322186,33.59938008836445,32.93564887822731,33.35655212402344,301800,0.0,0.0
2013-08-21 00:00:00-04:00,33.09753119973184,33.2270396375093,32.571404522140476,32.887081146240234,233400,0.0,0.0
2013-08-22 00:00:00-04:00,32.95183835602992,33.202762339634944,32.00480835340234,32.749481201171875,349800,0.0,0.0
2013-08-23 00:00:00-04:00,32.91136905495204,32.92755799861162,32.41761708037342,32.55522155761719,612000,0.0,0.0
2013-08-26 00:00:00-04:00,32.57141916285717,33.324185172993076,32.19907953512274,32.75758743286133,296400,0.0,0.0
2013-08-27 00:00:00-04:00,32.4742763277457,32.5066542145548,31.583906054572093,31.69722557067871,454600,0.0,0.0
2013-08-28 00:00:00-04:00,31.600094484794027,32.01290172786778,31.535338712227457,31.567716598510742,282400,0.0,0.0
2013-08-29 00:00:00-04:00,31.56771612566549,32.32857791557484,31.446300597784415,32.06956100463867,216300,0.0,0.0
2013-08-30 00:00:00-04:00,31.95624256206923,32.42571265868864,31.276322376164558,31.591999053955078,352900,0.0,0.0
2013-09-03 00:00:00-04:00,32.12621798458722,32.86279784035545,32.0048055549237,32.42570877075195,336900,0.0,0.0
2013-09-04 00:00:00-04:00,32.44189771115087,33.21894837678057,32.35286007676572,33.1218147277832,347000,0.0,0.0
2013-09-05 00:00:00-04:00,33.26752124681635,33.57510504430229,32.78995814850623,32.984222412109375,334100,0.0,0.0
2013-09-06 00:00:00-04:00,33.11372648953986,33.22704600835707,31.931961382267087,32.91136932373047,404100,0.0,0.0
2013-09-09 00:00:00-04:00,33.048970667678425,33.63985316527452,33.01659278316562,33.60747528076172,321800,0.0,0.0
2013-09-10 00:00:00-04:00,33.82602126532621,34.489752457166865,33.623664119332716,34.457374572753906,215600,0.0,0.0
2013-09-11 00:00:00-04:00,34.457375093039545,34.959219958117956,34.12550949210824,34.586883544921875,385600,0.0,0.0
2013-09-12 00:00:00-04:00,34.67591354921779,34.67591354921779,33.42939304449467,33.52652359008789,426500,0.0,0.0
2013-09-13 00:00:00-04:00,33.55890019962295,33.793635173016284,33.437487794150854,33.591278076171875,403800,0.0,0.0
2013-09-16 00:00:00-04:00,34.16597316034648,34.19835103847819,33.63984653546608,33.97980499267578,320400,0.0,0.0
2013-09-17 00:00:00-04:00,33.95552673842825,34.37642993572183,33.80173334481201,34.20644760131836,235100,0.0,0.0
2013-09-18 00:00:00-04:00,34.10932330612203,34.497848693166794,33.59938238474595,34.3278694152832,434400,0.0,0.0
2013-09-19 00:00:00-04:00,34.4411897968904,34.95113073104444,34.400718980340955,34.797340393066406,256900,0.0,0.0
2013-09-20 00:00:00-04:00,34.95112120015469,35.04015882491884,34.578784849072335,34.69210433959961,556600,0.0,0.0
2013-09-23 00:00:00-04:00,34.594970661469674,34.80542068374949,33.906954679040076,34.65163040161133,378900,0.0,0.0
2013-09-24 00:00:00-04:00,34.79733746090778,35.032069412205274,34.08503941630214,34.48975372314453,183800,0.0,0.0
2013-09-25 00:00:00-04:00,34.53022145661594,34.91874678600598,34.18216693675563,34.39262008666992,294800,0.0,0.0
2013-09-26 00:00:00-04:00,34.392623726178826,34.90256153812086,34.27120819701634,34.56260299682617,159500,0.0,0.0
2013-09-27 00:00:00-04:00,34.29549038272553,34.68401575679842,34.085040296333,34.18217086791992,155000,0.0,0.0
2013-09-30 00:00:00-04:00,33.82602177607879,34.74067386661807,33.29179902609853,34.586883544921875,387000,0.0,0.0
2013-10-01 00:00:00-04:00,34.554506923141695,34.926846437673504,34.28739708225003,34.6192626953125,247500,0.0,0.0
2013-10-02 00:00:00-04:00,34.08504012205911,35.153485667228004,33.80173824876839,35.12920379638672,209900,0.0,0.0
2013-10-03 00:00:00-04:00,35.18585352584102,35.19394645123997,34.562593287495325,34.740665435791016,376900,0.0,0.0
2013-10-04 00:00:00-04:00,34.85398875932647,35.89005614536323,34.60306483839128,35.55009460449219,509800,0.0,0.0
2013-10-07 00:00:00-04:00,35.007784419606274,35.39630974899631,33.915057123679595,34.39262008666992,388400,0.0,0.0
2013-10-08 00:00:00-04:00,34.23882822852711,34.263113185517746,32.44999181237498,32.474273681640625,498300,0.0,0.0
2013-10-09 00:00:00-04:00,32.5147448828841,32.692820160234135,31.591996787024883,32.07765579223633,635700,0.0,0.0
2013-10-10 00:00:00-04:00,32.63616092665654,33.00040441444345,32.30429532394514,32.94374465942383,475600,0.0,0.0
2013-10-11 00:00:00-04:00,32.78994710189705,33.43749237060547,32.34476204545352,33.43749237060547,281500,0.0,0.0
2013-10-14 00:00:00-04:00,33.18656630466778,33.753166834731395,32.74138127666225,33.67222213745117,205400,0.0,0.0
2013-10-15 00:00:00-04:00,33.62366498138239,33.70460660676498,32.619972152922806,32.773765563964844,413800,0.0,0.0
2013-10-16 00:00:00-04:00,33.14609809692455,33.85030003595284,33.00040071812908,33.623661041259766,307300,0.0,0.0
2013-10-17 00:00:00-04:00,33.453687181613084,34.1417002906938,33.19466717604158,33.95553207397461,406300,0.0,0.0
2013-10-18 00:00:00-04:00,34.27120833542713,34.38452784964969,33.939342720464566,34.352149963378906,322100,0.0,0.0
2013-10-21 00:00:00-04:00,34.311668560553336,34.416895114597054,33.82601276726951,34.08502960205078,206100,0.0,0.0
2013-10-22 00:00:00-04:00,34.157883734268246,34.627350664378866,33.591283159810835,33.623661041259766,352500,0.0,0.0
2013-10-23 00:00:00-04:00,33.31607966056517,33.3889283550306,32.19906737467026,32.28810501098633,469100,0.0,0.0
2013-10-24 00:00:00-04:00,32.36904330500984,32.595682270551336,31.988610966230045,32.37713623046875,612700,0.0,0.0
2013-10-25 00:00:00-04:00,32.60378258705841,32.80613973437178,31.810542940116996,31.972429275512695,299600,0.0,0.0
2013-10-28 00:00:00-04:00,31.94004943896867,32.045276013704026,31.770070186667215,31.980520248413086,377400,0.0,0.0
2013-10-29 00:00:00-04:00,32.215251519569655,32.522835193481846,30.005512233455317,30.912071228027344,869500,0.0,0.0
2013-10-30 00:00:00-04:00,31.02539820067371,31.40582752438956,30.717814483174262,31.08205795288086,623600,0.0,0.0
2013-10-31 00:00:00-04:00,31.154908888775083,32.199069460106756,30.847325149141454,32.06956100463867,533300,0.0,0.0
2013-11-01 00:00:00-04:00,32.069565145408525,33.720800481625254,31.770077382417675,33.61557388305664,888700,0.0,0.0
2013-11-04 00:00:00-05:00,33.61556815255898,34.15788691021603,33.53462652913555,33.66413497924805,433800,0.0,0.0
2013-11-05 00:00:00-05:00,33.50225447763119,33.55082131277605,32.798052350521225,32.87899398803711,355200,0.0,0.0
2013-11-06 00:00:00-05:00,33.041561933922566,33.22851258175311,32.440065983800615,32.70830154418945,289100,0.17,0.0
2013-11-07 00:00:00-05:00,32.78957233731206,33.049677768687054,31.659738788395394,31.716636657714844,382000,0.0,0.0
2013-11-08 00:00:00-05:00,31.806049955923715,32.60262326403306,31.806049955923715,32.05802536010742,231300,0.0,0.0
2013-11-11 00:00:00-05:00,32.05802743104692,32.26123501565202,31.757281074027855,31.927974700927734,420000,0.0,0.0
2013-11-12 00:00:00-05:00,31.89545395560595,33.05779812654835,31.78978517617457,33.00090026855469,321000,0.0,0.0
2013-11-13 00:00:00-05:00,32.82209586649707,34.56967954957118,32.757067939332266,34.17139434814453,425400,0.0,0.0
2013-11-14 00:00:00-05:00,34.08197946701166,34.38272585164157,33.33417387464571,33.55363845825195,292100,0.0,0.0
2013-11-15 00:00:00-05:00,33.553645188699555,34.60219737602206,33.30979663601359,34.59407043457031,438200,0.0,0.0
2013-11-18 00:00:00-05:00,34.74850935376789,35.000487964749965,34.122629398001656,34.366477966308594,455100,0.0,0.0
2013-11-19 00:00:00-05:00,34.27704571403394,34.951696222478695,33.3179089959224,33.52924346923828,275300,0.0,0.0
2013-11-20 00:00:00-05:00,33.61054091869327,34.220163811540445,33.32605147564554,33.50487518310547,282400,0.0,0.0
2013-11-21 00:00:00-05:00,33.74059208558665,34.683475324648875,33.48048657830756,34.4071159362793,209900,0.0,0.0
2013-11-22 00:00:00-05:00,34.46400891433354,34.82165316073616,34.37459707755743,34.71598434448242,117500,0.0,0.0
2013-11-25 00:00:00-05:00,34.76475616509703,35.23619617910446,34.61031950719323,35.04111862182617,236800,0.0,0.0
2013-11-26 00:00:00-05:00,35.06550094764651,35.44753220594818,35.06550094764651,35.28496551513672,182800,0.0,0.0
2013-11-27 00:00:00-05:00,35.29309388030292,35.975871528735816,35.138657223178306,35.91084671020508,195900,0.0,0.0
2013-11-29 00:00:00-05:00,36.122187310906696,36.31726800065494,35.67513114358232,36.10593032836914,118600,0.0,0.0
2013-12-02 00:00:00-05:00,36.09780120182998,36.325392742170926,35.60197411691391,35.86207962036133,363500,0.0,0.0
2013-12-03 00:00:00-05:00,35.6832489668738,36.14656195809237,35.6832489668738,36.11404800415039,297200,0.0,0.0
2013-12-04 00:00:00-05:00,36.040901615596944,36.674908362736836,35.90271882926782,36.203468322753906,260900,0.0,0.0
2013-12-05 00:00:00-05:00,36.08967220351311,37.04068231488294,35.89459153670027,36.46357345581055,305800,0.0,0.0
2013-12-06 00:00:00-05:00,36.99190128929877,37.26013674545977,36.57735924878769,36.80495071411133,228600,0.0,0.0
2013-12-09 00:00:00-05:00,36.886235595084884,37.33329158798539,36.650514091313305,36.80495071411133,268700,0.0,0.0
2013-12-10 00:00:00-05:00,36.65053051253136,37.08132972225613,36.50422076192624,36.634273529052734,172100,0.0,0.0
2013-12-11 00:00:00-05:00,36.69116241005489,36.75619032799949,36.08153963248233,36.195335388183594,156000,0.0,0.0
2013-12-12 00:00:00-05:00,36.15469663060709,36.577368820168836,35.6669996199523,36.252235412597656,275400,0.0,0.0
2013-12-13 00:00:00-05:00,36.32538247688011,36.61800186074188,35.82955863278246,36.162818908691406,171200,0.0,0.0
2013-12-16 00:00:00-05:00,35.95961913282765,37.000041077847676,35.86207724995553,36.95940017700195,229900,0.0,0.0
2013-12-17 00:00:00-05:00,36.959391927004525,37.170726424649835,36.1953295185686,36.325382232666016,343700,0.0,0.0
2013-12-18 00:00:00-05:00,36.276619738187726,37.5771470704364,36.008384231766705,37.42271041870117,457400,0.0,0.0
2013-12-19 00:00:00-05:00,37.42270534129294,37.60152588727667,37.22762471757276,37.40644836425781,560700,0.0,0.0
2013-12-20 00:00:00-05:00,37.739716399938025,37.77223036069222,37.14635056933275,37.593406677246094,508400,0.0,0.0
2013-12-23 00:00:00-05:00,37.89414551451281,38.162380986253446,37.739708882744814,38.064842224121094,206600,0.0,0.0
2013-12-24 00:00:00-05:00,37.9998229064264,38.54441781054516,37.926668043113224,38.24367141723633,74700,0.0,0.0
2013-12-26 00:00:00-05:00,38.33307998912252,38.65008333618514,38.33307998912252,38.54441452026367,128600,0.0,0.0
2013-12-27 00:00:00-05:00,38.69885534031272,38.84516505847927,37.8372540111877,37.999820709228516,136000,0.0,0.0
2013-12-30 00:00:00-05:00,37.99981823373348,38.58505706827434,37.829124607226284,38.203025817871094,491300,0.0,0.0
2013-12-31 00:00:00-05:00,38.21929214231171,38.47939766555439,38.01608450848447,38.33308792114258,147700,0.0,0.0
2014-01-02 00:00:00-05:00,38.10548696722607,38.268053654341784,37.8372514683799,38.016075134277344,156400,0.0,0.0
2014-01-03 00:00:00-05:00,38.03232785311734,38.186764483193144,37.65029664629137,37.80473327636719,287500,0.0,0.0
2014-01-06 00:00:00-05:00,37.837252983165044,37.918537880327904,37.09757747284278,37.300785064697266,171100,0.0,0.0
2014-01-07 00:00:00-05:00,37.34142389230667,37.70719815750254,37.00003664525827,37.43083572387695,201100,0.0,0.0
2014-01-08 00:00:00-05:00,37.349542893809314,37.52023646688752,36.934997815532896,37.357669830322266,284500,0.0,0.0
2014-01-09 00:00:00-05:00,37.42272276214604,37.48774759985528,36.80496975004305,37.04069137573242,147400,0.0,0.0
2014-01-10 00:00:00-05:00,37.02442284804448,37.30891533884678,36.53672586481453,36.90250015258789,152900,0.0,0.0
2014-01-13 00:00:00-05:00,36.72368930005566,37.41459411763638,35.845830702905545,35.97588348388672,433100,0.0,0.0
2014-01-14 00:00:00-05:00,35.984007672454084,36.82935216165054,35.58571935135305,36.715553283691406,429100,0.0,0.0
2014-01-15 00:00:00-05:00,36.69929435198715,36.69929435198715,35.008605606233836,35.26871109008789,541700,0.0,0.0
2014-01-16 00:00:00-05:00,35.13053018579881,35.59384325658434,34.70785801406955,35.48817443847656,357600,0.0,0.0
2014-01-17 00:00:00-05:00,35.471932271047095,35.845833659621086,35.431291355020036,35.561344146728516,221900,0.0,0.0
2014-01-21 00:00:00-05:00,35.699506566084615,36.21159054161908,35.56132689847305,35.87833023071289,229700,0.0,0.0
2014-01-22 00:00:00-05:00,36.01650874676652,36.11404750654718,35.70763238997627,36.00025177001953,167300,0.0,0.0
2014-01-23 00:00:00-05:00,35.84580882336976,35.84580882336976,35.17928834008359,35.38249588012695,138600,0.0,0.0
2014-01-24 00:00:00-05:00,35.03299617876473,35.03299617876473,34.28519354586014,34.43150329589844,298100,0.0,0.0
2014-01-27 00:00:00-05:00,34.48026484000776,34.821655227900955,33.63492356190009,34.35021209716797,278700,0.0,0.0
2014-01-28 00:00:00-05:00,34.23640823364258,34.91105880921864,33.927534980423374,34.23640823364258,359300,0.0,0.0
2014-01-29 00:00:00-05:00,34.0006934771971,34.529031320165096,33.68368705057442,33.81373977661133,256200,0.0,0.0
2014-01-30 00:00:00-05:00,34.20390181940085,35.48004519111113,34.00882117563739,35.057373046875,407000,0.0,0.0
2014-01-31 00:00:00-05:00,34.37459375615145,35.70763493749611,34.25266797220102,34.87854766845703,292600,0.0,0.0
2014-02-03 00:00:00-05:00,34.894812383680595,35.431280370752255,32.513218854530095,32.74081039428711,444100,0.0,0.0
2014-02-04 00:00:00-05:00,33.049682690937196,34.04946367306861,32.870859017470806,33.52112579345703,286400,0.0,0.0
2014-02-05 00:00:00-05:00,33.26102742929659,33.65118885489605,32.334401020079056,33.4073371887207,336500,0.0,0.0
2014-02-06 00:00:00-05:00,33.66858676584471,34.37885915508297,33.56245310766458,34.10944366455078,144500,0.18,0.0
2014-02-07 00:00:00-05:00,34.30537637274242,34.59928299573118,33.823696766031155,34.32170486450195,252100,0.0,0.0
2014-02-10 00:00:00-05:00,34.32169617091475,34.42782666895708,33.59509560053914,33.676734924316406,193400,0.0,0.0
2014-02-11 00:00:00-05:00,33.71756131782239,34.248226371342135,33.66857895951306,33.96248245239258,257300,0.0,0.0
2014-02-12 00:00:00-05:00,33.97882767031682,34.43601629709544,33.57062454030321,33.970664978027344,421200,0.0,0.0
2014-02-13 00:00:00-05:00,34.37885397911505,34.71358028358762,32.82768147682282,34.27272033691406,357200,0.0,0.0
2014-02-14 00:00:00-05:00,34.23190788854979,34.69725911458628,33.61960331593944,34.38702392578125,310900,0.0,0.0
2014-02-18 00:00:00-05:00,34.48497659109141,34.958490256389425,34.32985752187307,34.36251449584961,268300,0.0,0.0
2014-02-19 00:00:00-05:00,34.19924931531559,35.407529908988764,34.19924931531559,34.403350830078125,298500,0.0,0.0
2014-02-20 00:00:00-05:00,34.41967319629669,34.648265855538654,33.88084541783965,34.18291473388672,147400,0.0,0.0
2014-02-21 00:00:00-05:00,34.28903786157262,34.53395893771577,34.182904253319094,34.36251449584961,148500,0.0,0.0
2014-02-24 00:00:00-05:00,34.33803011034182,34.93400598869176,34.011466534703544,34.61560821533203,176800,0.0,0.0
2014-02-25 00:00:00-05:00,34.62378417151206,34.901362382873515,34.509487810541266,34.746246337890625,202600,0.0,0.0
2014-02-26 00:00:00-05:00,34.917680778951706,35.5136567132929,34.86053261499717,35.25240707397461,172500,0.0,0.0
2014-02-27 00:00:00-05:00,35.244240718438974,36.16678024463695,35.244240718438974,35.88920211791992,261000,0.0,0.0
2014-02-28 00:00:00-05:00,35.98716632628345,36.30556406492736,35.19525176602704,35.34220504760742,196100,0.0,0.0
2014-03-03 00:00:00-05:00,34.991150799998394,35.6116177971475,34.623767591134744,35.432010650634766,247500,0.0,0.0
2014-03-04 00:00:00-05:00,35.62794253761277,36.583138780168134,35.57079439050626,36.419857025146484,325800,0.0,0.0
2014-03-05 00:00:00-05:00,36.41988331079483,36.591327875852585,36.24027293920517,36.330078125,185400,0.0,0.0
2014-03-06 00:00:00-05:00,36.30556740824369,36.45252070335675,35.76673969760951,36.24025344848633,223300,0.0,0.0
2014-03-07 00:00:00-05:00,36.550495808378855,37.61182295109139,36.305574639190056,37.48936080932617,343100,0.0,0.0
2014-03-10 00:00:00-04:00,37.39140260867435,37.49753628462256,36.713787095333714,36.91788864135742,113500,0.0,0.0
2014-03-11 00:00:00-04:00,36.942369879485796,37.10565169519162,36.134126604629834,36.26475143432617,126600,0.0,0.0
2014-03-12 00:00:00-04:00,36.10146863194219,36.58314822066912,35.93002103203913,36.34638977050781,134700,0.0,0.0
2014-03-13 00:00:00-04:00,36.444361127639404,36.607642940588065,35.51365884247606,35.52998733520508,162700,0.0,0.0
2014-03-14 00:00:00-04:00,35.472838317611746,36.11779975041267,35.2279171612298,36.01982879638672,137500,0.0,0.0
2014-03-17 00:00:00-04:00,36.36272264534465,36.74643133343011,35.83205751919406,36.174949645996094,96400,0.0,0.0
2014-03-18 00:00:00-04:00,36.11780299585099,36.83623803721561,36.00350353921676,36.62397384643555,93300,0.0,0.0
2014-03-19 00:00:00-04:00,36.6566290377568,36.76275957077522,35.815728776891355,36.26475143432617,83900,0.0,0.0
2014-03-20 00:00:00-04:00,36.04432840552844,36.65663294391675,36.04432840552844,36.46885681152344,93000,0.0,0.0
2014-03-21 00:00:00-04:00,36.64030666525468,37.85675001106101,36.37905696222209,37.121986389160156,316700,0.0,0.0
2014-03-24 00:00:00-04:00,37.203621432458,37.203621432458,36.01983210126558,36.15862274169922,147200,0.0,0.0
2014-03-25 00:00:00-04:00,36.501510988727745,36.591316145733636,34.599286655484114,35.048309326171875,277500,0.0,0.0
2014-03-26 00:00:00-04:00,35.37487078191363,35.37487078191363,34.00330855717873,34.10127639770508,363600,0.0,0.0
2014-03-27 00:00:00-04:00,34.08495394410971,34.32171245547496,33.09710333173449,33.480812072753906,414000,0.0,0.0
2014-03-28 00:00:00-04:00,33.50529188043181,34.762557451090075,33.50529188043181,33.71755599975586,215400,0.0,0.0
2014-03-31 00:00:00-04:00,33.87268631600311,35.09729531620892,33.693075999383574,34.90951919555664,256400,0.0,0.0
2014-04-01 00:00:00-04:00,35.12178643550527,35.611628788956644,34.99932428997156,35.13811492919922,273900,0.0,0.0
2014-04-02 00:00:00-04:00,36.06881173708202,36.689278830575184,35.90552993952869,36.085140228271484,952300,0.0,0.0
2014-04-03 00:00:00-04:00,36.19128428579381,36.87706242718628,35.97085426277103,36.8035888671875,262200,0.0,0.0
2014-04-04 00:00:00-04:00,36.99951424800033,37.162796046937196,35.71775726500902,36.00349807739258,248500,0.0,0.0
2014-04-07 00:00:00-04:00,35.82388652189834,36.076970320686065,34.66458869408114,34.98298645019531,230400,0.0,0.0
2014-04-08 00:00:00-04:00,34.91768480948748,35.28506813041743,34.61561546309695,34.72991180419922,242200,0.0,0.0
2014-04-09 00:00:00-04:00,34.87686575364885,35.84022509486853,34.61561607952234,35.66877746582031,307800,0.0,0.0
2014-04-10 00:00:00-04:00,35.627950852267965,35.78306995719258,34.31353693338663,34.50947570800781,226900,0.0,0.0
2014-04-11 00:00:00-04:00,34.044141666003505,34.819728235897905,33.54613334909207,33.970664978027344,213900,0.0,0.0
2014-04-14 00:00:00-04:00,34.435995774904775,34.55845788666444,33.6930666456036,34.33802795410156,256800,0.0,0.0
2014-04-15 00:00:00-04:00,34.354362156967625,34.53396933925489,33.51346195266732,34.24006271362305,214500,0.0,0.0
2014-04-16 00:00:00-04:00,34.55846609483199,35.178933259744,34.3053791237757,34.86869812011719,185600,0.0,0.0
2014-04-17 00:00:00-04:00,34.72991645282129,35.48917437958979,34.72991645282129,35.14628219604492,196200,0.0,0.0
2014-04-21 00:00:00-04:00,35.26874125153801,35.38303759787326,34.452335218466956,34.713584899902344,117300,0.0,0.0
2014-04-22 00:00:00-04:00,34.762568476009214,35.28506781021619,34.60744934505661,35.048309326171875,200000,0.0,0.0
2014-04-23 00:00:00-04:00,35.06463509554574,35.28506506897854,34.87686210654923,35.17076873779297,265100,0.0,0.0
2014-04-24 00:00:00-04:00,35.889197191671784,38.24860938773662,35.57896523889114,36.72193145751953,807100,0.0,0.0
2014-04-25 00:00:00-04:00,36.7137736222585,36.79541296497132,35.6769377752309,35.94635009765625,426200,0.0,0.0
2014-04-28 00:00:00-04:00,36.134128748585965,36.877058095503386,35.578975525193655,36.74643325805664,340000,0.0,0.0
2014-04-29 00:00:00-04:00,36.91787638952099,36.99951573510007,36.256586478701415,36.47701644897461,401600,0.0,0.0
2014-04-30 00:00:00-04:00,36.51782927151725,37.562827647740725,36.150446056644675,37.44036865234375,440200,0.0,0.0
2014-05-01 00:00:00-04:00,37.489357889132755,38.371077766741756,36.92603893244349,38.13431930541992,481900,0.0,0.0
2014-05-02 00:00:00-04:00,38.27312073398248,39.12218075309868,38.06085339344673,38.73847198486328,354100,0.0,0.0
2014-05-05 00:00:00-04:00,38.61599600895486,38.84459176427366,38.10165945241399,38.77927780151367,211500,0.0,0.0
2014-05-06 00:00:00-04:00,38.60784145470109,38.68948081100974,37.64448210141828,37.73428726196289,347500,0.0,0.0
2014-05-07 00:00:00-04:00,37.72611646600078,37.93838374726406,36.83623389687719,37.407718658447266,276800,0.0,0.0
2014-05-08 00:00:00-04:00,37.48968809391333,39.055515761870495,37.20275755029882,37.35032272338867,518900,0.19,0.0
2014-05-09 00:00:00-04:00,37.219163827918585,37.76023522927592,36.915833599306886,37.58807373046875,393500,0.0,0.0
2014-05-12 00:00:00-04:00,37.83402226512795,38.907965388863424,37.661860746162866,38.61283493041992,617200,0.0,0.0
2014-05-13 00:00:00-04:00,38.65382297089444,38.77679189531477,37.76843170398394,37.784828186035156,316100,0.0,0.0
2014-05-14 00:00:00-04:00,37.7356346863147,37.81761708776421,36.98141535683226,37.096187591552734,483900,0.0,0.0
2014-05-15 00:00:00-04:00,36.85844896051253,37.014213983456315,36.39935995135444,36.620704650878906,374700,0.0,0.0
2014-05-16 00:00:00-04:00,36.62071093053895,36.87485176655207,36.41575955136026,36.809268951416016,231500,0.0,0.0
2014-05-19 00:00:00-04:00,36.69448722418995,37.30934125569474,36.69448722418995,37.06340026855469,266100,0.0,0.0
2014-05-20 00:00:00-04:00,36.866647466537216,36.866647466537216,36.161614367533396,36.3665657043457,436900,0.0,0.0
2014-05-21 00:00:00-04:00,36.65349610834605,37.64545982210115,36.65349610834605,37.629066467285156,296600,0.0,0.0
2014-05-22 00:00:00-04:00,37.776626763940776,38.202922734493086,37.56347565135583,37.579872131347656,245000,0.0,0.0
2014-05-23 00:00:00-04:00,37.579867197118105,38.18652436792653,37.48149145739266,38.12913513183594,356900,0.0,0.0
2014-05-27 00:00:00-04:00,38.46526951096861,38.916165002088256,38.28491444183031,38.58824157714844,222800,0.0,0.0
2014-05-28 00:00:00-04:00,38.5472387327398,38.5472387327398,37.93238486697849,38.02256393432617,213000,0.0,0.0
2014-05-29 00:00:00-04:00,38.16193079596175,38.24391319097511,37.52248375140061,38.120941162109375,250700,0.0,0.0
2014-05-30 00:00:00-04:00,38.17833782022297,38.45707178564042,37.92419701644812,38.13734817504883,341400,0.0,0.0
2014-06-02 00:00:00-04:00,38.006188578907924,38.19474349392543,37.57988928644261,37.83403015136719,447300,0.0,0.0
2014-06-03 00:00:00-04:00,37.776633814938286,39.129310829998396,37.73564104365304,38.530853271484375,439100,0.0,0.0
2014-06-04 00:00:00-04:00,38.44068488346766,39.080132264033416,37.98979241954795,39.03914260864258,250600,0.0,0.0
2014-06-05 00:00:00-04:00,38.93255476087151,39.834339332717775,38.51445230993062,39.6375846862793,371400,0.0,0.0
2014-06-06 00:00:00-04:00,39.57199683286716,40.26882999232183,39.57199683286716,39.7851448059082,390800,0.0,0.0
2014-06-09 00:00:00-04:00,39.8015443736887,40.277032921130775,39.57199990378361,40.088478088378906,291800,0.0,0.0
2014-06-10 00:00:00-04:00,39.973704176721334,40.01469694267099,39.64578394028689,39.74415969848633,228100,0.0,0.0
2014-06-11 00:00:00-04:00,39.514624572433156,39.60480367517132,38.89157065932026,39.02273941040039,250900,0.0,0.0
2014-06-12 00:00:00-04:00,38.85877486983049,38.86697154732053,37.15357823945358,37.27655029296875,591600,0.0,0.0
2014-06-13 00:00:00-04:00,37.49790863171609,37.76844284710603,36.727289384493034,37.00602340698242,398100,0.0,0.0
2014-06-16 00:00:00-04:00,37.03879606422971,38.02256284677094,36.9240238462731,37.97337341308594,395300,0.0,0.0
2014-06-17 00:00:00-04:00,37.9159898655389,38.20292042981413,37.68644541411871,38.120941162109375,272700,0.0,0.0
2014-06-18 00:00:00-04:00,38.07995716256564,38.383284250723804,37.87500583567057,38.30950164794922,314800,0.0,0.0
2014-06-19 00:00:00-04:00,38.366897003930895,38.55545189478107,37.97339073685532,38.473472595214844,209400,0.0,0.0
2014-06-20 00:00:00-04:00,39.326062352297626,40.08028174848827,38.9653460086333,39.555606842041016,649700,0.0,0.0
2014-06-23 00:00:00-04:00,39.55560885923695,39.79335316562908,39.12111301654803,39.14570617675781,309300,0.0,0.0
2014-06-24 00:00:00-04:00,38.981742477472196,39.17029732645745,38.4406710894639,38.48986053466797,292000,0.0,0.0
2014-06-25 00:00:00-04:00,38.27670614919252,38.47346078599243,37.85040704221675,38.38328170776367,456000,0.0,0.0
2014-06-26 00:00:00-04:00,38.44067111685845,38.711208374709955,37.79302416076768,38.67021560668945,706200,0.0,0.0
2014-06-27 00:00:00-04:00,38.50626069444049,39.99830627441406,38.4078817946354,39.99830627441406,3633400,0.0,0.0
2014-06-30 00:00:00-04:00,39.97371065888361,40.87549849175801,39.74416614342552,40.58036804199219,708900,0.0,0.0
2014-07-01 00:00:00-04:00,40.990271415815805,41.367381162287025,40.8427061885341,40.98207473754883,459800,0.0,0.0
2014-07-02 00:00:00-04:00,41.187018072903506,41.56412774592756,40.96567027509141,41.11323547363281,564300,0.0,0.0
2014-07-03 00:00:00-04:00,41.342784678703794,42.031421308256924,41.318191518569165,41.94124221801758,483400,0.0,0.0
2014-07-07 00:00:00-04:00,41.859268120085154,42.17079194476016,41.187027889751164,41.35098648071289,351000,0.0,0.0
2014-07-08 00:00:00-04:00,41.35098856814555,41.490357130270056,40.59676900425706,40.94108581542969,454000,0.0,0.0
2014-07-09 00:00:00-04:00,40.949278522567305,41.48215013233026,40.949278522567305,41.277198791503906,260200,0.0,0.0
2014-07-10 00:00:00-04:00,40.58036979675293,41.178827400296576,40.3098324969993,40.990272521972656,325700,0.0,0.0
2014-07-11 00:00:00-04:00,40.99845829784473,41.21160940956963,40.629548445097925,40.88368606567383,285800,0.0,0.0
2014-07-14 00:00:00-04:00,41.14602585785138,41.285394381585924,40.867291937691235,41.00666046142578,251500,0.0,0.0
2014-07-15 00:00:00-04:00,40.998462847627636,41.19521750126162,40.36721550063536,40.62135314941406,313700,0.0,0.0
2014-07-16 00:00:00-04:00,41.088630278327024,41.13781970960968,40.326211293641265,40.44098663330078,220200,0.0,0.0
2014-07-17 00:00:00-04:00,40.17865010431126,40.26063249789763,39.36704473531179,39.42443084716797,364900,0.0,0.0
2014-07-18 00:00:00-04:00,39.580198574486886,40.1212699431735,39.27687149149974,40.08028030395508,249000,0.0,0.0
2014-07-21 00:00:00-04:00,39.89173290231149,40.0392981328689,39.58840576274775,39.834346771240234,245900,0.0,0.0
2014-07-22 00:00:00-04:00,40.22784510815133,41.02305723580249,39.51461538543322,39.80974578857422,468800,0.0,0.0
2014-07-23 00:00:00-04:00,39.949113917998126,40.309827142444696,39.735965905213604,40.20325469970703,314100,0.0,0.0
2014-07-24 00:00:00-04:00,40.211449393695915,41.17062322218845,40.19505291239675,40.834503173828125,485100,0.0,0.0
2014-07-25 00:00:00-04:00,40.85090112203666,41.014859686297825,39.49822107571803,39.64578628540039,591200,0.0,0.0
2014-07-28 00:00:00-04:00,39.686775568652834,39.82614409978926,38.98174249037341,39.555606842041016,439200,0.0,0.0
2014-07-29 00:00:00-04:00,39.662171971962024,39.744151231779334,39.36704163292644,39.38343811035156,331800,0.0,0.0
2014-07-30 00:00:00-04:00,39.60479683333037,39.80154836230633,38.44067163220415,38.82598114013672,524000,0.0,0.0
2014-07-31 00:00:00-04:00,38.84237521874046,39.26867434155677,37.997973649929186,38.0799560546875,659800,0.0,0.0
2014-08-01 00:00:00-04:00,38.11275733415204,38.74400478835238,37.92419932571233,38.440677642822266,386900,0.0,0.0
2014-08-04 00:00:00-04:00,38.51445423739742,38.95714986855708,38.43247495487564,38.82598114013672,261400,0.0,0.0
2014-08-05 00:00:00-04:00,38.58822976030573,39.13750085978066,38.3094958726562,38.498050689697266,155600,0.0,0.0
2014-08-06 00:00:00-04:00,38.19472885131836,38.87516562054088,38.120946249613844,38.19472885131836,241100,0.0,0.0
2014-08-07 00:00:00-04:00,38.408794600259924,38.66402787282487,38.08768950960205,38.334693908691406,338900,0.2,0.0
2014-08-08 00:00:00-04:00,38.41702342231292,38.9686625561056,38.32645556894464,38.902793884277344,234200,0.0,0.0
2014-08-11 00:00:00-04:00,39.24037278968116,39.53677560545824,38.96867230241346,39.1827392578125,167900,0.0,0.0
2014-08-12 00:00:00-04:00,39.149800046229714,39.48736917983042,38.65579750854774,38.84516525268555,170000,0.0,0.0
2014-08-13 00:00:00-04:00,38.94396180037555,39.33093241095541,38.46642647357539,39.009830474853516,165300,0.0,0.0
2014-08-14 00:00:00-04:00,39.20744258515493,39.73437958404205,38.94397408571137,39.429744720458984,170400,0.0,0.0
2014-08-15 00:00:00-04:00,39.78377765936189,39.93197907006053,38.70520142389782,38.87810516357422,293400,0.0,0.0
2014-08-18 00:00:00-04:00,39.24859950482988,39.4873687564927,39.092166102425715,39.38856887817383,209900,0.0,0.0
2014-08-19 00:00:00-04:00,39.6108698776894,39.84140396773167,39.248598432432786,39.44620132446289,192100,0.0,0.0
2014-08-20 00:00:00-04:00,39.44620832184038,39.70967679742301,39.18273984625775,39.66851043701172,210500,0.0,0.0
2014-08-21 00:00:00-04:00,39.66850811807159,39.76730800544145,39.14980321299424,39.46267318725586,167200,0.0,0.0
2014-08-22 00:00:00-04:00,39.51208398594481,39.5779495460713,39.06747967711902,39.265079498291016,251400,0.0,0.0
2014-08-25 00:00:00-04:00,39.45444283331165,39.89904709177793,39.330943744265795,39.80024719238281,155500,0.0,0.0
2014-08-26 00:00:00-04:00,39.8331821975308,40.12958504140769,39.53677935365391,39.89081573486328,143100,0.0,0.0
2014-08-27 00:00:00-04:00,39.83318788386109,39.989621344553235,39.553252173659125,39.619117736816406,151800,0.0,0.0
2014-08-28 00:00:00-04:00,39.35563531672615,39.684972438690345,38.919266299796426,39.487369537353516,111600,0.0,0.0
2014-08-29 00:00:00-04:00,39.503848930081695,39.84965332921566,39.33918031815088,39.4956169128418,113000,0.0,0.0
2014-09-02 00:00:00-04:00,39.66027041556966,39.841406148110885,39.116866358737575,39.330936431884766,246200,0.0,0.0
2014-09-03 00:00:00-04:00,39.462679404279044,39.64381517698673,39.24037726708114,39.273311614990234,232100,0.0,0.0
2014-09-04 00:00:00-04:00,39.33094854921341,39.58618505635715,38.96868011331259,39.108646392822266,246600,0.0,0.0
2014-09-05 00:00:00-04:00,38.861642339375514,39.108643671245964,38.58993867576338,39.05101013183594,185900,0.0,0.0
2014-09-08 00:00:00-04:00,39.026319795184946,39.026319795184946,37.93951117574575,38.04654312133789,402900,0.0,0.0
2014-09-09 00:00:00-04:00,38.04652993402401,38.32646558083848,37.750127114950814,37.923030853271484,394600,0.0,0.0
2014-09-10 00:00:00-04:00,37.90655876248227,37.99712662775775,36.704483610696855,36.877384185791016,431800,0.0,0.0
2014-09-11 00:00:00-04:00,36.605682107735014,36.78681784579635,35.971710165312025,36.27634811401367,675000,0.0,0.0
2014-09-12 00:00:00-04:00,36.27634027069967,36.46570798282434,35.864670511961414,36.04580307006836,575300,0.0,0.0
2014-09-15 00:00:00-04:00,35.95523961487578,36.23517521066166,35.78233904886458,35.82350540161133,416300,0.0,0.0
2014-09-16 00:00:00-04:00,35.76587821086454,36.062281028376475,35.61767680210858,35.864681243896484,459800,0.0,0.0
2014-09-17 00:00:00-04:00,35.85644772463875,36.35868550604508,35.774115000811385,35.979949951171875,606600,0.0,0.0
2014-09-18 00:00:00-04:00,36.0952292464842,36.59746719800107,36.0952292464842,36.399864196777344,325900,0.0,0.0
2014-09-19 00:00:00-04:00,36.50688911977101,36.539823467601884,35.88938423150749,35.95524978637695,317700,0.0,0.0
2014-09-22 00:00:00-04:00,35.92231071021455,35.93054272497283,35.15660456523962,35.23070526123047,360600,0.0,0.0
2014-09-23 00:00:00-04:00,35.049582397082254,35.304818919381155,34.04510662503347,34.06980895996094,593700,0.0,0.0
2014-09-24 00:00:00-04:00,34.168606654106384,34.53911024598412,33.83926943003895,34.49794387817383,522100,0.0,0.0
2014-09-25 00:00:00-04:00,34.349723853656286,34.43205654472395,33.691049761951646,33.96275329589844,360200,0.0,0.0
2014-09-26 00:00:00-04:00,34.02040405158282,34.4403091549196,33.94630333574647,34.234474182128906,303000,0.0,0.0
2014-09-29 00:00:00-04:00,33.9709917607389,34.19329383779202,33.7486928244772,34.01216125488281,527100,0.0,0.0
2014-09-30 00:00:00-04:00,34.02863392122902,34.201534517713974,33.39466192665895,33.41936111450195,1041100,0.0,0.0
2014-10-01 00:00:00-04:00,33.28763003276298,33.35349558685055,32.78539222707732,32.92536163330078,669800,0.0,0.0
2014-10-02 00:00:00-04:00,33.55109993067816,34.46500769512034,33.54286791387081,33.83103561401367,1627000,0.0,0.0
2014-10-03 00:00:00-04:00,34.250935823425884,36.02111772208524,34.1603710799901,35.856449127197266,1315100,0.0,0.0
2014-10-06 00:00:00-04:00,35.9387854360044,36.09521887563169,34.93430982157588,34.991943359375,514100,0.0,0.0
2014-10-07 00:00:00-04:00,34.77787493120789,34.81080613658207,34.07803420873853,34.17683410644531,434200,0.0,0.0
2014-10-08 00:00:00-04:00,34.127433332511096,35.0001714591139,33.97923192595743,34.983707427978516,529600,0.0,0.0
2014-10-09 00:00:00-04:00,34.86844580685006,34.959013704346155,33.987472307048805,34.06157302856445,257400,0.0,0.0
2014-10-10 00:00:00-04:00,34.06979566177353,34.65436606060488,33.896891947940325,34.11919403076172,461100,0.0,0.0
2014-10-13 00:00:00-04:00,33.71575901004317,33.748693349554145,30.669401702691374,30.883468627929688,1319000,0.0,0.0
2014-10-14 00:00:00-04:00,30.965797165231486,31.59976891756596,30.85876215748911,31.122230529785156,451000,0.0,0.0
2014-10-15 00:00:00-04:00,30.578844354047643,31.8220894013521,29.93664021671763,31.50098419189453,729900,0.0,0.0
2014-10-16 00:00:00-04:00,30.95757750371403,32.83479452171,30.916411138840537,32.307857513427734,578200,0.0,0.0
2014-10-17 00:00:00-04:00,32.83479568918564,33.32879836681697,32.62896071670718,32.974761962890625,512200,0.0,0.0
2014-10-20 00:00:00-04:00,32.818324952078875,33.69929828739405,32.735989087549555,33.21352767944336,287600,0.0,0.0
2014-10-21 00:00:00-04:00,33.31232867805549,34.1356685058322,33.27116231482509,33.87220001220703,412800,0.0,0.0
2014-10-22 00:00:00-04:00,33.839262974800185,34.481470125143844,33.065324728909864,33.10649108886719,336100,0.0,0.0
2014-10-23 00:00:00-04:00,33.59225579624478,35.214235849241014,33.59225579624478,35.03310012817383,554600,0.0,0.0
2014-10-24 00:00:00-04:00,35.12367069555576,35.43654065402222,34.53910027534099,35.3953742980957,264000,0.0,0.0
2014-10-27 00:00:00-04:00,35.17306575255119,35.23893128178833,34.374425402810004,34.95076370239258,518500,0.0,0.0
2014-10-28 00:00:00-04:00,35.370674715627736,36.819754426663344,35.02487353007107,36.564517974853516,558100,0.0,0.0
2014-10-29 00:00:00-04:00,36.96796203366844,37.000893242013525,34.90137716678122,36.054054260253906,761800,0.0,0.0
2014-10-30 00:00:00-04:00,36.070503991965325,36.663306285812595,35.94700181281875,36.5562744140625,334400,0.0,0.0
2014-10-31 00:00:00-04:00,36.98442265908259,37.32199499544363,36.630389431254585,37.247894287109375,388800,0.0,0.0
2014-11-03 00:00:00-05:00,37.57723625422188,37.82423762052048,36.910332879294934,37.17380142211914,574700,0.0,0.0
2014-11-04 00:00:00-05:00,37.17380299112927,37.48666993594284,36.75389782398504,36.96796798706055,510500,0.0,0.0
2014-11-05 00:00:00-05:00,37.79128988411936,38.41702661452692,37.67601969884167,38.334693908691406,647400,0.0,0.0
2014-11-06 00:00:00-05:00,38.08658242885948,38.83921619157229,37.86327309420547,38.77305221557617,287200,0.21,0.0
2014-11-07 00:00:00-05:00,38.706887377394786,38.86403274536133,38.28508293474399,38.86403274536133,405000,0.0,0.0
2014-11-10 00:00:00-05:00,38.86403057283168,39.29410430579696,38.50011766106072,38.95500564575195,412700,0.0,0.0
2014-11-11 00:00:00-05:00,38.88883935589694,39.31891621829785,38.81440291519251,39.21966552734375,236700,0.0,0.0
2014-11-12 00:00:00-05:00,39.103871306224164,39.96402492316851,38.91364557161526,39.69109344482422,389500,0.0,0.0
2014-11-13 00:00:00-05:00,39.757262944848435,39.9061358283196,39.327186076489774,39.47605895996094,335700,0.0,0.0
2014-11-14 00:00:00-05:00,39.409889163294416,39.65800954740831,39.203121650695856,39.36026382446289,247700,0.0,0.0
2014-11-17 00:00:00-05:00,39.17830174725928,39.69108737608416,38.814392113434465,39.12040710449219,497300,0.0,0.0
2014-11-18 00:00:00-05:00,39.120422408928974,39.823434018304994,38.773054416431336,39.170047760009766,325400,0.0,0.0
2014-11-19 00:00:00-05:00,39.269289617281096,39.34372605560561,38.921921675114845,39.2362060546875,216500,0.0,0.0
2014-11-20 00:00:00-05:00,38.90538252997642,39.46779051208664,38.830946086608236,39.35200119018555,323100,0.0,0.0
2014-11-21 00:00:00-05:00,39.83996712689401,40.38583644808113,39.64147206011887,39.873050689697266,335300,0.0,0.0
2014-11-24 00:00:00-05:00,39.9474802006188,40.04672771679441,39.525675890606216,39.64973449707031,331400,0.0,0.0
2014-11-25 00:00:00-05:00,39.906123791425316,40.054996629991926,39.5256723839868,39.62491989135742,270500,0.0,0.0
2014-11-26 00:00:00-05:00,39.64974502540181,39.68282859125236,39.128693060856925,39.28583526611328,286900,0.0,0.0
2014-11-28 00:00:00-05:00,39.285831649952094,39.65801384395608,38.83094370395709,39.16176986694336,158200,0.0,0.0
2014-12-01 00:00:00-05:00,38.97980781961395,39.03770246399846,38.29333824330988,38.39258575439453,309900,0.0,0.0
2014-12-02 00:00:00-05:00,38.48356529420958,39.75725382506354,38.43394311445008,39.61665344238281,344100,0.0,0.0
2014-12-03 00:00:00-05:00,39.62493204734389,40.89034840833836,39.45124806740786,40.468544006347656,337200,0.0,0.0
2014-12-04 00:00:00-05:00,40.32793768143559,40.58433055456083,40.0053808392916,40.220420837402344,270800,0.0,0.0
2014-12-05 00:00:00-05:00,40.39410370159563,40.518165478270895,40.104630429382745,40.418914794921875,216400,0.0,0.0
2014-12-08 00:00:00-05:00,40.18733625412552,40.4519984335191,39.58357546019503,39.806884765625,165500,0.0,0.0
2014-12-09 00:00:00-05:00,39.15349713078856,40.278312927654575,39.15349713078856,40.20387649536133,163800,0.0,0.0
2014-12-10 00:00:00-05:00,40.0219132440577,40.377553564903515,39.32717437950092,39.500858306884766,227800,0.0,0.0
2014-12-11 00:00:00-05:00,39.69936036731285,40.56778324434348,39.40161465975453,39.856502532958984,176000,0.0,0.0
2014-12-12 00:00:00-05:00,39.467784637048105,40.162523620060604,39.3437228648944,39.54222106933594,321400,0.0,0.0
2014-12-15 00:00:00-05:00,39.724177560365455,39.914403312745385,38.77304879846583,39.2362060546875,232400,0.0,0.0
2014-12-16 00:00:00-05:00,39.070802062398386,39.60012654556003,38.541474424213945,38.64899444580078,320700,0.0,0.0
2014-12-17 00:00:00-05:00,38.72341354893577,39.73243986477139,38.28506749927928,39.62491989135742,266900,0.0,0.0
2014-12-18 00:00:00-05:00,40.36100939411468,40.38582363585601,39.575292379424724,40.195594787597656,238500,0.0,0.0
2014-12-19 00:00:00-05:00,40.4519850563125,41.00612348024552,40.05499191850516,40.708377838134766,299500,0.0,0.0
2014-12-22 00:00:00-05:00,40.7580170357235,41.0144099246576,40.542980179375974,40.89862060546875,130200,0.0,0.0
2014-12-23 00:00:00-05:00,41.05576472607799,41.9407295985159,40.981328280965336,41.32042694091797,290900,0.0,0.0
2014-12-24 00:00:00-05:00,41.34522645266851,41.68432499172928,41.14672828479378,41.22116470336914,61000,0.0,0.0
2014-12-26 00:00:00-05:00,41.36178374779406,41.47757623842591,40.882084620981736,41.0144157409668,122200,0.0,0.0
2014-12-29 00:00:00-05:00,40.98959075365881,41.72568255635912,40.956507196116355,41.70914077758789,223200,0.0,0.0
2014-12-30 00:00:00-05:00,41.49410069228585,41.74222421813714,41.039212819927954,41.30387496948242,195600,0.0,0.0
2014-12-31 00:00:00-05:00,41.411405544787534,41.634714882152785,40.54298244727099,40.58433532714844,515900,0.0,0.0
2015-01-02 00:00:00-05:00,40.71666422371281,41.039221086264575,39.8316993913192,40.59260559082031,250500,0.0,0.0
2015-01-05 00:00:00-05:00,40.55123504327696,40.55123504327696,39.58356480198911,39.88957977294922,295400,0.0,0.0
2015-01-06 00:00:00-05:00,40.055008428768055,40.80764215432214,39.43470580369528,40.261775970458984,692300,0.0,0.0
2015-01-07 00:00:00-05:00,40.66703620393579,41.23771660479849,39.60011814910532,40.476810455322266,420700,0.0,0.0
2015-01-08 00:00:00-05:00,40.890344341309515,41.69260334268039,40.890344341309515,41.25425720214844,378400,0.0,0.0
2015-01-09 00:00:00-05:00,41.11365159832576,41.19636049668093,40.576057956615585,40.7828254699707,279400,0.0,0.0
2015-01-12 00:00:00-05:00,40.79109773311436,40.96478169969167,40.129442273518364,40.551246643066406,359000,0.0,0.0
2015-01-13 00:00:00-05:00,40.90687894916591,41.36176679043221,39.55048473665336,39.91439437866211,231000,0.0,0.0
2015-01-14 00:00:00-05:00,39.21966452434152,39.61666096796057,38.48357260454597,39.16176986694336,347000,0.0,0.0
2015-01-15 00:00:00-05:00,39.20313152990698,39.36854305765214,38.11966835504933,38.15275192260742,215200,0.0,0.0
2015-01-16 00:00:00-05:00,38.05349550965485,39.3023731798747,38.05349550965485,39.2362060546875,247800,0.0,0.0
2015-01-20 00:00:00-05:00,39.575302107485065,39.60838566792503,38.070034812708585,38.558006286621094,308100,0.0,0.0
2015-01-21 00:00:00-05:00,38.5579970617438,39.30236121844629,38.21062922529678,39.07905197143555,268800,0.0,0.0
2015-01-22 00:00:00-05:00,39.351992478509274,39.922669647981586,39.08732717344056,39.856502532958984,310000,0.0,0.0
2015-01-23 00:00:00-05:00,39.9474816180393,40.50988948802592,39.50086304686961,40.394100189208984,185900,0.0,0.0
2015-01-26 00:00:00-05:00,40.80763311830342,41.74222308320675,40.40236743811722,41.72568130493164,367200,0.0,0.0
2015-01-27 00:00:00-05:00,40.91516157074003,41.560275281927,40.55952115174664,41.42794418334961,246000,0.0,0.0
2015-01-28 00:00:00-05:00,41.32869146176612,41.65124827688142,40.55124359454273,40.68357467651367,200100,0.0,0.0
2015-01-29 00:00:00-05:00,40.95649973986073,41.336951117271546,40.41890307024287,41.22943115234375,410100,0.0,0.0
2015-01-30 00:00:00-05:00,40.95651185638407,41.08057047875183,39.815154231472675,39.98883819580078,360100,0.0,0.0
2015-02-02 00:00:00-05:00,40.06326722198875,40.088081465890845,38.657250831714975,39.91439437866211,356900,0.0,0.0
2015-02-03 00:00:00-05:00,40.51815799182685,42.04823612799528,40.46853265932149,41.96553039550781,308900,0.0,0.0
2015-02-04 00:00:00-05:00,41.89937821165928,42.26328798127276,41.477573777676,41.58509063720703,221800,0.0,0.0
2015-02-05 00:00:00-05:00,41.965545215213076,42.76780119971876,41.833214103488864,42.65201187133789,275400,0.0,0.0
2015-02-06 00:00:00-05:00,42.710143429561036,43.59059485509479,42.568940659491666,43.34971618652344,400800,0.22,0.0
2015-02-09 00:00:00-05:00,43.191901949143634,43.557370748039254,42.9094932327346,43.16698455810547,244800,0.0,0.0
2015-02-10 00:00:00-05:00,43.573978515612126,43.7733271271968,42.801507794596866,43.341407775878906,355700,0.0,0.0
2015-02-11 00:00:00-05:00,40.90771124614653,41.82969265632538,39.30462707987028,40.25152587890625,1087700,0.0,0.0
2015-02-12 00:00:00-05:00,40.45918761576369,40.66684101535419,39.611961365209716,39.83622741699219,1094800,0.0,0.0
2015-02-13 00:00:00-05:00,39.83622707207024,40.82465927342791,39.83622707207024,40.716678619384766,545800,0.0,0.0
2015-02-17 00:00:00-05:00,40.67514943884255,40.91602497731625,39.595349212518585,39.620269775390625,577600,0.0,0.0
2015-02-18 00:00:00-05:00,39.5787390204246,39.620269066415574,39.28802236140897,39.58704376220703,402900,0.0,0.0
2015-02-19 00:00:00-05:00,39.86945040427902,40.55886117175185,39.603654321733636,40.16016387939453,599600,0.0,0.0
2015-02-20 00:00:00-05:00,40.068799393320745,40.068799393320745,39.595346750662564,39.952510833740234,450800,0.0,0.0
2015-02-23 00:00:00-05:00,39.969130942763044,40.30968243801399,39.49568138030538,39.70333480834961,436700,0.0,0.0
2015-02-24 00:00:00-05:00,39.66179044298382,39.86944379608845,39.47074973835221,39.7614631652832,598200,0.0,0.0
2015-02-25 00:00:00-05:00,39.85283801789941,40.06049140680168,39.50398184544243,39.69502258300781,409000,0.0,0.0
2015-02-26 00:00:00-05:00,39.611950699249974,39.994035259705925,39.611950699249974,39.869441986083984,275700,0.0,0.0
2015-02-27 00:00:00-05:00,39.98573474361905,41.01569691282251,39.70332601726803,40.97416687011719,771400,0.0,0.0
2015-03-02 00:00:00-05:00,41.14859669159505,42.05396560244944,41.14859669159505,41.99582290649414,580400,0.0,0.0
2015-03-03 00:00:00-05:00,42.00411971629677,42.01242762474404,40.799729643075864,41.331321716308594,615300,0.0,0.0
2015-03-04 00:00:00-05:00,41.06553165735587,41.356248293093245,40.417654119863165,40.525634765625,433200,0.0,0.0
2015-03-05 00:00:00-05:00,40.550551347881154,40.982470753765604,40.40104066243888,40.94924545288086,356900,0.0,0.0
2015-03-06 00:00:00-05:00,40.58377660050176,40.924328012817696,40.450878565659906,40.50071334838867,346900,0.0,0.0
2015-03-09 00:00:00-04:00,40.4674962315709,40.79973977558381,39.935904026318646,40.766517639160156,322800,0.0,0.0
2015-03-10 00:00:00-04:00,40.35951024357191,40.45918297675594,39.76977541680273,39.994041442871094,391100,0.0,0.0
2015-03-11 00:00:00-04:00,39.86944847502465,40.57546869102091,39.78638839145065,40.50071334838867,415000,0.0,0.0
2015-03-12 00:00:00-04:00,40.749907021328994,41.86292944485161,40.50072039020303,41.838008880615234,348300,0.0,0.0
2015-03-13 00:00:00-04:00,41.78817113034558,41.912761268547136,40.84957688023806,41.41439437866211,291000,0.0,0.0
2015-03-16 00:00:00-04:00,41.58051633216494,42.06227055370278,41.41439298494733,42.0207405090332,255300,0.0,0.0
2015-03-17 00:00:00-04:00,41.788161993646305,42.37789675706126,41.788161993646305,42.02903747558594,222900,0.0,0.0
2015-03-18 00:00:00-04:00,41.81308264385328,42.35298267241552,41.256569965492616,42.21177673339844,206000,0.0,0.0
2015-03-19 00:00:00-04:00,42.14532677899303,42.3446722275589,41.837997528934245,42.286529541015625,239700,0.0,0.0
2015-03-20 00:00:00-04:00,42.2200891594022,42.26992394558997,41.530678377437866,42.0207405090332,410100,0.0,0.0
2015-03-23 00:00:00-04:00,42.020731431398794,42.51079345712725,41.788160696659396,42.14532470703125,255600,0.0,0.0
2015-03-24 00:00:00-04:00,42.10379485185937,42.56893952687581,41.72171342338454,42.36128616333008,365700,0.0,0.0
2015-03-25 00:00:00-04:00,42.53571267450203,42.53571267450203,41.33132257622331,41.35624313354492,194900,0.0,0.0
2015-03-26 00:00:00-04:00,41.33133182752004,41.505763093659716,40.70837162019974,41.22335433959961,289700,0.0,0.0
2015-03-27 00:00:00-04:00,41.19012208598633,42.09549089463103,41.123671487516766,41.93767547607422,293600,0.0,0.0
2015-03-30 00:00:00-04:00,42.203477791490116,42.85966012172224,42.07057974338165,42.76829528808594,267700,0.0,0.0
2015-03-31 00:00:00-04:00,42.52741658572078,42.86796803203244,42.40282327938311,42.76829528808594,380800,0.0,0.0
2015-04-01 00:00:00-04:00,42.58556133878881,42.7350720461932,41.88784576041481,42.23670196533203,214400,0.0,0.0
2015-04-02 00:00:00-04:00,42.510804407918215,43.82317225156351,42.510804407918215,43.748416900634766,674100,0.0,0.0
2015-04-06 00:00:00-04:00,43.5407552521533,44.55410466866344,43.31649241038881,44.354759216308594,700400,0.0,0.0
2015-04-07 00:00:00-04:00,44.42121086615434,44.60394685529635,43.856393416569155,44.18033218383789,444700,0.0,0.0
2015-04-08 00:00:00-04:00,44.08066268781084,44.304928735911005,43.39125506013053,43.9145393371582,304900,0.0,0.0
2015-04-09 00:00:00-04:00,43.972682034605725,44.11388799164925,43.27496649669612,43.9145393371582,219800,0.0,0.0
2015-04-10 00:00:00-04:00,44.01420458306408,44.163712077029196,43.690262701946956,43.71518325805664,181500,0.0,0.0
2015-04-13 00:00:00-04:00,43.78994237134101,43.88961509877245,43.22512496833139,43.49092102050781,235300,0.0,0.0
2015-04-14 00:00:00-04:00,43.573994446364146,43.7068925131622,43.059014833589146,43.158687591552734,195700,0.0,0.0
2015-04-15 00:00:00-04:00,43.49093648325368,43.74842471804371,43.24175299181106,43.51585388183594,249200,0.0,0.0
2015-04-16 00:00:00-04:00,43.5075368419505,44.43782309239472,43.00916683137961,44.130496978759766,403800,0.0,0.0
2015-04-17 00:00:00-04:00,43.648736934603946,43.648736934603946,42.7932060799282,43.083919525146484,365400,0.0,0.0
2015-04-20 00:00:00-04:00,43.25835383412654,44.50427411964577,43.18359849025382,44.18033218383789,396000,0.0,0.0
2015-04-21 00:00:00-04:00,44.63717215669292,44.927885622565086,43.823168115172585,44.18033218383789,231500,0.0,0.0
2015-04-22 00:00:00-04:00,44.562414258951655,44.57071899955528,43.532452154458916,44.25508499145508,261100,0.0,0.0
2015-04-23 00:00:00-04:00,44.238476432978565,44.73684646583853,43.9062329129445,44.01421356201172,192800,0.0,0.0
2015-04-24 00:00:00-04:00,44.04743556395103,44.27170160278462,43.64874143998219,44.24678421020508,203200,0.0,0.0
2015-04-27 00:00:00-04:00,44.36307322641129,44.47105388398074,43.64044026568542,43.773338317871094,405400,0.0,0.0
2015-04-28 00:00:00-04:00,43.71517976169859,43.765014532854956,40.36780593952142,41.713401794433594,1064600,0.0,0.0
2015-04-29 00:00:00-04:00,41.696804259411266,42.07058102123802,41.04892348273172,41.49745559692383,430200,0.0,0.0
2015-04-30 00:00:00-04:00,40.49240981945721,41.439308742115166,40.143553655757614,40.5422477722168,585400,0.0,0.0
2015-05-01 00:00:00-04:00,40.57545974926619,40.783113080978985,39.944195015016156,40.61699295043945,467700,0.0,0.0
2015-05-04 00:00:00-04:00,40.824652879283676,41.55559044368224,40.65022164436823,41.472530364990234,445600,0.0,0.0
2015-05-05 00:00:00-04:00,41.58882139705391,41.688494138743756,41.0738418683605,41.140289306640625,479500,0.0,0.0
2015-05-06 00:00:00-04:00,41.14028016862682,42.303140181359915,40.392730019188654,42.17854690551758,793000,0.0,0.0
2015-05-07 00:00:00-04:00,42.29484076997853,42.71845545811439,41.93767985579119,41.979209899902344,351900,0.0,0.0
2015-05-08 00:00:00-04:00,42.36959381953029,42.94271917022307,42.12871830933007,42.52741241455078,289000,0.0,0.0
2015-05-11 00:00:00-04:00,42.53571391061585,42.87626529754617,42.3778984961736,42.568939208984375,176000,0.0,0.0
2015-05-12 00:00:00-04:00,42.41943720528081,42.58556056253977,42.029047791003165,42.17025375366211,434200,0.0,0.0
2015-05-13 00:00:00-04:00,42.211967212711336,42.729290290507315,41.73636317324496,41.94496154785156,359300,0.23,0.0
2015-05-14 00:00:00-04:00,42.30375287464533,42.30375287464533,41.51107837954962,41.711334228515625,315500,0.0,0.0
2015-05-15 00:00:00-04:00,41.70298911039054,42.66254296292974,41.694646575419746,42.378849029541016,307000,0.0,0.0
2015-05-18 00:00:00-04:00,42.512343392936636,42.921194367116165,42.08680098622617,42.75431823730469,275900,0.0,0.0
2015-05-19 00:00:00-04:00,42.79604095295411,43.004639316129406,42.55406608776074,42.620819091796875,269300,0.0,0.0
2015-05-20 00:00:00-04:00,42.82942334306197,42.96292618652949,42.428911629700565,42.72929382324219,167300,0.0,0.0
2015-05-21 00:00:00-04:00,42.56240843642166,43.23826827603121,42.42890561188923,42.946231842041016,215500,0.0,0.0
2015-05-22 00:00:00-04:00,42.89616756135622,43.02132785327723,42.27037246766811,42.50400161743164,192000,0.0,0.0
2015-05-26 00:00:00-04:00,42.47897555907012,42.57075935896429,41.77808484882963,41.79477310180664,153800,0.0,0.0
2015-05-27 00:00:00-04:00,41.78642810162893,42.44559654906019,41.719675093658935,42.337127685546875,153000,0.0,0.0
2015-05-28 00:00:00-04:00,42.428910519361445,43.480248169244256,42.120185798726745,43.43018341064453,576100,0.0,0.0
2015-05-29 00:00:00-04:00,43.29667847933589,43.60540318505844,43.03801852979482,43.06304931640625,323600,0.0,0.0
2015-06-01 00:00:00-04:00,43.21324350173147,43.22158603688082,42.42056897827099,42.59579086303711,312200,0.0,0.0
2015-06-02 00:00:00-04:00,42.27036519284054,43.09641597484532,42.17858141895581,42.770999908447266,170600,0.0,0.0
2015-06-03 00:00:00-04:00,42.9962931091204,44.239540739977684,42.6792258924376,43.85572052001953,363700,0.0,0.0
2015-06-04 00:00:00-04:00,43.605402434357345,44.039287431584604,43.34674248926931,43.57202911376953,251400,0.0,0.0
2015-06-05 00:00:00-04:00,43.5136217519413,44.039287358612235,42.94623392442723,44.03094482421875,234000,0.0,0.0
2015-06-08 00:00:00-04:00,44.00590849473111,44.51488578554151,43.66380733443786,43.68049240112305,171500,0.0,0.0
2015-06-09 00:00:00-04:00,43.58871651168717,43.93081770893977,43.11310930286428,43.22992706298828,115300,0.0,0.0
2015-06-10 00:00:00-04:00,43.45520968203485,43.89743716428956,43.44686396560087,43.555335998535156,190200,0.0,0.0
2015-06-11 00:00:00-04:00,43.67215603065883,44.21451308024983,43.371773860605884,43.647125244140625,212500,0.0,0.0
2015-06-12 00:00:00-04:00,43.480247035362105,43.74725270834676,43.288336906839305,43.53865432739258,124900,0.0,0.0
2015-06-15 00:00:00-04:00,43.246615391770966,43.41349154061523,42.9128567281654,43.104766845703125,188800,0.0,0.0
2015-06-16 00:00:00-04:00,43.02133454208326,43.839039876348004,42.946238991846755,43.59706497192383,133700,0.0,0.0
2015-06-17 00:00:00-04:00,43.68049527604987,44.01425392496757,43.305020774715416,43.46355438232422,202700,0.0,0.0
2015-06-18 00:00:00-04:00,43.64712699865817,44.11438534156007,43.63878128084421,43.872413635253906,140100,0.0,0.0
2015-06-19 00:00:00-04:00,43.697185439081544,44.11438217700698,43.17986237528239,43.82234573364258,273200,0.0,0.0
2015-06-22 00:00:00-04:00,44.214520541850725,44.214520541850725,43.588725309618006,43.71388244628906,171600,0.0,0.0
2015-06-23 00:00:00-04:00,43.755600567884734,44.464837059214105,43.68050501428419,44.3480224609375,171100,0.0,0.0
2015-06-24 00:00:00-04:00,44.34802188318863,44.665089164963334,44.247892357719635,44.272926330566406,153000,0.0,0.0
2015-06-25 00:00:00-04:00,44.46483695113946,44.48986774129244,43.93082554148203,44.21451950073242,143700,0.0,0.0
2015-06-26 00:00:00-04:00,44.3063055443876,45.17407578269098,43.8891086816986,45.032230377197266,670100,0.0,0.0
2015-06-29 00:00:00-04:00,44.3730472091556,44.53992654809603,43.17986423272571,43.20489501953125,305500,0.0,0.0
2015-06-30 00:00:00-04:00,43.74724933525878,43.82234487393046,42.887825090539394,43.48024368286133,339500,0.0,0.0
2015-07-01 00:00:00-04:00,44.04763698256927,44.106044277379546,43.41349609183081,43.90578842163086,223400,0.0,0.0
2015-07-02 00:00:00-04:00,43.87241532993993,44.030948961982745,43.4385302926577,43.58037567138672,195300,0.0,0.0
2015-07-06 00:00:00-04:00,43.17152057080695,43.939161053746034,42.71260160496449,43.3133659362793,662700,0.0,0.0
2015-07-07 00:00:00-04:00,43.271648116213235,43.271648116213235,42.19527971996701,42.41222381591797,495300,0.0,0.0
2015-07-08 00:00:00-04:00,42.103500752223994,42.253691856502094,40.843567802956585,41.31917190551758,328700,0.0,0.0
2015-07-09 00:00:00-04:00,41.86151181809564,41.86151181809564,41.20234350676152,41.477691650390625,360500,0.0,0.0
2015-07-10 00:00:00-04:00,41.96998996309539,42.07846200299093,41.46100944853757,41.64457702636719,363300,0.0,0.0
2015-07-13 00:00:00-04:00,42.27871783747462,43.071392312571,42.27037530283428,43.004642486572266,470000,0.0,0.0
2015-07-14 00:00:00-04:00,42.91286204728056,43.997573064012464,42.91286204728056,43.91413497924805,305700,0.0,0.0
2015-07-15 00:00:00-04:00,44.02259666229116,44.398074348319085,43.7639367319951,43.85572052001953,319200,0.0,0.0
2015-07-16 00:00:00-04:00,43.889101665794435,44.47317781678327,43.814006115196456,44.45648956298828,263000,0.0,0.0
2015-07-17 00:00:00-04:00,44.63171034522832,44.63171034522832,43.99756949382416,44.18113708496094,186800,0.0,0.0
2015-07-20 00:00:00-04:00,44.147761250490596,44.389736136486576,43.88075557730838,44.131072998046875,179100,0.0,0.0
2015-07-21 00:00:00-04:00,44.04763412035674,44.32298232329037,43.03801873800236,43.07139205932617,161700,0.0,0.0
2015-07-22 00:00:00-04:00,42.94623264205436,43.07138975197087,42.72094602465448,43.02967071533203,165000,0.0,0.0
2015-07-23 00:00:00-04:00,43.5052856192448,43.7389148292361,43.01299322464937,43.07974624633789,157400,0.0,0.0
2015-07-24 00:00:00-04:00,43.22158413840645,43.37177522816862,41.66126913138689,41.90324401855469,239900,0.0,0.0
2015-07-27 00:00:00-04:00,41.636233233647566,41.6696065516417,41.11056448400055,41.235721588134766,182200,0.0,0.0
2015-07-28 00:00:00-04:00,41.527774734505854,42.24535382411276,41.15229693378604,41.86153030395508,244600,0.0,0.0
2015-07-29 00:00:00-04:00,42.5123512808243,44.122731059374026,42.5123512808243,43.872413635253906,502900,0.0,0.0
2015-07-30 00:00:00-04:00,43.93081829723876,44.63170895257621,43.56368312642098,44.35635757446289,289900,0.0,0.0
2015-07-31 00:00:00-04:00,44.60667392633655,45.32425281633591,44.29794923515955,45.057247161865234,278500,0.0,0.0
2015-08-03 00:00:00-04:00,45.082281616410235,45.249160959775836,43.989228124135074,44.331329345703125,250500,0.0,0.0
2015-08-04 00:00:00-04:00,44.43980005471377,44.8820308104,44.2312016626033,44.43145751953125,156900,0.0,0.0
2015-08-05 00:00:00-04:00,44.71515215155678,45.315916548671495,44.598337559442015,45.23247528076172,257500,0.0,0.0
2015-08-06 00:00:00-04:00,45.55095681550524,45.58448174700334,44.41113791859079,44.62904357910156,386900,0.24,0.0
2015-08-07 00:00:00-04:00,44.52008048982855,44.68770191759833,43.85798080566279,44.31055450439453,229800,0.0,0.0
2015-08-10 00:00:00-04:00,44.5368530442839,45.45876950736581,44.5368530442839,45.01457214355469,160800,0.0,0.0
2015-08-11 00:00:00-04:00,44.63741471557414,44.93913264739063,44.12617399456602,44.47817611694336,174100,0.0,0.0
2015-08-12 00:00:00-04:00,43.90827792313042,44.32733001737234,43.43894162373227,43.983707427978516,187600,0.0,0.0
2015-08-13 00:00:00-04:00,43.908274031753386,44.4614226192453,43.65684343691405,44.23513412475586,184700,0.0,0.0
2015-08-14 00:00:00-04:00,44.23513670569664,44.528475081052186,44.05075596385045,44.436283111572266,133300,0.0,0.0
2015-08-17 00:00:00-04:00,44.31055395179387,44.997798919677734,43.89988481584786,44.997798919677734,194400,0.0,0.0
2015-08-18 00:00:00-04:00,44.997801520570825,45.34142402437429,44.41951092552,44.73799133300781,157200,0.0,0.0
2015-08-19 00:00:00-04:00,44.369217925927835,44.58712672348863,43.765785310856714,43.975311279296875,185800,0.0,0.0
2015-08-20 00:00:00-04:00,43.598172277220606,43.749031259264974,42.743305778006885,42.76844787597656,142900,0.0,0.0
2015-08-21 00:00:00-04:00,42.491875995398196,42.491875995398196,41.092240568708405,41.11738586425781,325700,0.0,0.0
2015-08-24 00:00:00-04:00,37.11962607070968,40.849189424066374,36.36533120927108,39.80155944824219,481100,0.0,0.0
2015-08-25 00:00:00-04:00,40.50557216087327,41.637011402314485,40.22899627685547,40.22899627685547,411500,0.0,0.0
2015-08-26 00:00:00-04:00,41.09224100561498,41.77110644462878,40.23737448145017,41.645389556884766,253600,0.0,0.0
2015-08-27 00:00:00-04:00,42.03091144100192,43.18749250944527,42.03091144100192,42.64272689819336,246400,0.0,0.0
2015-08-28 00:00:00-04:00,42.500248318104255,43.54787820090379,42.47510622399313,43.08692169189453,389800,0.0,0.0
2015-08-31 00:00:00-04:00,42.85225928424648,43.16235687534368,42.232060904938955,42.40806198120117,369600,0.0,0.0
2015-09-01 00:00:00-04:00,41.51128262019697,42.03090930852677,41.025184050248484,41.25147247314453,230800,0.0,0.0
2015-09-02 00:00:00-04:00,41.78786479501334,42.27396343906125,41.12576188603063,41.7459602355957,323100,0.0,0.0
2015-09-03 00:00:00-04:00,41.80462480490443,42.45834484537237,41.43585703059922,41.712432861328125,176500,0.0,0.0
2015-09-04 00:00:00-04:00,41.26824104814661,41.73757722699826,41.125761710200265,41.578338623046875,165300,0.0,0.0
2015-09-08 00:00:00-04:00,42.24882213392515,43.0031170060183,42.005771208793696,42.86063766479492,185400,0.0,0.0
2015-09-09 00:00:00-04:00,42.86064005799551,43.37188403350342,42.5840673875271,42.68463897705078,217500,0.0,0.0
2015-09-10 00:00:00-04:00,42.558918860644454,42.98635367861135,42.06443738712395,42.70977783203125,175900,0.0,0.0
2015-09-11 00:00:00-04:00,42.36616153727051,42.7516886552507,42.05606391603543,42.743309020996094,169100,0.0,0.0
2015-09-14 00:00:00-04:00,42.77682893039642,42.79359139405119,42.12310563631234,42.2572021484375,140700,0.0,0.0
2015-09-15 00:00:00-04:00,42.40806864225639,42.75169121531358,41.947111999928005,42.73493194580078,149500,0.0,0.0
2015-09-16 00:00:00-04:00,42.66786780895143,43.36349555428188,42.6343428869111,43.34673309326172,220500,0.0,0.0
2015-09-17 00:00:00-04:00,43.33835968631241,44.654182789897106,43.24616772921447,44.06751251220703,158100,0.0,0.0
2015-09-18 00:00:00-04:00,43.43892346020739,43.73225852467629,43.07853855408136,43.2126350402832,252800,0.0,0.0
2015-09-21 00:00:00-04:00,43.46407432622667,44.142936525926565,43.06178478641224,43.51435852050781,196600,0.0,0.0
2015-09-22 00:00:00-04:00,42.74331595501647,42.89417497297976,42.03930827022576,42.341026306152344,243800,0.0,0.0
2015-09-23 00:00:00-04:00,42.315875550012706,42.743307215437234,42.056062139507105,42.48349380493164,144900,0.0,0.0
2015-09-24 00:00:00-04:00,42.23205930532206,42.491872691710924,40.02784492891705,40.89109420776367,1075800,0.0,0.0
2015-09-25 00:00:00-04:00,41.34367388633655,41.65377148638381,40.933001499425444,41.285003662109375,527600,0.0,0.0
2015-09-28 00:00:00-04:00,41.10061824526763,41.21795228607286,38.50249409654158,38.770687103271484,500400,0.0,0.0
2015-09-29 00:00:00-04:00,38.963454901817826,41.318525007121735,38.510877991526264,39.55012512207031,804500,0.0,0.0
2015-09-30 00:00:00-04:00,40.4217505663786,40.77375586559734,39.977556524069676,40.59775161743164,834700,0.0,0.0
2015-10-01 00:00:00-04:00,40.790516876498764,41.21795167262812,40.27927616304373,40.899471282958984,400400,0.0,0.0
2015-10-02 00:00:00-04:00,40.37146808877619,42.06443855005584,40.12003752855136,42.04767608642578,327000,0.0,0.0
2015-10-05 00:00:00-04:00,42.36615724703555,42.94445106255798,42.36615724703555,42.92768859863281,203500,0.0,0.0
2015-10-06 00:00:00-04:00,42.852255648682075,43.44730868295877,42.030914165360834,42.324249267578125,218300,0.0,0.0
2015-10-07 00:00:00-04:00,42.68463812411471,42.79359254223757,41.913580760872165,42.53377914428711,151900,0.0,0.0
2015-10-08 00:00:00-04:00,42.408063212160776,43.237787619801566,42.408063212160776,43.10369110107422,156800,0.0,0.0
2015-10-09 00:00:00-04:00,43.09531271034632,43.12045800821372,42.56730941183388,42.66788101196289,196200,0.0,0.0
2015-10-12 00:00:00-04:00,42.78520839910778,43.095305982745835,42.290726913089415,42.77682876586914,100700,0.0,0.0
2015-10-13 00:00:00-04:00,42.55892355249294,42.860641528528994,41.86329883851052,41.93872833251953,244900,0.0,0.0
2015-10-14 00:00:00-04:00,42.20690965352065,42.600819479152854,41.24308896416576,41.5196647644043,312300,0.0,0.0
2015-10-15 00:00:00-04:00,41.72920229137639,42.533781428931746,41.40234221656411,42.39968490600586,248300,0.0,0.0
2015-10-16 00:00:00-04:00,42.47510439512861,42.58405879344002,42.06443209202406,42.57567596435547,168000,0.0,0.0
2015-10-19 00:00:00-04:00,42.416448934138394,42.96959751123145,42.416448934138394,42.743309020996094,163200,0.0,0.0
2015-10-20 00:00:00-04:00,42.67625931110244,43.179123690239116,42.63435474545274,42.91093063354492,92800,0.0,0.0
2015-10-21 00:00:00-04:00,43.019881765375146,43.019881765375146,42.24044475498681,42.265586853027344,167900,0.0,0.0
2015-10-22 00:00:00-04:00,42.475112230675414,42.869022145389465,42.13148970840778,42.49187469482422,202500,0.0,0.0
2015-10-23 00:00:00-04:00,42.93607488713623,42.93607488713623,41.91358680900691,42.609214782714844,161900,0.0,0.0
2015-10-26 00:00:00-04:00,42.48348511264328,42.760060931474925,42.215292123110395,42.64272689819336,215800,0.0,0.0
2015-10-27 00:00:00-04:00,42.34101311079374,42.550539104099066,41.37719226274407,41.578338623046875,248700,0.0,0.0
2015-10-28 00:00:00-04:00,41.70405087687064,42.83549312035659,41.000043435516986,42.827110290527344,495100,0.0,0.0
2015-10-29 00:00:00-04:00,42.215303702594056,42.215303702594056,39.566894806674675,40.5726203918457,518700,0.0,0.0
2015-10-30 00:00:00-04:00,40.57261368877085,41.544814181157356,40.30442066998237,40.93299865722656,318900,0.0,0.0
2015-11-02 00:00:00-05:00,41.0587157748343,41.36043052490988,40.53908900040376,41.31014633178711,350400,0.0,0.0
2015-11-03 00:00:00-05:00,41.217958322458564,41.94710796647018,41.07547896839119,41.93872833251953,267200,0.0,0.0
2015-11-04 00:00:00-05:00,41.712445560214825,41.81301716695562,40.97491298418364,41.7208251953125,280800,0.0,0.0
2015-11-05 00:00:00-05:00,42.097959900726515,42.097959900726515,41.41909456839328,41.712432861328125,180600,0.0,0.0
2015-11-06 00:00:00-05:00,41.543983459472656,42.09150277834603,41.17335702428825,41.543983459472656,314000,0.25,0.0
2015-11-09 00:00:00-05:00,41.41762084749942,41.442893088881675,40.0277696751208,40.37312698364258,267800,0.0,0.0
2015-11-10 00:00:00-05:00,40.29730975649325,40.56685672102471,39.89298930969605,40.51631546020508,214900,0.0,0.0
2015-11-11 00:00:00-05:00,40.625816340310756,40.625816340310756,39.53920342779866,39.67397689819336,317100,0.0,0.0
2015-11-12 00:00:00-05:00,39.345470649619536,39.79191042514825,38.40205626371076,38.41890335083008,448800,0.0,0.0
2015-11-13 00:00:00-05:00,38.19147640159176,38.461023396568955,36.5320751029948,36.89427947998047,572000,0.0,0.0
2015-11-16 00:00:00-05:00,36.894279311012326,37.69449835448451,36.894279311012326,37.60184097290039,452300,0.0,0.0
2015-11-17 00:00:00-05:00,37.87981483698648,38.78953517884624,37.61026783100924,37.77873229980469,391100,0.0,0.0
2015-11-18 00:00:00-05:00,37.73662270224836,38.081980064151416,37.63554336085716,37.989322662353516,231000,0.0,0.0
2015-11-19 00:00:00-05:00,38.03143135357522,38.351516380585224,37.770306313721704,37.91350173950195,288500,0.0,0.0
2015-11-20 00:00:00-05:00,38.16621139525157,38.70530544199227,38.15778624331589,38.368370056152344,355800,0.0,0.0
2015-11-23 00:00:00-05:00,38.22517022367782,38.87376867844971,38.22517022367782,38.553680419921875,285700,0.0,0.0
2015-11-24 00:00:00-05:00,38.284139608776776,39.261248417555876,38.13251899937536,39.1433219909668,229200,0.0,0.0
2015-11-25 00:00:00-05:00,39.21069983622858,39.640292553893914,39.1601617846822,39.33705139160156,144200,0.0,0.0
2015-11-27 00:00:00-05:00,39.50551591987861,39.85929510558788,39.26123797931558,39.48024368286133,121100,0.0,0.0
2015-11-30 00:00:00-05:00,39.53079854664362,39.682419167908634,38.93274121457293,39.303367614746094,292600,0.0,0.0
2015-12-01 00:00:00-05:00,39.379174844144956,39.53079545354638,38.755845315133094,39.1433219909668,172900,0.0,0.0
2015-12-02 00:00:00-05:00,39.16859791038355,39.252830168974974,38.6295037435872,38.97486114501953,176100,0.0,0.0
2015-12-03 00:00:00-05:00,39.14331203069431,39.14331203069431,37.96404163836836,38.41890335083008,321000,0.0,0.0
2015-12-04 00:00:00-05:00,38.9158815252338,39.06750209742102,38.09039352846638,38.612640380859375,226800,0.0,0.0
2015-12-07 00:00:00-05:00,38.519986022815196,38.545255049073326,37.820849519226925,38.19989776611328,318800,0.0,0.0
2015-12-08 00:00:00-05:00,37.75346083594351,38.35151801603513,37.610265404056875,38.006160736083984,242600,0.0,0.0
2015-12-09 00:00:00-05:00,37.80400395011465,38.553681749605,37.66923044923159,37.964046478271484,269600,0.0,0.0
2015-12-10 00:00:00-05:00,37.96404732209211,38.09882082597075,37.559726810456176,37.643959045410156,198300,0.0,0.0
2015-12-11 00:00:00-05:00,37.06274714094541,37.38283540232823,36.95324267013614,37.13855743408203,339800,0.0,0.0
2015-12-14 00:00:00-05:00,37.10486675791746,37.47549632078478,36.22041539669546,36.94482421875,522400,0.0,0.0
2015-12-15 00:00:00-05:00,37.27333444892498,37.47549632078478,36.599466898148876,36.94482421875,363300,0.0,0.0
2015-12-16 00:00:00-05:00,37.222793013070635,37.323875555180585,36.430999046066276,37.1638298034668,324200,0.0,0.0
2015-12-17 00:00:00-05:00,37.18066500407888,37.18066500407888,36.40571837524083,36.42256546020508,251200,0.0,0.0
2015-12-18 00:00:00-05:00,36.06879837408305,36.254113173899654,35.30227335655203,35.361236572265625,574300,0.0,0.0
2015-12-21 00:00:00-05:00,35.55496250585495,35.67288890144267,34.7884377212815,35.2011833190918,411200,0.0,0.0
2015-12-22 00:00:00-05:00,35.37807197080667,35.95086005977522,35.16748820907568,35.2517204284668,691600,0.0,0.0
2015-12-23 00:00:00-05:00,35.580246554829195,36.32992450130243,35.26015822250484,36.29623031616211,321000,0.0,0.0
2015-12-24 00:00:00-05:00,36.06036899174212,36.06036899174212,35.403345388573236,35.55496597290039,273500,0.0,0.0
2015-12-28 00:00:00-05:00,35.43703322445325,35.70658016763271,35.116945024457756,35.453880310058594,260100,0.0,0.0
2015-12-29 00:00:00-05:00,35.672899117070855,36.47311830475721,35.50443462556148,36.44784927368164,603600,0.0,0.0
2015-12-30 00:00:00-05:00,36.35518112434211,36.42256947162095,35.715007891459386,35.79924011230469,474200,0.0,0.0
2015-12-31 00:00:00-05:00,35.69816866836639,36.009831810052226,35.470737766080845,35.66447448730469,666600,0.0,0.0
2016-01-04 00:00:00-05:00,34.906365850785456,35.14222186692994,34.21565131667303,34.342002868652344,655400,0.0,0.0
2016-01-05 00:00:00-05:00,34.54416032390442,34.88109564224878,32.8510682216947,33.18800354003906,1065300,0.0,0.0
2016-01-06 00:00:00-05:00,31.87396880423607,31.975048143454178,30.366187802359658,30.829471588134766,1552400,0.0,0.0
2016-01-07 00:00:00-05:00,30.408296859279186,31.16639976037346,29.65861910889347,29.72600746154785,1178300,0.0,0.0
2016-01-08 00:00:00-05:00,30.06293651909585,30.281945429633506,29.330105931611328,29.405916213989258,1013300,0.0,0.0
2016-01-11 00:00:00-05:00,29.73442646260817,30.147172048722204,29.33853117624721,29.936588287353516,861300,0.0,0.0
2016-01-12 00:00:00-05:00,30.155601396430267,30.155601396430267,28.1171516277705,29.212186813354492,1402500,0.0,0.0
2016-01-13 00:00:00-05:00,29.464873680325088,29.574378114300213,28.361413832120515,28.47934341430664,1017200,0.0,0.0
2016-01-14 00:00:00-05:00,28.420385606117993,29.2290264717065,27.872866545920864,28.833127975463867,627100,0.0,0.0
2016-01-15 00:00:00-05:00,28.041336920042742,28.420388366748345,27.88129119073733,28.251920700073242,557100,0.0,0.0
2016-01-19 00:00:00-05:00,28.30246136206296,28.563586430164168,26.73571898659014,27.27481460571289,777400,0.0,0.0
2016-01-20 00:00:00-05:00,26.836798784374174,28.150839581049272,26.415631203233975,27.746519088745117,1318800,0.0,0.0
2016-01-21 00:00:00-05:00,27.83918003811898,28.22665349123919,27.283238888303963,27.59490203857422,767000,0.0,0.0
2016-01-22 00:00:00-05:00,28.075038473335923,28.26035006344492,27.86445463797008,28.142423629760742,924700,0.0,0.0
2016-01-25 00:00:00-05:00,27.763365080948244,28.176110707994088,27.586475475037247,27.67070770263672,374000,0.0,0.0
2016-01-26 00:00:00-05:00,27.822332598441808,28.032916413357665,27.62017393554483,27.93183708190918,402200,0.0,0.0
2016-01-27 00:00:00-05:00,27.805483749230202,28.058186881751414,26.685179595618326,26.895763397216797,758800,0.0,0.0
2016-01-28 00:00:00-05:00,27.013694414122693,27.013694414122693,25.025782474246085,25.69965171813965,1383800,0.0,0.0
2016-01-29 00:00:00-05:00,25.851266924449686,26.4240550994873,25.6996463361601,26.424055099487305,813400,0.0,0.0
2016-02-01 00:00:00-05:00,26.390357181123925,27.13161132182846,25.943919024057966,26.862064361572266,688400,0.0,0.0
2016-02-02 00:00:00-05:00,26.4324775277095,26.626215842243816,25.185821833400478,25.623836517333984,901900,0.0,0.0
2016-02-03 00:00:00-05:00,25.969190881201822,26.03657762445013,24.773074983574347,25.236358642578125,1317600,0.0,0.0
2016-02-04 00:00:00-05:00,25.1689761814366,26.53355997266073,25.07632039784793,26.508289337158203,895900,0.0,0.0
2016-02-05 00:00:00-05:00,26.474594250017347,26.56725163143749,25.9018060860143,26.16292953491211,1480600,0.0,0.0
2016-02-08 00:00:00-05:00,25.687236700811837,26.434749792899648,25.28799782175316,25.5598201751709,867600,0.26,0.0
2016-02-09 00:00:00-05:00,25.126606631592814,26.536686526184052,25.109617326793096,25.712724685668945,850400,0.0,0.0
2016-02-10 00:00:00-05:00,25.8826135676521,26.842488252133702,25.8826135676521,26.426259994506836,925200,0.0,0.0
2016-02-11 00:00:00-05:00,27.029364660590524,27.691931336977387,25.05865069562268,26.638620376586914,1149800,0.0,0.0
2016-02-12 00:00:00-05:00,26.689582692683167,27.03785528354637,25.933576574007777,26.664098739624023,980100,0.0,0.0
2016-02-16 00:00:00-05:00,27.233231597391867,28.36299274686294,26.935923644094384,28.27804946899414,1025500,0.0,0.0
2016-02-17 00:00:00-05:00,28.2695464653602,29.441782215008104,28.02320972204771,29.093509674072266,753500,0.0,0.0
2016-02-18 00:00:00-05:00,29.068036703623477,29.611681504470013,28.838685945695353,29.416309356689453,831800,0.0,0.0
2016-02-19 00:00:00-05:00,29.305875122579163,29.484257932591095,28.60083367294436,28.8471736907959,908100,0.0,0.0
2016-02-22 00:00:00-05:00,29.085023779475094,30.01941280426649,28.95760562137701,29.586196899414062,899800,0.0,0.0
2016-02-23 00:00:00-05:00,29.815546537045616,31.157672467824817,29.815546537045616,30.67348861694336,964900,0.0,0.0
2016-02-24 00:00:00-05:00,29.959954615565035,31.573899737704927,29.654153600319106,31.488956451416016,1191400,0.0,0.0
2016-02-25 00:00:00-05:00,31.633358892635712,31.930663587714427,31.030249990596086,31.726795196533203,799200,0.0,0.0
2016-02-26 00:00:00-05:00,31.99861949634356,32.1430269572573,31.5229319554003,32.024105072021484,721800,0.0,0.0
2016-02-29 00:00:00-05:00,32.27894335720856,32.482811793652374,31.896692064113214,32.041099548339844,886000,0.0,0.0
2016-03-01 00:00:00-05:00,32.083565172817785,32.66968155197769,31.845721408586794,32.389366149902344,1119100,0.0,0.0
2016-03-02 00:00:00-05:00,32.4743091114692,32.933010572659065,32.083564862475576,32.440330505371094,1061200,0.0,0.0
2016-03-03 00:00:00-05:00,32.457317696461075,33.79944338660201,32.43183536373471,33.765464782714844,873300,0.0,0.0
2016-03-04 00:00:00-05:00,33.90986582286951,34.44501744280799,32.96698395586249,33.32374954223633,979400,0.0,0.0
2016-03-07 00:00:00-05:00,33.094402256985745,33.994815826416016,33.000962715583405,33.994815826416016,705700,0.0,0.0
2016-03-08 00:00:00-05:00,33.57009780273207,33.850413226707474,32.32990773466698,32.72914505004883,743400,0.0,0.0
2016-03-09 00:00:00-05:00,32.98398725954566,33.51913586630334,32.75463646791562,33.179359436035156,629300,0.0,0.0
2016-03-10 00:00:00-05:00,33.34923689337381,33.629555530908085,32.729141918669214,33.36622619628906,656500,0.0,0.0
2016-03-11 00:00:00-05:00,33.612576429797734,34.682880155660406,33.366236323326895,34.63191223144531,794700,0.0,0.0
2016-03-14 00:00:00-04:00,34.334605867741466,34.334605867741466,33.340755600138536,33.85042190551758,641000,0.0,0.0
2016-03-15 00:00:00-04:00,33.63805275021491,33.63805275021491,32.09206163660715,32.2619514465332,670600,0.0,0.0
2016-03-16 00:00:00-04:00,32.03259544470118,32.2874284976788,31.828730298470315,32.16850662231445,551600,0.0,0.0
2016-03-17 00:00:00-04:00,32.25345269101633,32.788601122813255,31.91367313145616,32.66118621826172,507600,0.0,0.0
2016-03-18 00:00:00-04:00,32.78011756779481,33.52763087068522,32.771624534520825,33.41720199584961,507100,0.0,0.0
2016-03-21 00:00:00-04:00,33.349239802940694,33.587086824127006,33.153867662937344,33.55310821533203,306000,0.0,0.0
2016-03-22 00:00:00-04:00,33.41718997971487,33.73998021450001,32.958488578764054,33.03493881225586,542300,0.0,0.0
2016-03-23 00:00:00-04:00,33.00945975034805,33.00945975034805,32.338396883280275,32.37237548828125,297600,0.0,0.0
2016-03-24 00:00:00-04:00,32.2874330711223,32.66119129278438,31.930667394494176,32.60173034667969,197600,0.0,0.0
2016-03-28 00:00:00-04:00,32.56775375620451,32.839576166784035,32.33840298970702,32.38087463378906,225800,0.0,0.0
2016-03-29 00:00:00-04:00,32.126040772185334,33.14537640803734,31.998622602561838,33.00096893310547,357900,0.0,0.0
2016-03-30 00:00:00-04:00,33.136876816180276,33.59557829242661,33.04344050691084,33.383216857910156,336200,0.0,0.0
2016-03-31 00:00:00-04:00,33.349243922466826,33.46816906793966,31.922177820960474,32.194000244140625,709100,0.0,0.0
2016-04-01 00:00:00-04:00,31.76927823433219,31.930671790208976,30.59704197476166,31.174665451049805,751200,0.0,0.0
2016-04-04 00:00:00-04:00,31.29358982367048,31.29358982367048,30.2147930474349,30.427154541015625,878800,0.0,0.0
2016-04-05 00:00:00-04:00,30.274243212467354,30.57155114170612,30.019410159104183,30.3082218170166,701100,0.0,0.0
2016-04-06 00:00:00-04:00,30.384676138525723,30.588541312449493,30.1553253875776,30.359193801879883,598700,0.0,0.0
2016-04-07 00:00:00-04:00,30.45262774667836,30.461124018484842,28.932122371523022,29.17845916748047,835000,0.0,0.0
2016-04-08 00:00:00-04:00,29.416310784126264,29.416310784126264,28.79621570054669,28.855676651000977,567800,0.0,0.0
2016-04-11 00:00:00-04:00,29.127496621399796,29.48426229420003,28.906638903627606,29.05104637145996,435700,0.0,0.0
2016-04-12 00:00:00-04:00,29.246417148949842,29.807051208914,29.000077106140868,29.611679077148438,402100,0.0,0.0
2016-04-13 00:00:00-04:00,29.773081370418844,31.115207593111084,29.773081370418844,31.03875732421875,595700,0.0,0.0
2016-04-14 00:00:00-04:00,30.996284711679046,31.633369185903053,30.79241625416051,30.851877212524414,581600,0.0,0.0
2016-04-15 00:00:00-04:00,30.698969455747875,30.809398312601353,30.282742845142256,30.40166473388672,516800,0.0,0.0
2016-04-18 00:00:00-04:00,30.410153532871615,30.860361929510265,30.19779212099349,30.775415420532227,631600,0.0,0.0
2016-04-19 00:00:00-04:00,31.00477639092008,31.327566751063195,30.758436293958784,31.013269424438477,321400,0.0,0.0
2016-04-20 00:00:00-04:00,30.88585835323429,31.183163169353424,30.792418770917,31.089723587036133,444800,0.0,0.0
2016-04-21 00:00:00-04:00,31.013271756987532,31.14918298615737,30.019421501254214,30.129850387573242,680400,0.0,0.0
2016-04-22 00:00:00-04:00,29.526734894717997,30.792410575879348,29.246419462748246,30.571556091308594,856600,0.0,0.0
2016-04-25 00:00:00-04:00,30.435645121724654,31.27659466437412,30.308226953260853,30.605531692504883,831300,0.0,0.0
2016-04-26 00:00:00-04:00,31.862718658975332,34.173212861199296,31.811753971818824,34.02880859375,2014600,0.0,0.0
2016-04-27 00:00:00-04:00,34.04578252514862,34.73383141401911,33.67202437279632,33.95234298706055,763800,0.0,0.0
2016-04-28 00:00:00-04:00,33.89288957383004,34.69136747949968,33.66353881318076,33.87590026855469,436900,0.0,0.0
2016-04-29 00:00:00-04:00,33.95234991451987,33.95234991451987,32.94150733118689,33.23881530761719,553200,0.0,0.0
2016-05-02 00:00:00-04:00,33.51912860162629,33.604075121067005,32.62721120995836,32.788604736328125,495100,0.0,0.0
2016-05-03 00:00:00-04:00,32.49130063712918,32.66119043886306,31.701315813388312,32.09206008911133,502400,0.0,0.0
2016-05-04 00:00:00-04:00,31.73529624938965,32.48280947583961,31.565406437872117,31.73529624938965,399000,0.0,0.0
2016-05-05 00:00:00-04:00,31.913672342577716,32.117540721349975,31.29357741602994,31.44647789001465,366000,0.0,0.0
2016-05-06 00:00:00-04:00,31.421007299719275,31.675840438131296,31.00477735602228,31.37853240966797,311000,0.0,0.0
2016-05-09 00:00:00-04:00,31.522931297140875,31.684324817965226,31.251108925027086,31.387020111083984,401200,0.0,0.0
2016-05-10 00:00:00-04:00,31.522930617980784,32.032596744618836,31.200140342908306,32.00711441040039,466600,0.0,0.0
2016-05-11 00:00:00-04:00,31.735301541606322,31.735301541606322,30.418660953443514,30.444143295288086,543700,0.0,0.0
2016-05-12 00:00:00-04:00,30.59820463240799,30.735147515548405,30.110345407159276,30.461261749267578,580200,0.27,0.0
2016-05-13 00:00:00-04:00,30.307190187475268,31.205877753457386,30.29007192484064,30.598194122314453,703200,0.0,0.0
2016-05-16 00:00:00-04:00,31.000477423693233,31.265802437296287,30.846416263870022,30.99191665649414,523400,0.0,0.0
2016-05-17 00:00:00-04:00,30.846403038369335,31.668060028487528,30.81216651420408,31.265789031982422,612400,0.0,0.0
2016-05-18 00:00:00-04:00,31.077505471884496,31.471215841592066,30.88920778855662,31.27436065673828,611500,0.0,0.0
2016-05-19 00:00:00-04:00,31.02614192958825,31.787886684911815,31.00046616726606,31.009023666381836,614900,0.0,0.0
2016-05-20 00:00:00-04:00,31.034700481671983,31.873479082370526,30.98334895528532,31.80500602722168,349500,0.0,0.0
2016-05-23 00:00:00-04:00,31.770773699666876,32.13025075677039,31.59103680360282,31.61671257019043,478400,0.0,0.0
2016-05-24 00:00:00-04:00,31.71942062848194,32.36134088184994,31.30859205812345,31.87348175048828,861400,0.0,0.0
2016-05-25 00:00:00-04:00,31.8991556940114,32.84063737252462,31.8991556940114,32.69513702392578,614600,0.0,0.0
2016-05-26 00:00:00-04:00,32.951904296875,33.18299596555918,32.746488391941824,32.951904296875,385800,0.0,0.0
2016-05-27 00:00:00-04:00,32.99469426797335,33.75643897202778,32.99469426797335,33.57670211791992,382400,0.0,0.0
2016-05-31 00:00:00-04:00,33.576706901909866,33.90194739733177,33.5082371089119,33.82491683959961,493900,0.0,0.0
2016-06-01 00:00:00-04:00,33.61095177262663,33.859161771918345,32.87488254161033,33.78213119506836,634700,0.0,0.0
2016-06-02 00:00:00-04:00,33.72220428398903,34.32988786878041,33.61949471601551,33.996089935302734,451500,0.0,0.0
2016-06-03 00:00:00-04:00,33.73933347691852,34.01322250845163,32.66090867922138,32.7978515625,595300,0.0,0.0
2016-06-06 00:00:00-04:00,32.849207695630106,33.294272900516006,32.335669413849764,32.857765197753906,392600,0.0,0.0
2016-06-07 00:00:00-04:00,32.93477856159522,33.448316574946624,32.90910280366866,33.38840103149414,312500,0.0,0.0
2016-06-08 00:00:00-04:00,33.576709942011576,33.58527070752088,33.09740828772844,33.208675384521484,191900,0.0,0.0
2016-06-09 00:00:00-04:00,33.11452322153642,33.11452322153642,31.80500701827213,32.10456848144531,458400,0.0,0.0
2016-06-10 00:00:00-04:00,31.787886684911815,31.787886684911815,30.949111377646826,31.009023666381836,463200,0.0,0.0
2016-06-13 00:00:00-04:00,30.812180611736963,31.000478315823276,30.290084806753015,30.401351928710938,506800,0.0,0.0
2016-06-14 00:00:00-04:00,30.170256618954113,30.42702410739687,29.819340289588006,30.195932388305664,381500,0.0,0.0
2016-06-15 00:00:00-04:00,30.307190187475268,31.257232541361272,30.19592311283756,30.598194122314453,294000,0.0,0.0
2016-06-16 00:00:00-04:00,30.170252998933663,30.60675735041418,29.759424413723952,30.4869327545166,349000,0.0,0.0
2016-06-17 00:00:00-04:00,30.495495205237685,31.428419522680336,30.409903871312576,30.803617477416992,425800,0.0,0.0
2016-06-20 00:00:00-04:00,31.633820488920776,32.087446228433215,31.282904312113608,31.496877670288086,587400,0.0,0.0
2016-06-21 00:00:00-04:00,31.317148925972653,31.351385455721793,30.110339004604544,30.61531639099121,695500,0.0,0.0
2016-06-22 00:00:00-04:00,30.683784229719013,30.880642630741146,30.204485903682436,30.230161666870117,369700,0.0,0.0
2016-06-23 00:00:00-04:00,30.880640016842147,31.693736255393755,30.68378163248314,31.685178756713867,448900,0.0,0.0
2016-06-24 00:00:00-04:00,29.536883667000478,29.579680954586667,27.782302620129915,28.4071044921875,2505200,0.0,0.0
2016-06-27 00:00:00-04:00,27.842218225142023,27.842218225142023,26.849383395756252,27.148944854736328,1061700,0.0,0.0
2016-06-28 00:00:00-04:00,27.328682987208776,27.84221784268469,26.84082389501416,27.225975036621094,1143500,0.0,0.0
2016-06-29 00:00:00-04:00,27.585454750902045,27.75663415129211,27.26877498241449,27.405717849731445,931600,0.0,0.0
2016-06-30 00:00:00-04:00,27.559771395260334,27.559771395260334,26.54981680251351,26.926408767700195,1425400,0.0,0.0
2016-07-01 00:00:00-04:00,26.994885940862954,27.414271992218872,26.857941457834173,27.200300216674805,1017900,0.0,0.0
2016-07-05 00:00:00-04:00,27.13183077570966,27.157506541759236,25.069127102026584,25.642574310302734,1323300,0.0,0.0
2016-07-06 00:00:00-04:00,25.548427576815364,26.30161332352177,25.351572415259877,26.20746612548828,1873500,0.0,0.0
2016-07-07 00:00:00-04:00,26.28449381847139,26.806589479495237,25.736722392143175,26.070520401000977,1225600,0.0,0.0
2016-07-08 00:00:00-04:00,26.524143274592074,27.123269465804043,26.447112717650892,27.071914672851562,751700,0.0,0.0
2016-07-11 00:00:00-04:00,27.448510380655097,28.244491773656158,27.328685786435635,28.03907585144043,873300,0.0,0.0
2016-07-12 00:00:00-04:00,28.38142911468674,28.740906092419895,28.278722806037845,28.441341400146484,678800,0.0,0.0
2016-07-13 00:00:00-04:00,28.638203247437758,28.638203247437758,28.158904851147035,28.467023849487305,698000,0.0,0.0
2016-07-14 00:00:00-04:00,28.997676558620512,29.84500940815608,28.749466626948465,29.673830032348633,1164900,0.0,0.0
2016-07-15 00:00:00-04:00,29.767976737234164,29.896362076211542,29.5711216117837,29.716625213623047,755300,0.0,0.0
2016-07-18 00:00:00-04:00,29.742308376266152,30.512614071857534,29.536892435783248,30.358552932739258,418600,0.0,0.0
2016-07-19 00:00:00-04:00,30.255841428970758,30.32431449315462,29.853573604304483,30.084665298461914,399700,0.0,0.0
2016-07-20 00:00:00-04:00,30.27295588419874,30.529723312615037,30.041864219131575,30.24728012084961,796300,0.0,0.0
2016-07-21 00:00:00-04:00,30.272956720568388,31.094617085166046,30.272956720568388,31.02614402770996,635800,0.0,0.0
2016-07-22 00:00:00-04:00,31.111732648173252,31.111732648173252,30.38422435688576,30.743698120117188,387300,0.0,0.0
2016-07-25 00:00:00-04:00,30.82928680017681,31.33426413735393,30.82928680017681,31.009023666381836,1223100,0.0,0.0
2016-07-26 00:00:00-04:00,31.043261701825035,31.043261701825035,30.735139479081358,30.923437118530273,987400,0.0,0.0
2016-07-27 00:00:00-04:00,31.20588318926368,31.385620080773833,30.435580826373617,30.512611389160156,861800,0.0,0.0
2016-07-28 00:00:00-04:00,31.18020746185039,33.1230865345555,29.716630032073194,31.77077293395996,1293000,0.0,0.0
2016-07-29 00:00:00-04:00,31.88204365045934,34.05601465880966,31.88204365045934,33.9105110168457,1852800,0.0,0.0
2016-08-01 00:00:00-04:00,33.91906833817479,34.75784377467706,33.67941588133459,34.05601119995117,1322300,0.0,0.0
2016-08-02 00:00:00-04:00,34.08168755994284,34.09024832550164,32.181602462842,32.404136657714844,1246600,0.0,0.0
2016-08-03 00:00:00-04:00,32.55820583415503,33.25147782687714,32.0189917448341,33.165889739990234,999500,0.0,0.0
2016-08-04 00:00:00-04:00,33.063173136145664,33.97041832989753,32.951906045694415,33.70509338378906,921300,0.0,0.0
2016-08-05 00:00:00-04:00,34.03889313013933,34.62090111228463,33.970420066369115,34.235748291015625,641200,0.0,0.0
2016-08-08 00:00:00-04:00,34.47709161725748,34.87357738173794,34.05474579822974,34.347801208496094,685000,0.28,0.0
2016-08-09 00:00:00-04:00,34.14092869668153,34.35641044479187,33.89959019095491,34.19264221191406,690600,0.0,0.0
2016-08-10 00:00:00-04:00,34.43399708241101,34.68395679426235,34.192655197040985,34.649478912353516,752700,0.0,0.0
2016-08-11 00:00:00-04:00,35.02009426988341,35.92511694520946,35.02009426988341,35.59758377075195,1021500,0.0,0.0
2016-08-12 00:00:00-04:00,35.49416518623158,36.080275991955965,35.21834872330147,35.58035659790039,688300,0.0,0.0
2016-08-15 00:00:00-04:00,35.692401253347256,37.114582290471446,35.62344879476666,36.924957275390625,1558500,0.0,0.0
2016-08-16 00:00:00-04:00,37.08011906131703,37.338696637099034,36.68363322591846,36.78706359863281,752400,0.0,0.0
2016-08-17 00:00:00-04:00,36.856004375098564,37.02839046684935,36.425040789717194,36.97667694091797,1134700,0.0,0.0
2016-08-18 00:00:00-04:00,36.99391555786133,37.21801848150807,36.70948127845306,36.99391555786133,1014100,0.0,0.0
2016-08-19 00:00:00-04:00,36.58019020892506,36.89910564921156,36.20956123950453,36.69224166870117,812600,0.0,0.0
2016-08-22 00:00:00-04:00,36.59742739561957,36.752574551575805,36.269897433481994,36.43366241455078,984100,0.0,0.0
2016-08-23 00:00:00-04:00,36.873244814791676,38.166135623590726,36.8042923480779,37.92479705810547,1146600,0.0,0.0
2016-08-24 00:00:00-04:00,37.74379313399153,38.131661034229516,37.5972637992388,37.92479705810547,1210000,0.0,0.0
2016-08-25 00:00:00-04:00,37.71792696439308,38.18336836918727,37.55416200551697,38.036842346191406,873800,0.0,0.0
2016-08-26 00:00:00-04:00,38.13166171484085,38.39023922361774,38.01098914195299,38.226470947265625,946600,0.0,0.0
2016-08-29 00:00:00-04:00,38.476425810660686,38.58847725602433,38.16613152380197,38.44194793701172,881500,0.0,0.0
2016-08-30 00:00:00-04:00,38.640198787619376,39.41593131155541,38.640198787619376,39.26078414916992,1321400,0.0,0.0
2016-08-31 00:00:00-04:00,39.24354621552155,39.45902802568891,38.61433972439185,39.04530334472656,1185500,0.0,0.0
2016-09-01 00:00:00-04:00,39.17459999456247,39.56246797232883,38.4161029811518,39.10564422607422,876600,0.0,0.0
2016-09-02 00:00:00-04:00,39.43316257159963,40.139942490171556,39.40730581223431,39.95893859863281,792500,0.0,0.0
2016-09-06 00:00:00-04:00,39.94170457635387,40.52781530599841,39.752079549706764,40.41576385498047,995700,0.0,0.0
2016-09-07 00:00:00-04:00,40.467472955448144,41.18287064946762,40.45885184424844,41.10529708862305,889100,0.0,0.0
2016-09-08 00:00:00-04:00,41.113928536412196,42.139620731682655,41.113928536412196,41.855186462402344,1669200,0.0,0.0
2016-09-09 00:00:00-04:00,41.48455115940638,41.682793992666234,40.510572641224606,40.5881462097168,1478800,0.0,0.0
2016-09-12 00:00:00-04:00,40.17442839886207,41.76899244656293,39.881373011458564,41.656944274902344,968100,0.0,0.0
2016-09-13 00:00:00-04:00,41.56212734146118,43.09635658368315,41.50179270528331,42.355098724365234,1581900,0.0,0.0
2016-09-14 00:00:00-04:00,42.182715552511496,42.61367914809985,42.06204627182536,42.57920455932617,1102400,0.0,0.0
2016-09-15 00:00:00-04:00,42.32924757445275,42.84640260682333,41.96723642140014,42.786067962646484,1292400,0.0,0.0
2016-09-16 00:00:00-04:00,42.73434951746034,43.156691978126005,41.94999265738469,42.32924270629883,1549200,0.0,0.0
2016-09-19 00:00:00-04:00,42.40681721528855,42.7257293459995,41.432838597289425,41.777610778808594,1218600,0.0,0.0
2016-09-20 00:00:00-04:00,42.15686509623302,42.25167762752644,41.346654598984124,41.59661102294922,728800,0.0,0.0
2016-09-21 00:00:00-04:00,41.17426060796076,41.67417664833667,40.85534848110072,41.61384201049805,881700,0.0,0.0
2016-09-22 00:00:00-04:00,42.39819262753503,42.424052676223845,41.83794198847174,42.260284423828125,636100,0.0,0.0
2016-09-23 00:00:00-04:00,41.96723045400178,42.46714976380152,41.751748673155205,42.199951171875,519500,0.0,0.0
2016-09-26 00:00:00-04:00,42.13961680441588,42.13961680441588,41.32940648695409,41.682796478271484,732400,0.0,0.0
2016-09-27 00:00:00-04:00,41.41560541844842,42.08791093709891,41.31217506480668,41.8465690612793,690400,0.0,0.0
2016-09-28 00:00:00-04:00,41.79484778529633,41.949991643020255,40.45885810964056,41.010494232177734,1326700,0.0,0.0
2016-09-29 00:00:00-04:00,41.010494057428296,41.26907153652109,40.51919257276364,40.66572189331055,1185900,0.0,0.0
2016-09-30 00:00:00-04:00,40.941545742558766,41.734517260810236,40.7433028629959,41.52765655517578,703300,0.0,0.0
2016-10-03 00:00:00-04:00,41.32941373119163,42.19134101114144,41.30355367695882,41.700042724609375,519600,0.0,0.0
2016-10-04 00:00:00-04:00,41.89826464671667,42.10512524915659,41.39834549617186,41.76897430419922,820200,0.0,0.0
2016-10-05 00:00:00-04:00,42.13099468091005,43.372168436161225,41.97584755050482,43.08773422241211,1835600,0.0,0.0
2016-10-06 00:00:00-04:00,43.07911682128906,43.3980289332619,42.544722930525474,43.07911682128906,743400,0.0,0.0
2016-10-07 00:00:00-04:00,42.88950032854528,42.923978209122495,40.99326292868187,41.34665298461914,1228500,0.0,0.0
2016-10-10 00:00:00-04:00,41.484556169943886,41.92413758583206,40.63124681346639,41.04497146606445,1150000,0.0,0.0
2016-10-11 00:00:00-04:00,41.139778399313734,41.139778399313734,39.588310340612495,39.76069641113281,1473100,0.0,0.0
2016-10-12 00:00:00-04:00,39.74347373329265,40.31234569712671,39.562469764798216,39.88138198852539,677300,0.0,0.0
2016-10-13 00:00:00-04:00,38.30404877290978,38.786729253969554,37.407646862358455,38.55400848388672,1824000,0.0,0.0
2016-10-14 00:00:00-04:00,38.7780931637339,39.191817686360416,38.53675139287576,39.02804946899414,878100,0.0,0.0
2016-10-17 00:00:00-04:00,38.545370707062254,39.30386398587033,38.41608036127061,38.93323516845703,824400,0.0,0.0
2016-10-18 00:00:00-04:00,39.43316708424639,39.467644959339566,38.72638708479209,39.062538146972656,721000,0.0,0.0
2016-10-19 00:00:00-04:00,39.33834985737306,40.29508940460915,38.94186420529041,40.148563385009766,815500,0.0,0.0
2016-10-20 00:00:00-04:00,39.21768883474442,39.57107886635103,37.27835257368563,37.536930084228516,1471100,0.0,0.0
2016-10-21 00:00:00-04:00,37.27835257368563,37.804128708317975,36.993915010494455,37.536930084228516,545500,0.0,0.0
2016-10-24 00:00:00-04:00,37.99374569266284,38.66604773508959,37.795499579033205,38.57985305786133,796000,0.0,0.0
2016-10-25 00:00:00-04:00,38.22646139098286,38.22646139098286,37.03700449036479,37.63173294067383,1094900,0.0,0.0
2016-10-26 00:00:00-04:00,38.59709689722029,39.35559371324531,37.364540804176315,38.37299728393555,1369400,0.0,0.0
2016-10-27 00:00:00-04:00,38.821196313969836,38.92462664251051,37.28696388199403,37.33006286621094,905900,0.0,0.0
2016-10-28 00:00:00-04:00,37.037014096624496,38.19199671545125,36.90772369702787,38.045467376708984,700400,0.0,0.0
2016-10-31 00:00:00-04:00,38.036849327722315,38.674673632407746,37.58864677654236,38.57124328613281,558000,0.0,0.0
2016-11-01 00:00:00-04:00,38.597098794882164,38.90739311160245,37.81274517783536,37.933414459228516,677200,0.0,0.0
2016-11-02 00:00:00-04:00,37.92479709006786,38.24370923586949,37.4679767227311,37.76103210449219,698300,0.0,0.0
2016-11-03 00:00:00-04:00,37.95065899784913,38.64020348697537,37.22663991466002,37.35593032836914,645300,0.0,0.0
2016-11-04 00:00:00-04:00,37.252493745649936,38.14027768827056,37.149060116768716,37.295589447021484,459100,0.0,0.0
2016-11-07 00:00:00-05:00,38.0454628351763,38.493665335486305,37.67483390776594,37.907554626464844,509000,0.0,0.0
2016-11-08 00:00:00-05:00,37.88152770829961,37.99432292316738,37.005204310768406,37.11799621582031,578100,0.29,0.0
2016-11-09 00:00:00-05:00,36.57138052996648,39.243735818461346,36.354468435031485,39.09623718261719,768600,0.0,0.0
2016-11-10 00:00:00-05:00,39.46063893101625,40.91828814196167,39.46063893101625,40.423728942871094,809300,0.0,0.0
2016-11-11 00:00:00-05:00,40.362994564200115,41.005052377160965,39.9378454909029,40.93564224243164,662700,0.0,0.0
2016-11-14 00:00:00-05:00,41.16991139835268,43.7294744770144,40.97035269185574,43.47785568237305,1272000,0.0,0.0
2016-11-15 00:00:00-05:00,43.34770319037631,43.92902920430989,42.23711455575303,42.93123245239258,789600,0.0,0.0
2016-11-16 00:00:00-05:00,42.766389088175366,42.939919424692484,41.92476910744766,42.34123992919922,563900,0.0,0.0
2016-11-17 00:00:00-05:00,42.514761819405884,42.57549692864839,41.803290559866355,42.21108627319336,508400,0.0,0.0
2016-11-18 00:00:00-05:00,41.95079640379297,42.506094128107314,41.534325592919046,42.02888488769531,567200,0.0,0.0
2016-11-21 00:00:00-05:00,42.20241920329756,42.644921757118645,42.10697734620611,42.39330291748047,590800,0.0,0.0
2016-11-22 00:00:00-05:00,42.65358768253436,42.95726324500414,42.24579194737603,42.445350646972656,507400,0.0,0.0
2016-11-23 00:00:00-05:00,42.410653401269926,42.88785934448242,42.124327849452904,42.88785934448242,497900,0.0,0.0
2016-11-25 00:00:00-05:00,42.99196333008747,43.252257101981506,42.83578640498807,43.13078689575195,160500,0.0,0.0
2016-11-28 00:00:00-05:00,42.98330913960568,43.130807801573866,42.14168900305438,42.51477813720703,396700,0.0,0.0
2016-11-29 00:00:00-05:00,42.73168656386655,43.16551079294134,42.25448057384753,42.67962646484375,354200,0.0,0.0
2016-11-30 00:00:00-05:00,43.130790988063374,43.555940060020475,42.827115443676306,43.3043212890625,485900,0.0,0.0
2016-12-01 00:00:00-05:00,43.83358877040569,45.58623858393191,43.83358877040569,44.8747673034668,541000,0.0,0.0
2016-12-02 00:00:00-05:00,44.93550941927945,45.230509994469415,43.97241920881173,44.36286163330078,498100,0.0,0.0
2016-12-05 00:00:00-05:00,44.76198444233311,46.07213216818125,44.71860268104578,45.725074768066406,499400,0.0,0.0
2016-12-06 00:00:00-05:00,45.98536331478768,46.93110016440897,45.5862458615057,46.86168670654297,514300,0.0,0.0
2016-12-07 00:00:00-05:00,46.887720275658964,48.14581111615453,46.740218326726726,48.05036926269531,423000,0.0,0.0
2016-12-08 00:00:00-05:00,48.38874421286051,48.6316846683043,47.32153724239824,48.57094955444336,431400,0.0,0.0
2016-12-09 00:00:00-05:00,48.44080856721953,48.588307196783916,47.83345406529658,48.371395111083984,317000,0.0,0.0
2016-12-12 00:00:00-05:00,48.301985104975174,48.301985104975174,46.757572003621185,46.93977737426758,367800,0.0,0.0
2016-12-13 00:00:00-05:00,47.069911480043025,47.200060024651165,46.5059388664944,46.731529235839844,438800,0.0,0.0
2016-12-14 00:00:00-05:00,46.297705540098214,46.69682289238509,45.55152760593535,45.80314636230469,631100,0.0,0.0
2016-12-15 00:00:00-05:00,45.85521341405074,46.497274641535284,45.74242151299438,46.028743743896484,490800,0.0,0.0
2016-12-16 00:00:00-05:00,46.080801079008324,46.228299699172865,45.6296235723274,45.79447555541992,657400,0.0,0.0
2016-12-19 00:00:00-05:00,45.933296304058324,46.514622341785774,45.568885634587815,45.94197463989258,371400,0.0,0.0
2016-12-20 00:00:00-05:00,45.80314844513733,46.80094187122776,45.72505997615502,46.792266845703125,591800,0.0,0.0
2016-12-21 00:00:00-05:00,46.636097720850294,46.792274684979795,46.115510046962434,46.419185638427734,626400,0.0,0.0
2016-12-22 00:00:00-05:00,46.24564798359578,46.24564798359578,44.72726364720314,45.13505935668945,395500,0.0,0.0
2016-12-23 00:00:00-05:00,45.46477508544922,45.846539169775646,45.23918465985321,45.46477508544922,358700,0.0,0.0
2016-12-27 00:00:00-05:00,45.66433892629175,46.26301516625488,45.41272008101685,45.751102447509766,318000,0.0,0.0
2016-12-28 00:00:00-05:00,45.78580085946844,46.098154774796456,44.614473676988375,44.89212417602539,238800,0.0,0.0
2016-12-29 00:00:00-05:00,45.109033062807164,46.06344479460592,44.952856116176044,45.204471588134766,389800,0.0,0.0
2016-12-30 00:00:00-05:00,45.25654050380968,45.638304609053705,44.657864298123734,44.9788932800293,244200,0.0,0.0
2017-01-03 00:00:00-05:00,45.430073808072734,45.96801492549286,44.71860233702205,45.38669204711914,354200,0.0,0.0
2017-01-04 00:00:00-05:00,45.78580260295506,47.08727509317044,45.64697900305804,46.60139083862305,689200,0.0,0.0
2017-01-05 00:00:00-05:00,46.089473008786925,47.269475130080416,44.79667900076341,45.03961944580078,429900,0.0,0.0
2017-01-06 00:00:00-05:00,45.534180312291056,45.56888703706557,44.8400623658781,44.96153259277344,445200,0.0,0.0
2017-01-09 00:00:00-05:00,44.93550847998362,45.07433208247611,44.26741885867108,44.76197814941406,293800,0.0,0.0
2017-01-10 00:00:00-05:00,44.84874168300389,46.03742229664033,44.63182959713362,45.65565490722656,423200,0.0,0.0
2017-01-11 00:00:00-05:00,46.089476561347134,46.089476561347134,45.022269554339054,45.59491729736328,400700,0.0,0.0
2017-01-12 00:00:00-05:00,45.74242541383303,45.863895662139115,44.77065680775231,45.490806579589844,277800,0.0,0.0
2017-01-13 00:00:00-05:00,45.629632556312195,46.011396686446446,45.20448335540816,45.38669204711914,286200,0.0,0.0
2017-01-17 00:00:00-05:00,45.20448335540816,46.70551810096865,45.161101594454564,45.38669204711914,333500,0.0,0.0
2017-01-18 00:00:00-05:00,45.33463395418694,46.089487219594204,45.02227996579322,46.002723693847656,330100,0.0,0.0
2017-01-19 00:00:00-05:00,45.82917699505016,46.054767377277386,45.135059107072486,45.49946975708008,281700,0.0,0.0
2017-01-20 00:00:00-05:00,45.69904082947893,46.07212991598098,45.02227611899431,45.2912483215332,232800,0.0,0.0
2017-01-23 00:00:00-05:00,44.82271078172702,45.508153729047415,44.68388718693692,45.04829788208008,382200,0.0,0.0
2017-01-24 00:00:00-05:00,45.50815634012364,46.88771734054821,45.50815634012364,46.74889373779297,422800,0.0,0.0
2017-01-25 00:00:00-05:00,47.226099285216534,47.87683553848355,47.20007089422689,47.6512451171875,538600,0.0,0.0
2017-01-26 00:00:00-05:00,47.633896613637255,47.94624724512775,47.12198394534427,47.21742248535156,500100,0.0,0.0
2017-01-27 00:00:00-05:00,47.43432350445811,47.58182541334024,46.714177249938565,47.017852783203125,482300,0.0,0.0
2017-01-30 00:00:00-05:00,46.913749008154376,47.65124882870733,46.42786470966951,47.139339447021484,823200,0.0,0.0
2017-01-31 00:00:00-05:00,46.80095308066049,47.304190736815094,45.9853647835798,47.165367126464844,462000,0.0,0.0
2017-02-01 00:00:00-05:00,47.31285647853907,47.61653534207703,46.531975064759955,46.70550537109375,317600,0.0,0.0
2017-02-02 00:00:00-05:00,46.92242592669087,47.93757294144513,46.653453737657635,47.1913948059082,381800,0.0,0.0
2017-02-03 00:00:00-05:00,47.121982319033926,47.833453689758706,46.65345142324471,47.295509338378906,346500,0.0,0.0
2017-02-06 00:00:00-05:00,46.95712763553472,47.56448214069074,46.47124667926252,46.91374588012695,623100,0.0,0.0
2017-02-07 00:00:00-05:00,47.8508011380874,47.911536249312896,45.94197437293023,46.3063850402832,574600,0.0,0.0
2017-02-08 00:00:00-05:00,46.07212944006836,46.18492466058934,44.86609867468689,44.94418716430664,643800,0.0,0.0
2017-02-09 00:00:00-05:00,45.26521731241599,45.74242660001625,44.874778164111945,45.06565856933594,726800,0.0,0.0
2017-02-10 00:00:00-05:00,45.43874261561777,45.71638981948932,45.14374204777728,45.68168640136719,328400,0.0,0.0
2017-02-13 00:00:00-05:00,45.78580425850822,46.08947985994604,45.41271519970416,45.438743591308594,331500,0.0,0.0
2017-02-14 00:00:00-05:00,45.117704527330886,45.97667766599678,45.117704527330886,45.759765625,524700,0.0,0.0
2017-02-15 00:00:00-05:00,45.69868337240278,46.8418061372763,45.515435675905934,46.780723571777344,471800,0.3,0.0
2017-02-16 00:00:00-05:00,46.45786945717291,47.20831306360604,45.22748653492369,45.32347106933594,329200,0.0,0.0
2017-02-17 00:00:00-05:00,45.09659478516793,45.4979955628675,44.65156073831534,45.42818832397461,286200,0.0,0.0
2017-02-21 00:00:00-05:00,45.724859846628156,46.42294862385724,44.98313781621299,46.06517791748047,316600,0.0,0.0
2017-02-22 00:00:00-05:00,45.9517524798111,46.19608279956387,45.09659303192544,45.34965133666992,339600,0.0,0.0
2017-02-23 00:00:00-05:00,45.3671002671771,45.3671002671771,44.14544211083479,44.60792541503906,606200,0.0,0.0
2017-02-24 00:00:00-05:00,44.0930751627064,45.75976364216873,43.98836267406871,45.11403274536133,303100,0.0,0.0
2017-02-27 00:00:00-05:00,45.00060389199146,45.436909924164155,44.904616032313335,45.384552001953125,316700,0.0,0.0
2017-02-28 00:00:00-05:00,45.12276638026313,45.175124299378204,43.866206280257245,43.89238357543945,383000,0.0,0.0
2017-03-01 00:00:00-05:00,44.73881609046635,44.834803939743075,43.39499285809314,44.26760482788086,655200,0.0,0.0
2017-03-02 00:00:00-05:00,44.337417697982154,44.41595291251315,43.831301131282274,44.03200149536133,490000,0.0,0.0
2017-03-03 00:00:00-05:00,44.084349734559986,44.26759741864442,42.976132318966094,43.377532958984375,445400,0.0,0.0
2017-03-06 00:00:00-05:00,42.827804699298945,43.02850508862927,42.33041272552248,42.52238845825195,459200,0.0,0.0
2017-03-07 00:00:00-05:00,42.478765555217564,42.66201333295383,41.79812905005335,42.26061248779297,603100,0.0,0.0
2017-03-08 00:00:00-05:00,42.47874786902387,43.36881241298455,42.13842975813455,43.22919464111328,544100,0.0,0.0
2017-03-09 00:00:00-05:00,43.06340249953786,43.403723988578136,42.66200176323484,42.69690704345703,372800,0.0,0.0
2017-03-10 00:00:00-05:00,43.045957844650225,43.23793024913732,42.50493592893369,42.66200637817383,338500,0.0,0.0
2017-03-13 00:00:00-04:00,42.723088960794875,43.019777217276136,42.57474649692979,42.66200637817383,299900,0.0,0.0
2017-03-14 00:00:00-04:00,42.64455017163837,43.028501606021365,42.00754377129939,42.94123840332031,276200,0.0,0.0
2017-03-15 00:00:00-04:00,43.09830113366433,43.92728310297686,42.784160317609036,43.674224853515625,367100,0.0,0.0
2017-03-16 00:00:00-04:00,43.7876834194971,43.95347855034356,43.19430681712336,43.42118453979492,213100,0.0,0.0
2017-03-17 00:00:00-04:00,43.560787342825954,43.6655031744797,42.644545452733546,42.83652114868164,258500,0.0,0.0
2017-03-20 00:00:00-04:00,42.75798378076506,42.75798378076506,41.972631726761094,42.033714294433594,247600,0.0,0.0
2017-03-21 00:00:00-04:00,42.19078782794764,42.19078782794764,40.017985865635836,40.463016510009766,346900,0.0,0.0
2017-03-22 00:00:00-04:00,40.192512635839115,40.46302024372824,39.78238390290937,40.332130432128906,469500,0.0,0.0
2017-03-23 00:00:00-04:00,40.26232022720764,40.88187399569935,39.76493161546066,40.30595016479492,240000,0.0,0.0
2017-03-24 00:00:00-04:00,40.33212045999445,40.733521108987254,39.7910987204824,40.13142013549805,389200,0.0,0.0
2017-03-27 00:00:00-04:00,39.32862683949127,40.71608020313184,39.31117419814819,40.27104949951172,282800,0.0,0.0
2017-03-28 00:00:00-04:00,40.12271000452017,40.96914493426722,39.88710430256734,40.88188171386719,227600,0.0,0.0
2017-03-29 00:00:00-04:00,40.82078814038306,41.62359290829653,40.65499305936045,41.309452056884766,247600,0.0,0.0
2017-03-30 00:00:00-04:00,41.20473981406433,41.789388257808696,41.20473981406433,41.588687896728516,224400,0.0,0.0
2017-03-31 00:00:00-04:00,41.60613335400194,41.60613335400194,40.57645110272945,40.846961975097656,412100,0.0,0.0
2017-04-03 00:00:00-04:00,40.79460831469509,40.93422609235473,39.747473317872625,40.087791442871094,515300,0.0,0.0
2017-04-04 00:00:00-04:00,39.84347182517614,40.21869532717664,39.25009527916377,39.6864013671875,667500,0.0,0.0
2017-04-05 00:00:00-04:00,39.97435856254027,40.27104678789341,38.264036442342345,38.32511901855469,745700,0.0,0.0
2017-04-06 00:00:00-04:00,38.543275046062064,39.07556896224285,37.94117389249336,38.80506134033203,672500,0.0,0.0
2017-04-07 00:00:00-04:00,38.65670602389338,38.927216907882034,37.836452046436115,38.58689880371094,390300,0.0,0.0
2017-04-10 00:00:00-04:00,38.6567044904942,39.590398908554945,38.6567044904942,39.511863708496094,436100,0.0,0.0
2017-04-11 00:00:00-04:00,39.27625865622429,39.99180344938127,39.09301096311402,39.634029388427734,794400,0.0,0.0
2017-04-12 00:00:00-04:00,39.5642285040812,39.77365685027148,39.06683992672376,39.119197845458984,347100,0.0,0.0
2017-04-13 00:00:00-04:00,38.9621297610806,39.258817994254315,38.43856052849419,38.447288513183594,420300,0.0,0.0
2017-04-17 00:00:00-04:00,38.58690955901703,39.39843910842995,38.3862091680199,39.32862854003906,460900,0.0,0.0
2017-04-18 00:00:00-04:00,39.14537412687481,39.511869562279976,38.857410574413144,39.43333435058594,439200,0.0,0.0
2017-04-19 00:00:00-04:00,39.6253140219091,41.61486847913856,39.494420879722576,41.02149200439453,816800,0.0,0.0
2017-04-20 00:00:00-04:00,41.527604230341595,42.583463926453064,41.318175890647744,42.2082405090332,759800,0.0,0.0
2017-04-21 00:00:00-04:00,42.19951548469975,42.19951548469975,41.15238045289259,41.79811477661133,663200,0.0,0.0
2017-04-24 00:00:00-04:00,42.62709417684657,42.73181001184792,42.068623038508235,42.4962043762207,318800,0.0,0.0
2017-04-25 00:00:00-04:00,42.705629480843974,42.923782477774886,42.016268540392744,42.62709426879883,551500,0.0,0.0
2017-04-26 00:00:00-04:00,43.01976939766704,43.11575724683864,41.54505636869116,41.65849685668945,647200,0.0,0.0
2017-04-27 00:00:00-04:00,42.225696662248,43.01977349639104,41.833020573111156,42.80162048339844,586300,0.0,0.0
2017-04-28 00:00:00-04:00,42.83652989874325,43.09831287385018,41.5450643366314,41.63232421875,551800,0.0,0.0
2017-05-01 00:00:00-04:00,41.93773434289528,41.99008893302489,41.370535205653155,41.440345764160156,455300,0.0,0.0
2017-05-02 00:00:00-04:00,41.47524699750689,41.56251019413176,40.17505699092694,40.29722213745117,595800,0.0,0.0
2017-05-03 00:00:00-04:00,40.209962846537195,40.332127994814336,39.75620420382881,39.9918098449707,525100,0.0,0.0
2017-05-04 00:00:00-04:00,39.73001729393947,39.73001729393947,38.30766234547378,38.90976333618164,930700,0.0,0.0
2017-05-05 00:00:00-04:00,39.1017441934338,39.43333435058594,38.394927288187425,39.43333435058594,461100,0.0,0.0
2017-05-08 00:00:00-04:00,39.485689478942504,39.88709016424826,39.363524342436435,39.55550003051758,401600,0.0,0.0
2017-05-09 00:00:00-04:00,39.581683619297486,39.79110864983562,38.84868935491232,39.02321243286133,301700,0.0,0.0
2017-05-10 00:00:00-04:00,39.101753638215136,39.56423703615079,38.805065358902304,39.08430099487305,385600,0.0,0.0
2017-05-11 00:00:00-04:00,38.74397132138571,39.09301409881914,37.522313278492774,38.20294952392578,519700,0.0,0.0
2017-05-12 00:00:00-04:00,38.05461432067759,38.05461432067759,37.13837227884968,37.2169075012207,393500,0.0,0.0
2017-05-15 00:00:00-04:00,37.408868793453266,38.36874381841621,37.20816846892693,37.932437896728516,436700,0.0,0.0
2017-05-16 00:00:00-04:00,37.97607827287473,38.307671796650666,37.53977223113042,38.255313873291016,449200,0.0,0.0
2017-05-17 00:00:00-04:00,37.73174306180437,38.11569113040026,36.9987488735755,37.129638671875,622800,0.0,0.0
2017-05-18 00:00:00-04:00,37.068108739148805,37.964705597675795,36.874727469946826,37.71858215332031,510400,0.31,0.0
2017-05-19 00:00:00-04:00,37.81527475639186,38.63276003508864,37.70100171926745,38.36026382446289,434500,0.0,0.0
2017-05-22 00:00:00-04:00,38.492113856089354,39.24806819995466,38.42179096215763,38.82613754272461,530000,0.0,0.0
2017-05-23 00:00:00-04:00,38.83492976933854,38.83492976933854,37.75374041874746,37.90317153930664,417600,0.0,0.0
2017-05-24 00:00:00-04:00,37.72736962376001,38.16687767633791,37.57793849541009,37.70100021362305,315500,0.0,0.0
2017-05-25 00:00:00-04:00,38.087767747800854,38.087767747800854,36.99778635060466,37.446083068847656,404900,0.0,0.0
2017-05-26 00:00:00-04:00,37.199960515130634,37.88559198963281,36.96262576937674,37.806480407714844,363900,0.0,0.0
2017-05-30 00:00:00-04:00,37.72737359463398,38.008661862815835,37.120853625384086,37.1823844909668,291500,0.0,0.0
2017-05-31 00:00:00-04:00,37.226341247558594,37.533998983342,36.42643649961179,37.226341247558594,415100,0.0,0.0
2017-06-01 00:00:00-04:00,37.40213426423556,38.69428900010312,37.182380239941374,38.04381561279297,893700,0.0,0.0
2017-06-02 00:00:00-04:00,37.938333395342276,38.00865629037288,36.96262502246386,37.0417366027832,391100,0.0,0.0
2017-06-05 00:00:00-04:00,36.99778482908545,37.103265813772964,36.38247293757819,36.901092529296875,419700,0.0,0.0
2017-06-06 00:00:00-04:00,36.62859948215114,36.85714554720921,36.02207957690687,36.602230072021484,305100,0.0,0.0
2017-06-07 00:00:00-04:00,36.77803097373242,37.45487372187158,36.56706565030487,36.611019134521484,429000,0.0,0.0
2017-06-08 00:00:00-04:00,36.707714869246466,36.909891545123735,35.61773666399697,36.136356353759766,542700,0.0,0.0
2017-06-09 00:00:00-04:00,36.11876927466753,36.663758281436266,35.61773039933206,36.50553512573242,478100,0.0,0.0
2017-06-12 00:00:00-04:00,36.59344878659754,37.586734771728516,36.14514860465258,37.586734771728516,646600,0.0,0.0
2017-06-13 00:00:00-04:00,37.68342871060283,38.07019803755263,36.80441239034406,37.841651916503906,507000,0.0,0.0
2017-06-14 00:00:00-04:00,38.0174457438895,38.0174457438895,37.24391064882278,37.806480407714844,387100,0.0,0.0
2017-06-15 00:00:00-04:00,37.45488024722392,38.92283566930703,37.45488024722392,38.62397003173828,546000,0.0,0.0
2017-06-16 00:00:00-04:00,38.28994460032279,38.28994460032279,35.74958511684025,36.33852767944336,849700,0.0,0.0
2017-06-19 00:00:00-04:00,36.46158932916463,37.4285091015527,36.05724270681823,37.32302474975586,457800,0.0,0.0
2017-06-20 00:00:00-04:00,37.252705487408086,37.39334793770189,36.35610860934243,36.40005874633789,318400,0.0,0.0
2017-06-21 00:00:00-04:00,37.129644941564955,37.5339915798517,35.828698043561346,36.18909454345703,417600,0.0,0.0
2017-06-22 00:00:00-04:00,36.14514080732276,36.39126759353933,35.48587873753531,36.01329040527344,353100,0.0,0.0
2017-06-23 00:00:00-04:00,35.99570872158168,36.444005441688674,35.644100952461535,36.408843994140625,568800,0.0,0.0
2017-06-26 00:00:00-04:00,36.575864376870165,37.47246129732847,36.44401060646898,37.34939956665039,350100,0.0,0.0
2017-06-27 00:00:00-04:00,37.24390482888562,38.008651118982556,36.97141203066739,37.54277038574219,426700,0.0,0.0
2017-06-28 00:00:00-04:00,37.75374238707732,38.21083116413997,37.59551921989485,37.70100021362305,304600,0.0,0.0
2017-06-29 00:00:00-04:00,37.78011504143068,38.2899460357273,37.37576840310064,37.9822883605957,411200,0.0,0.0
2017-06-30 00:00:00-04:00,38.11414081746207,38.80856438103427,37.832855917591395,38.597599029541016,400600,0.0,0.0
2017-07-03 00:00:00-04:00,38.84371636150262,39.81063598656997,38.84371636150262,39.142581939697266,267700,0.0,0.0
2017-07-05 00:00:00-04:00,38.96678332421458,39.38871062819548,37.850432532082145,38.58880615234375,354300,0.0,0.0
2017-07-06 00:00:00-04:00,38.46574924593221,38.78219562932596,37.96471025661906,38.078983306884766,420000,0.0,0.0
2017-07-07 00:00:00-04:00,38.17567310848364,38.8437239323836,37.841646019943354,38.790985107421875,293600,0.0,0.0
2017-07-10 00:00:00-04:00,38.71187891739863,38.790990519058504,38.07898610411961,38.1229362487793,384400,0.0,0.0
2017-07-11 00:00:00-04:00,38.1141344343012,38.67670413982625,37.92074984058449,38.50090026855469,301500,0.0,0.0
2017-07-12 00:00:00-04:00,38.75582184361279,40.28531140643576,38.75582184361279,38.94041442871094,589400,0.0,0.0
2017-07-13 00:00:00-04:00,38.931626228714926,39.90733469524382,38.931626228714926,39.64362716674805,503500,0.0,0.0
2017-07-14 00:00:00-04:00,39.72273925777599,39.72273925777599,38.60638832672759,38.78219223022461,324800,0.0,0.0
2017-07-17 00:00:00-04:00,38.5888139828876,39.17775324966792,38.54486048867824,39.1162223815918,457300,0.0,0.0
2017-07-18 00:00:00-04:00,38.975577263199675,39.10743103048366,38.193253405372204,38.55364990234375,356400,0.0,0.0
2017-07-19 00:00:00-04:00,38.641547469899024,39.160167109987356,38.35147389665931,39.089847564697266,347300,0.0,0.0
2017-07-20 00:00:00-04:00,39.204119883606644,39.35355437632399,38.720661660213985,39.18654251098633,406200,0.0,0.0
2017-07-21 00:00:00-04:00,39.13379644105261,39.195327298645154,38.492115102458726,38.95799255371094,286700,0.0,0.0
2017-07-24 00:00:00-04:00,38.747022361653364,39.36233080720613,38.22840284813065,38.36904525756836,468600,0.0,0.0
2017-07-25 00:00:00-04:00,37.639468677295774,38.9228313629693,37.639468677295774,38.38663101196289,644900,0.0,0.0
2017-07-26 00:00:00-04:00,38.58879921412156,39.59966548362106,38.26356091798822,39.29201126098633,758500,0.0,0.0
2017-07-27 00:00:00-04:00,40.171037366943544,40.294099087272386,37.6306813158741,39.098636627197266,716200,0.0,0.0
2017-07-28 00:00:00-04:00,39.00194537382607,39.863380792640314,38.61517947757696,39.520565032958984,725600,0.0,0.0
2017-07-31 00:00:00-04:00,39.643636577903905,39.65242861930388,37.82407297714078,38.27237319946289,564100,0.0,0.0
2017-08-01 00:00:00-04:00,38.316308183745896,38.369050351729804,37.05931501549254,38.105342864990234,654300,0.0,0.0
2017-08-02 00:00:00-04:00,37.86801381940568,38.17566810193718,37.46366387970405,37.67462921142578,496200,0.0,0.0
2017-08-03 00:00:00-04:00,37.507618115124664,37.991079687956386,37.068110033045315,37.103271484375,384700,0.0,0.0
2017-08-04 00:00:00-04:00,37.17359106689142,37.45487594604492,36.96262573093617,37.45487594604492,406700,0.0,0.0
2017-08-07 00:00:00-04:00,37.323031001650016,37.762539148216355,37.11206896907956,37.47246551513672,514400,0.0,0.0
2017-08-08 00:00:00-04:00,37.578732778586094,37.986137505181944,36.23252277116684,36.347660064697266,777500,0.32,0.0
2017-08-09 00:00:00-04:00,36.135109291106076,36.71964769954523,35.931406870737774,36.710792541503906,548400,0.0,0.0
2017-08-10 00:00:00-04:00,36.45393297975567,36.49821550753995,35.860539674657616,36.2679443359375,596900,0.0,0.0
2017-08-11 00:00:00-04:00,36.01110354039637,36.622210576362825,35.77197381887718,36.179378509521484,443100,0.0,0.0
2017-08-14 00:00:00-04:00,36.49822289624098,36.7107838025928,36.046535615737234,36.30337905883789,285300,0.0,0.0
2017-08-15 00:00:00-04:00,36.21481123731146,36.34766222841195,35.36457435418325,36.135101318359375,539700,0.0,0.0
2017-08-16 00:00:00-04:00,36.3122359852732,36.71964074889224,35.85169014783992,35.86940383911133,528300,0.0,0.0
2017-08-17 00:00:00-04:00,35.8251224646058,35.90483238864735,34.558622215135266,34.57633590698242,401400,0.0,0.0
2017-08-18 00:00:00-04:00,34.372636455217695,35.169732385192695,33.947517950189386,35.1608772277832,559800,0.0,0.0
2017-08-21 00:00:00-04:00,35.11659468365263,35.47085841523878,34.496628930199925,35.1608772277832,435200,0.0,0.0
2017-08-22 00:00:00-04:00,35.276009587741285,35.470853430241185,34.647185386711136,35.426570892333984,491600,0.0,0.0
2017-08-23 00:00:00-04:00,35.20515731490565,35.6834168666373,34.726897763173994,35.53285217285156,455200,0.0,0.0
2017-08-24 00:00:00-04:00,35.97568753040143,36.07311115645315,35.1963052790709,35.346866607666016,431800,0.0,0.0
2017-08-25 00:00:00-04:00,35.4885700832641,35.98454333342934,35.258298839801775,35.65684509277344,329500,0.0,0.0
2017-08-28 00:00:00-04:00,35.74541057093156,36.07310540569415,35.10773121373641,35.426570892333984,509700,0.0,0.0
2017-08-29 00:00:00-04:00,35.08116079936185,35.754264129685545,35.01916457335338,35.568275451660156,417700,0.0,0.0
2017-08-30 00:00:00-04:00,35.674551037882615,36.763917541752406,35.55055859690338,36.719635009765625,513600,0.0,0.0
2017-08-31 00:00:00-04:00,36.94991805833692,37.57873894101082,36.790498203779954,37.51674270629883,486900,0.0,0.0
2017-09-01 00:00:00-04:00,37.658450004877345,38.55296954596365,37.62302261867512,38.180992126464844,494300,0.0,0.0
2017-09-05 00:00:00-04:00,38.11013303097074,38.198701486429364,37.153617361805324,37.702728271484375,542300,0.0,0.0
2017-09-06 00:00:00-04:00,37.888720704722544,37.98614432608497,37.206758733727,37.44588851928711,424800,0.0,0.0
2017-09-07 00:00:00-04:00,37.57873575445757,37.91528912759936,37.12704507866759,37.80015182495117,556800,0.0,0.0
2017-09-08 00:00:00-04:00,37.70272866436592,38.48211418781789,37.37503382210703,38.37583541870117,401600,0.0,0.0
2017-09-11 00:00:00-04:00,38.52639401962805,38.96037097905083,38.43782894801079,38.78323745727539,625800,0.0,0.0
2017-09-12 00:00:00-04:00,38.94266270438174,39.51834250702974,38.89837678387379,39.21721649169922,373000,0.0,0.0
2017-09-13 00:00:00-04:00,39.208353990270865,39.9965945766642,38.98693794337203,39.73089599609375,406900,0.0,0.0
2017-09-14 00:00:00-04:00,39.71318951721936,39.71318951721936,39.0577964128481,39.15522003173828,415300,0.0,0.0
2017-09-15 00:00:00-04:00,39.19949019122699,39.943448144022,38.99578786086578,39.77517318725586,447300,0.0,0.0
2017-09-18 00:00:00-04:00,39.890321668617744,39.890321668617744,39.22607343053324,39.35892105102539,233200,0.0,0.0
2017-09-19 00:00:00-04:00,39.527194505301054,39.72203833343772,39.288064763980714,39.403202056884766,186300,0.0,0.0
2017-09-20 00:00:00-04:00,39.37663071804732,39.94345528271007,39.0577910557893,39.74861145019531,288600,0.0,0.0
2017-09-21 00:00:00-04:00,39.74861155483029,40.03202383790772,39.53605065325176,39.55376434326172,260600,0.0,0.0
2017-09-22 00:00:00-04:00,39.80175288809957,40.917691811046424,39.65119157705028,40.873409271240234,760600,0.0,0.0
2017-09-25 00:00:00-04:00,40.855685776656514,41.36936919652883,40.412853727765714,40.53684616088867,604900,0.0,0.0
2017-09-26 00:00:00-04:00,40.66969662883887,41.23652452953829,40.51028018820479,41.059391021728516,557800,0.0,0.0
2017-09-27 00:00:00-04:00,41.30738056478062,41.72364384830469,41.00625458110086,41.502227783203125,605900,0.0,0.0
2017-09-28 00:00:00-04:00,41.732492986742976,42.12218736739609,41.05053119914057,42.03361892700195,641800,0.0,0.0
2017-09-29 00:00:00-04:00,42.015916610157554,42.18419500317919,41.41366456664544,42.13105392456055,359700,0.0,0.0
2017-10-02 00:00:00-04:00,42.148767392832085,42.50303449131898,41.60851158798323,42.06905746459961,511500,0.0,0.0
2017-10-03 00:00:00-04:00,42.38789009692354,43.00785572644387,42.38789009692354,42.449886322021484,685300,0.0,0.0
2017-10-04 00:00:00-04:00,42.29046742542026,42.520738641073955,41.88306268620321,42.0247688293457,682100,0.0,0.0
2017-10-05 00:00:00-04:00,41.8830661109687,41.99820003893954,40.91769187607807,41.35166549682617,670900,0.0,0.0
2017-10-06 00:00:00-04:00,41.27194881374728,41.511078544163446,40.97082286194995,41.023963928222656,418600,0.0,0.0
2017-10-09 00:00:00-04:00,41.09482036295799,41.298522724185126,40.52799243516934,40.68741226196289,220900,0.0,0.0
2017-10-10 00:00:00-04:00,40.811406465514864,41.01510881864201,40.5634182011743,40.92654037475586,239400,0.0,0.0
2017-10-11 00:00:00-04:00,41.103680055898394,41.18338997809442,40.129450676650265,40.297725677490234,384900,0.0,0.0
2017-10-12 00:00:00-04:00,40.24458597272977,40.27115820006018,39.55376887588272,40.094024658203125,476500,0.0,0.0
2017-10-13 00:00:00-04:00,40.29771885496688,40.57227595794567,39.80174571432344,40.067447662353516,184300,0.0,0.0
2017-10-16 00:00:00-04:00,40.04088812545986,40.28887646361509,39.633483297939975,40.182594299316406,238300,0.0,0.0
2017-10-17 00:00:00-04:00,40.11174020058545,40.55457238638514,40.014316579142886,40.36858367919922,178400,0.0,0.0
2017-10-18 00:00:00-04:00,40.30657953282238,40.891117817210315,40.30657953282238,40.40400314331055,366600,0.0,0.0
2017-10-19 00:00:00-04:00,40.20915689469059,40.28000827537052,39.77517994081533,40.102874755859375,232100,0.0,0.0
2017-10-20 00:00:00-04:00,40.23572535257904,40.60770269928278,40.049736679227166,40.33314895629883,369000,0.0,0.0
2017-10-23 00:00:00-04:00,40.29772918184292,40.29772918184292,39.553770969498004,39.97888946533203,649700,0.0,0.0
2017-10-24 00:00:00-04:00,40.54571467621314,41.3251002850808,40.31544342146713,40.713993072509766,994500,0.0,0.0
2017-10-25 00:00:00-04:00,41.93620199264245,43.565824390784485,39.31463655431778,42.458744049072266,1580400,0.0,0.0
2017-10-26 00:00:00-04:00,42.70673129814475,43.5746818593866,42.56502515301427,43.530399322509766,948000,0.0,0.0
2017-10-27 00:00:00-04:00,43.494977729012675,43.494977729012675,42.17533633182963,42.32590103149414,603700,0.0,0.0
2017-10-30 00:00:00-04:00,42.04249081622796,42.52074703212494,41.156826402174985,42.21076583862305,861800,0.0,0.0
2017-10-31 00:00:00-04:00,42.476471116144005,43.114150674913766,41.236542770087645,41.28968048095703,682100,0.0,0.0
2017-11-01 00:00:00-04:00,41.69708215980987,41.99820481664266,40.88226914351493,41.953922271728516,598700,0.0,0.0
2017-11-02 00:00:00-04:00,42.361329474258326,43.45955142791948,42.29047470122649,43.08757400512695,487300,0.0,0.0
2017-11-03 00:00:00-04:00,43.21156578799115,43.3266997245134,42.48532126874268,42.54731750488281,248000,0.0,0.0
2017-11-06 00:00:00-05:00,42.61816930594393,42.61816930594393,41.741363455836236,41.83878707885742,580100,0.0,0.0
2017-11-07 00:00:00-05:00,41.856500500269966,41.93621043606366,40.62542745298876,41.041690826416016,376700,0.0,0.0
2017-11-08 00:00:00-05:00,41.0328276951475,41.24538523026631,40.297724721387304,40.722843170166016,1031000,0.0,0.0
2017-11-09 00:00:00-05:00,40.56227349056902,41.026148577808456,40.392778641541234,40.75852584838867,351000,0.33,0.0
2017-11-10 00:00:00-05:00,40.84773680445207,42.114469940686035,40.66040360593261,41.570308685302734,503300,0.0,0.0
2017-11-13 00:00:00-05:00,41.60600157606783,41.81117656410403,41.070762772752985,41.21349334716797,476400,0.0,0.0
2017-11-14 00:00:00-05:00,41.08859844442721,41.63275633938465,40.81205650859128,41.4454231262207,479600,0.0,0.0
2017-11-15 00:00:00-05:00,41.18671740528995,41.47218187654971,40.67823966470348,41.06182861328125,369000,0.0,0.0
2017-11-16 00:00:00-05:00,41.37405857978385,41.40081949447482,40.78529463582936,41.338375091552734,437100,0.0,0.0
2017-11-17 00:00:00-05:00,41.436498392271695,41.50786195786337,40.776367544985845,41.06182861328125,545700,0.0,0.0
2017-11-20 00:00:00-05:00,41.11535361599594,41.36513119865433,40.54443148251143,41.2224006652832,482900,0.0,0.0
2017-11-21 00:00:00-05:00,41.31161296420578,41.44542093669758,40.54443500458009,41.39189910888672,631600,0.0,0.0
2017-11-22 00:00:00-05:00,41.472185085543515,41.54354865665709,41.159959678398344,41.249168395996094,180000,0.0,0.0
2017-11-24 00:00:00-05:00,41.409724560978276,41.4721723455955,40.945852983826455,40.990455627441406,201200,0.0,0.0
2017-11-27 00:00:00-05:00,40.98154046829954,41.472179845685076,40.98154046829954,41.15103530883789,281300,0.0,0.0
2017-11-28 00:00:00-05:00,41.231325261364574,42.23043904399764,41.05291123515325,42.203678131103516,359400,0.0,0.0
2017-11-29 00:00:00-05:00,42.203678233447334,43.91644472211462,42.203678233447334,43.69342803955078,592100,0.0,0.0
2017-11-30 00:00:00-05:00,43.68450776324888,44.06809671978151,42.97977424748295,43.14034652709961,569000,0.0,0.0
2017-12-01 00:00:00-05:00,43.22955178094546,43.50609368503192,42.12339097052847,43.43472671508789,436200,0.0,0.0
2017-12-04 00:00:00-05:00,43.85399642911756,44.924477090961076,43.85399642911756,44.30002975463867,576600,0.0,0.0
2017-12-05 00:00:00-05:00,44.38923953910494,44.38923953910494,42.97977585773158,43.0689811706543,323500,0.0,0.0
2017-12-06 00:00:00-05:00,43.158189022298515,43.158189022298515,42.14123350230003,42.36425018310547,441400,0.0,0.0
2017-12-07 00:00:00-05:00,42.48914159386804,43.39012754244743,42.37317195988456,43.149269104003906,345200,0.0,0.0
2017-12-08 00:00:00-05:00,43.158191109946756,43.158191109946756,42.16799645479859,43.033302307128906,938000,0.0,0.0
2017-12-11 00:00:00-05:00,43.193863531304075,43.22062784356296,42.81027802054334,43.02437210083008,314900,0.0,0.0
2017-12-12 00:00:00-05:00,43.193869798433816,43.586381340850274,42.890570374514986,42.92625045776367,338500,0.0,0.0
2017-12-13 00:00:00-05:00,42.83704895503383,43.34552676841944,42.54266527203961,42.935176849365234,293600,0.0,0.0
2017-12-14 00:00:00-05:00,42.988687255599515,43.291990028850805,41.32944627565719,41.721954345703125,444800,0.0,0.0
2017-12-15 00:00:00-05:00,41.909294248602265,42.953014084313246,41.77548628189769,42.36425018310547,565500,0.0,0.0
2017-12-18 00:00:00-05:00,42.774600795633646,43.72911193367998,42.631870253578995,43.68450927734375,433100,0.0,0.0
2017-12-19 00:00:00-05:00,43.91644296586074,43.98780993485011,43.300918171667114,43.309837341308594,634100,0.0,0.0
2017-12-20 00:00:00-05:00,43.4971711683865,43.622063365949565,42.917329850183634,43.14034652709961,209700,0.0,0.0
2017-12-21 00:00:00-05:00,43.077899345608905,43.10466025616061,42.435610268654436,42.95301055908203,230200,0.0,0.0
2017-12-22 00:00:00-05:00,42.97085109188202,43.70234891297151,42.48021508991484,43.006534576416016,227200,0.0,0.0
2017-12-26 00:00:00-05:00,42.854888273261416,43.43472962962495,42.81920478589498,43.033302307128906,216000,0.0,0.0
2017-12-27 00:00:00-05:00,43.12250425217524,43.12250425217524,42.57834302274449,42.712154388427734,260700,0.0,0.0
2017-12-28 00:00:00-05:00,42.72999110535655,42.854879883725395,42.399924016280025,42.756752014160156,177500,0.0,0.0
2017-12-29 00:00:00-05:00,42.7745991846894,42.961932376025075,42.6140269055547,42.68539047241211,307100,0.0,0.0
2018-01-02 00:00:00-05:00,42.801352853900234,42.935164198189945,42.31071692977769,42.67646408081055,564500,0.0,0.0
2018-01-03 00:00:00-05:00,42.837043129326084,43.131423369320636,42.16799310765329,43.006534576416016,509800,0.0,0.0
2018-01-04 00:00:00-05:00,43.15818464119404,43.47040660144136,42.44453201565435,43.28307342529297,434400,0.0,0.0
2018-01-05 00:00:00-05:00,43.36335769271746,44.496282675816374,43.11358013526585,44.407073974609375,565700,0.0,0.0
2018-01-08 00:00:00-05:00,44.567654033844214,45.77194618867841,44.43384606306125,45.61137390136719,638100,0.0,0.0
2018-01-09 00:00:00-05:00,45.75410106698474,45.75410106698474,45.02260665789562,45.290225982666016,536000,0.0,0.0
2018-01-10 00:00:00-05:00,45.13857126824146,45.76301860576314,44.70146051405124,45.35266876220703,632900,0.0,0.0
2018-01-11 00:00:00-05:00,45.44187979593729,46.842424345117024,45.254546591949726,46.619407653808594,350000,0.0,0.0
2018-01-12 00:00:00-05:00,46.637252535174554,47.74341689579037,46.637252535174554,47.55608367919922,580000,0.0,0.0
2018-01-16 00:00:00-05:00,48.12699914755914,48.12699914755914,46.19121263893856,46.6104850769043,632100,0.0,0.0
2018-01-17 00:00:00-05:00,46.98514518215025,47.279528787267246,46.40530394634892,46.7086067199707,636500,0.0,0.0
2018-01-18 00:00:00-05:00,46.788901605301724,46.84242343227536,46.0128044875027,46.217979431152344,516900,0.0,0.0
2018-01-19 00:00:00-05:00,46.280419849072175,47.431183268527725,45.94143356122729,47.422264099121094,354000,0.0,0.0
2018-01-22 00:00:00-05:00,47.35090125179007,48.01995126523723,47.11896200813502,47.993186950683594,455300,0.0,0.0
2018-01-23 00:00:00-05:00,47.99319385670351,47.99319385670351,47.16357144841269,47.7255744934082,299400,0.0,0.0
2018-01-24 00:00:00-05:00,47.89506466374085,48.34109805812349,47.359825951667574,48.082401275634766,556800,0.0,0.0
2018-01-25 00:00:00-05:00,48.14483924878793,48.17160015992821,47.26169174855163,48.02886962890625,351200,0.0,0.0
2018-01-26 00:00:00-05:00,48.15376131467067,48.71576430317146,47.58283915624137,48.66223907470703,280400,0.0,0.0
2018-01-29 00:00:00-05:00,48.57303458999034,48.91202090343696,47.520395566364954,47.58283996582031,485100,0.0,0.0
2018-01-30 00:00:00-05:00,47.37766189529316,47.70772561389608,46.61940317589837,47.110042572021484,375700,0.0,0.0
2018-01-31 00:00:00-05:00,47.47579209849854,47.76125317769046,46.030641556754354,46.55696105957031,676300,0.0,0.0
2018-02-01 00:00:00-05:00,46.32502258000253,47.21708925259574,45.664891744979265,46.81565856933594,487100,0.0,0.0
2018-02-02 00:00:00-05:00,46.53020346463476,46.842425478837356,45.227786772582874,45.37943649291992,570700,0.0,0.0
2018-02-05 00:00:00-05:00,44.74607148885625,45.584613073347846,42.587271421074455,42.62295150756836,1252100,0.0,0.0
2018-02-06 00:00:00-05:00,41.739805061644894,44.06809988009394,41.57031019713632,43.61314392089844,911000,0.0,0.0
2018-02-07 00:00:00-05:00,43.35444738259762,44.12162541513074,42.91733653343385,43.479339599609375,744700,0.0,0.0
2018-02-08 00:00:00-05:00,44.15730451672806,44.43384643674857,42.578345946865056,43.04222106933594,926600,0.0,0.0
2018-02-09 00:00:00-05:00,43.823819171541565,44.282003713455694,42.009056215355564,43.51836395263672,701800,0.34,0.0
2018-02-12 00:00:00-05:00,43.88670520431813,44.57847151245766,43.239861501303636,44.18317794799805,416300,0.0,0.0
2018-02-13 00:00:00-05:00,44.147247619345265,44.25505434758649,42.9793316865754,43.18596267700195,464400,0.0,0.0
2018-02-14 00:00:00-05:00,42.72777523123425,43.850771814431084,42.65590180489512,43.401573181152344,622200,0.0,0.0
2018-02-15 00:00:00-05:00,43.61719530227856,43.949601397587685,42.49419849518017,43.123077392578125,518100,0.0,0.0
2018-02-16 00:00:00-05:00,43.03324096814754,43.85976501059645,42.988318352137306,43.239871978759766,379100,0.0,0.0
2018-02-20 00:00:00-05:00,43.01526955715073,43.41056318936552,42.29655230443558,42.359439849853516,461100,0.0,0.0
2018-02-21 00:00:00-05:00,42.74575032550008,43.329706584538776,42.37740409812291,42.53911590576172,676100,0.0,0.0
2018-02-22 00:00:00-05:00,42.6559102382871,42.94339714625471,41.95516132850533,42.053985595703125,506100,0.0,0.0
2018-02-23 00:00:00-05:00,42.242641794425,42.9074538825477,42.11686671975929,42.844566345214844,396700,0.0,0.0
2018-02-26 00:00:00-05:00,43.07815593788129,43.23088185059161,42.548101335750836,43.15901184082031,526200,0.0,0.0
2018-02-27 00:00:00-05:00,43.30275846715108,43.716020478245184,42.40436100279987,42.5031852722168,671300,0.0,0.0
2018-02-28 00:00:00-05:00,42.50317682186356,42.736758608224534,41.119644179325036,41.1465950012207,452300,0.0,0.0
2018-03-01 00:00:00-05:00,41.05675815538467,41.622749425831586,40.28413591286337,40.454830169677734,527200,0.0,0.0
2018-03-02 00:00:00-05:00,39.90681405264988,40.670453959954415,39.30488939155412,40.499759674072266,366900,0.0,0.0
2018-03-05 00:00:00-05:00,40.158363492813926,41.35323022377571,39.89782743061655,41.227455139160156,360500,0.0,0.0
2018-03-06 00:00:00-05:00,41.48798827303876,42.28756133489965,41.04777208084178,42.14381790161133,437800,0.0,0.0
2018-03-07 00:00:00-05:00,41.64071963897524,42.23366180753214,41.29034518852538,41.71259307861328,299000,0.0,0.0
2018-03-08 00:00:00-05:00,41.955160235399724,42.107886151915885,41.18253790519893,41.317298889160156,260500,0.0,0.0
2018-03-09 00:00:00-05:00,41.68564151992443,42.79066993158812,41.47900709815258,42.619972229003906,345100,0.0,0.0
2018-03-12 00:00:00-04:00,42.655901819467346,42.943388670694866,42.13483318678507,42.206703186035156,257500,0.0,0.0
2018-03-13 00:00:00-04:00,42.44927312573823,42.84456671050266,41.99109200310477,42.14381790161133,335800,0.0,0.0
2018-03-14 00:00:00-04:00,42.98832454605914,42.98832454605914,42.08094446201324,42.161800384521484,398100,0.0,0.0
2018-03-15 00:00:00-04:00,42.242640786493254,42.27857750042992,41.04777075145171,41.1465950012207,629000,0.0,0.0
2018-03-16 00:00:00-04:00,41.06574836028483,42.29655538655642,41.047779999268336,41.443077087402344,521000,0.0,0.0
2018-03-19 00:00:00-04:00,41.317291359191984,41.712584918528634,40.47279574422186,40.8770751953125,480200,0.0,0.0
2018-03-20 00:00:00-04:00,40.49077387326498,40.49077387326498,38.77483483525306,39.772056579589844,803700,0.0,0.0
2018-03-21 00:00:00-04:00,39.84391799239,40.64349445026984,39.834935527521075,40.0775032043457,429300,0.0,0.0
2018-03-22 00:00:00-04:00,39.68220912037777,40.1763304022764,39.152157976366325,39.16114044189453,421500,0.0,0.0
2018-03-23 00:00:00-04:00,39.36777154028841,39.65525841766257,38.658036812408604,38.667022705078125,342100,0.0,0.0
2018-03-26 00:00:00-04:00,39.3857385221615,39.915793076380986,39.2330091961421,39.64627456665039,734100,0.0,0.0
2018-03-27 00:00:00-04:00,39.80799466800435,39.852913857817555,38.11900639953444,38.271732330322266,695100,0.0,0.0
2018-03-28 00:00:00-04:00,38.40648779000007,39.33183598978441,38.208839270778554,38.67600631713867,651300,0.0,0.0
2018-03-29 00:00:00-04:00,38.87365205393985,39.978680335094424,38.87365205393985,39.82595443725586,521200,0.0,0.0
2018-04-02 00:00:00-04:00,39.53847093529495,39.816975383266524,37.49911170516328,37.867454528808594,465900,0.0,0.0
2018-04-03 00:00:00-04:00,38.127986132284875,39.21504963964656,38.127986132284875,38.98146438598633,767300,0.0,0.0
2018-04-04 00:00:00-04:00,38.08306607011354,39.646279088213774,37.99322769899542,39.520503997802734,653500,0.0,0.0
2018-04-05 00:00:00-04:00,39.754082447382736,39.77205080550528,39.0443477235549,39.68220901489258,708000,0.0,0.0
2018-04-06 00:00:00-04:00,39.43066022570542,39.72713300435957,38.20883924782288,38.62210464477539,272300,0.0,0.0
2018-04-09 00:00:00-04:00,38.86466493549101,39.098250148139506,38.37054711550732,38.38851547241211,346700,0.0,0.0
2018-04-10 00:00:00-04:00,39.00840959430674,40.032585407509444,38.765845336223585,39.82595443725586,462000,0.0,0.0
2018-04-11 00:00:00-04:00,39.37675242788114,39.54744666865245,38.52327436979763,38.738887786865234,438400,0.0,0.0
2018-04-12 00:00:00-04:00,38.918576820040585,39.107239459901216,38.64905827350908,38.92756271362305,174900,0.0,0.0
2018-04-13 00:00:00-04:00,39.18808568454406,39.18808568454406,38.49631941551914,38.810760498046875,298400,0.0,0.0
2018-04-16 00:00:00-04:00,39.07131098847672,39.96970853919059,38.702968129768614,39.66425323486328,259400,0.0,0.0
2018-04-17 00:00:00-04:00,40.284146412439085,40.31109724235161,39.71815499447335,40.00564193725586,266300,0.0,0.0
2018-04-18 00:00:00-04:00,40.15836220816254,40.83216022028905,40.13140795724002,40.17633056640625,268500,0.0,0.0
2018-04-19 00:00:00-04:00,40.17633686052613,40.607567244590996,39.304890198309835,39.67323303222656,496700,0.0,0.0
2018-04-20 00:00:00-04:00,39.73611703779664,39.85290966070256,39.04435062076024,39.43964767456055,448200,0.0,0.0
2018-04-23 00:00:00-04:00,39.55643879375608,40.39194869995117,39.43964959228551,40.39194869995117,448800,0.0,0.0
2018-04-24 00:00:00-04:00,40.66146826508919,41.17355797947105,39.90681424799276,40.0325927734375,514700,0.0,0.0
2018-04-25 00:00:00-04:00,40.81419563615513,42.02703079928877,39.62831129932225,41.68564224243164,932800,0.0,0.0
2018-04-26 00:00:00-04:00,42.52115103414533,42.799652037720875,40.60756359243108,41.029808044433594,575500,0.0,0.0
2018-04-27 00:00:00-04:00,41.05676239816367,41.514943570178694,40.94895566835675,41.23644256591797,512200,0.0,0.0
2018-04-30 00:00:00-04:00,41.34424661605267,41.425102514945834,40.436863369905666,40.51771926879883,481900,0.0,0.0
2018-05-01 00:00:00-04:00,40.37397694440801,41.37119858259422,39.72713316251173,41.227455139160156,338700,0.0,0.0
2018-05-02 00:00:00-04:00,41.128631138606345,42.0719511334004,40.82317589099325,41.74852752685547,432800,0.0,0.0
2018-05-03 00:00:00-04:00,41.55087663031329,41.98210693868234,41.22745304225804,41.57782745361328,493800,0.0,0.0
2018-05-04 00:00:00-04:00,41.39815588208558,42.350454979776174,41.31729997500673,42.080936431884766,346900,0.0,0.0
2018-05-07 00:00:00-04:00,42.089917047262695,42.440294913937436,41.53291161583593,42.19772720336914,288300,0.0,0.0
2018-05-08 00:00:00-04:00,42.15279653545309,42.75472446377787,41.94616558307697,42.11686325073242,297200,0.0,0.0
2018-05-09 00:00:00-04:00,42.2516290174712,42.50318262224353,41.16456897588932,41.730560302734375,311500,0.0,0.0
2018-05-10 00:00:00-04:00,41.883286360720916,42.22467833665176,41.47900684015993,42.04499816894531,358800,0.0,0.0
2018-05-11 00:00:00-04:00,41.9641473053508,42.37740934173465,41.63174118279114,42.31452178955078,155300,0.0,0.0
2018-05-14 00:00:00-04:00,42.43130886043636,42.961363464391496,42.34147049113445,42.664894104003906,249000,0.0,0.0
2018-05-15 00:00:00-04:00,42.49420061417178,42.88949770333521,42.24265041351465,42.74575424194336,350200,0.0,0.0
2018-05-16 00:00:00-04:00,42.943397028889926,43.95858709762781,42.92542866880178,43.56329345703125,482800,0.0,0.0
2018-05-17 00:00:00-04:00,43.563292749117245,44.63238445363232,43.47345095013644,43.68906784057617,451200,0.0,0.0
2018-05-18 00:00:00-04:00,43.79765731289202,43.93339177869651,43.09182497326584,43.435691833496094,242900,0.35,0.0
2018-05-21 00:00:00-04:00,43.70716732785455,43.91529628513494,43.499038370574155,43.86100387573242,195400,0.0,0.0
2018-05-22 00:00:00-04:00,44.376797515397435,44.61207265107487,43.20041493309326,43.25470733642578,278800,0.0,0.0
2018-05-23 00:00:00-04:00,43.1732623262798,43.888142171564965,43.02847684069936,43.32709884643555,252200,0.0,0.0
2018-05-24 00:00:00-04:00,43.209462717101154,43.78860470172904,43.010381365400875,43.689064025878906,357900,0.0,0.0
2018-05-25 00:00:00-04:00,43.462838158995936,43.8971946643224,43.44473953977917,43.67096710205078,152100,0.0,0.0
2018-05-29 00:00:00-04:00,43.27280560067154,43.77955655669787,43.06467666836388,43.4175910949707,297500,0.0,0.0
2018-05-30 00:00:00-04:00,43.77051035253964,44.26821032837691,43.526184156701234,43.824806213378906,319300,0.0,0.0
2018-05-31 00:00:00-04:00,44.00578671493496,44.01483429863296,43.417593667763434,43.57143020629883,247600,0.0,0.0
2018-06-01 00:00:00-04:00,43.752402537899954,44.684462300665686,43.689059106211566,43.97863006591797,259800,0.0,0.0
2018-06-04 00:00:00-04:00,44.087228684514535,44.503486572931735,44.02388524288403,44.304405212402344,207100,0.0,0.0
2018-06-05 00:00:00-04:00,44.23200707250944,45.26360404394401,44.06912297681365,45.17311096191406,454400,0.0,0.0
2018-06-06 00:00:00-04:00,45.43554444212344,45.93324440695626,45.03738516064893,45.77941131591797,225500,0.0,0.0
2018-06-07 00:00:00-04:00,45.91513753385653,46.82004758539369,45.23645499520367,45.444583892822266,385200,0.0,0.0
2018-06-08 00:00:00-04:00,45.399346838305625,46.04183575702299,45.227415128766474,45.94229507446289,371600,0.0,0.0
2018-06-11 00:00:00-04:00,46.06897266140725,46.49428150941938,45.969431998939896,46.0599250793457,256600,0.0,0.0
2018-06-12 00:00:00-04:00,46.52144013093289,46.52144013093289,45.84275738046103,45.969444274902344,237500,0.0,0.0
2018-06-13 00:00:00-04:00,45.99658858431629,45.99658858431629,45.22741281870342,45.390296936035156,281000,0.0,0.0
2018-06-14 00:00:00-04:00,45.51697926046452,45.78845161152927,45.27265310891877,45.616519927978516,215100,0.0,0.0
2018-06-15 00:00:00-04:00,45.471735825742705,46.11422121491007,45.35409653765514,45.86084747314453,290400,0.0,0.0
2018-06-18 00:00:00-04:00,45.46269378831338,46.43999509144387,45.46269378831338,46.14137649536133,288900,0.0,0.0
2018-06-19 00:00:00-04:00,45.743215528549165,46.458095502676336,45.7341679443015,46.25901412963867,206400,0.0,0.0
2018-06-20 00:00:00-04:00,46.65716887338471,46.91959019506508,46.13231932610737,46.52143096923828,156800,0.0,0.0
2018-06-21 00:00:00-04:00,46.38569536101137,46.485236035384546,45.815604420078905,46.041831970214844,261500,0.0,0.0
2018-06-22 00:00:00-04:00,46.69336558329893,46.9105455531564,45.16406856690905,45.417442321777344,674300,0.0,0.0
2018-06-25 00:00:00-04:00,45.21836762708814,45.21836762708814,43.25471053181461,43.81575393676758,683300,0.0,0.0
2018-06-26 00:00:00-04:00,43.80669496470864,43.96053146675986,43.44472956737696,43.915283203125,317200,0.0,0.0
2018-06-27 00:00:00-04:00,43.93338773299951,44.05102702076393,43.09182100506625,43.10087203979492,397900,0.0,0.0
2018-06-28 00:00:00-04:00,43.019434278352506,43.363297689260214,42.557928115986826,43.17326736450195,296600,0.0,0.0
2018-06-29 00:00:00-04:00,43.4628445765738,43.61668113665199,42.367903841973984,42.395050048828125,265600,0.0,0.0
2018-07-02 00:00:00-04:00,42.18691110504229,42.802250296014094,41.915438744780225,42.73890686035156,221300,0.0,0.0
2018-07-03 00:00:00-04:00,42.910846253373386,43.589529001849456,42.72081591227024,42.93799591064453,169500,0.0,0.0
2018-07-05 00:00:00-04:00,43.74336437712103,44.66637330446788,43.74336437712103,44.55778503417969,703200,0.0,0.0
2018-07-06 00:00:00-04:00,44.476345650146804,45.10073255689953,44.23201943829771,44.88355255126953,269500,0.0,0.0
2018-07-09 00:00:00-04:00,45.12786930058495,45.815602964241506,45.03737966418936,45.59842300415039,299200,0.0,0.0
2018-07-10 00:00:00-04:00,45.9241916664757,46.12327301083883,44.1415175060272,44.7387580871582,395300,0.0,0.0
2018-07-11 00:00:00-04:00,44.44918588230218,44.44918588230218,43.59857157863259,43.99673080444336,294000,0.0,0.0
2018-07-12 00:00:00-04:00,44.2320062631179,44.2320062631179,42.947032137471055,43.77050018310547,551400,0.0,0.0
2018-07-13 00:00:00-04:00,43.97863854016416,44.6120764310634,43.78860820848203,44.05103302001953,281900,0.0,0.0
2018-07-16 00:00:00-04:00,44.17771908773567,44.63922525834966,43.72526395291498,44.07817840576172,358300,0.0,0.0
2018-07-17 00:00:00-04:00,43.987687256593176,44.63017269761578,43.93339139956475,44.53063201904297,520600,0.0,0.0
2018-07-18 00:00:00-04:00,43.652869641423116,44.358698494002,42.18691262950909,44.313453674316406,789400,0.0,0.0
2018-07-19 00:00:00-04:00,44.32250434234351,44.856401536493344,44.195817457622994,44.639225006103516,373400,0.0,0.0
2018-07-20 00:00:00-04:00,44.584922593633095,44.648266026681995,44.0691240948302,44.25010681152344,266800,0.0,0.0
2018-07-23 00:00:00-04:00,44.241066040735724,44.65732396932841,44.03293707643938,44.53968811035156,194800,0.0,0.0
2018-07-24 00:00:00-04:00,44.91068932127297,45.24550509240852,43.72525584514695,43.9062385559082,555900,0.0,0.0
2018-07-25 00:00:00-04:00,43.263753924037196,43.83384481217344,42.6122175353579,43.68001174926758,807900,0.0,0.0
2018-07-26 00:00:00-04:00,45.07357770541719,47.471587632358734,44.548728139455406,45.5712776184082,1018000,0.0,0.0
2018-07-27 00:00:00-04:00,45.8246558275637,46.55763439388063,45.8246558275637,46.14137649536133,484000,0.0,0.0
2018-07-30 00:00:00-04:00,46.322349434148144,47.12772236900309,46.15041774798807,46.91958999633789,609000,0.0,0.0
2018-07-31 00:00:00-04:00,46.99198290437634,47.408240731962245,46.82909880628478,47.23630905151367,725800,0.0,0.0
2018-08-01 00:00:00-04:00,47.19107027099112,47.507787473363436,46.01468420056,46.458091735839844,538600,0.0,0.0
2018-08-02 00:00:00-04:00,46.240915003419765,46.838155664041494,45.97849363960088,46.08708190917969,424500,0.0,0.0
2018-08-03 00:00:00-04:00,46.31330545571978,46.75670953157152,46.27710821835597,46.58477783203125,277500,0.0,0.0
2018-08-06 00:00:00-04:00,46.657178844386756,47.661626432287065,46.4671450475784,47.272518157958984,255400,0.0,0.0
2018-08-07 00:00:00-04:00,47.553041249347984,48.086938528138944,47.40825572214837,47.534942626953125,285200,0.0,0.0
2018-08-08 00:00:00-04:00,47.45349091927398,47.45349091927398,46.69336619278866,46.883399963378906,301200,0.0,0.0
2018-08-09 00:00:00-04:00,46.96541353138916,47.19322403147221,46.53712867887706,46.64647674560547,359400,0.36,0.0
2018-08-10 00:00:00-04:00,46.22730479130887,46.436890027594316,45.77168380561557,46.07239532470703,164700,0.0,0.0
2018-08-13 00:00:00-04:00,46.136183404783374,46.181744809532724,45.379850876717114,45.72612380981445,246400,0.0,0.0
2018-08-14 00:00:00-04:00,45.91747232152611,46.628239791123384,45.91747232152611,46.53711700439453,242600,0.0,0.0
2018-08-15 00:00:00-04:00,46.38221112511773,46.55534582361116,45.73522677577538,46.427772521972656,258400,0.0,0.0
2018-08-16 00:00:00-04:00,46.8013837278395,47.211443270944436,46.56445889132913,46.69203567504883,226000,0.0,0.0
2018-08-17 00:00:00-04:00,46.70114943394862,47.59416611818628,46.491564204841914,47.28434371948242,231100,0.0,0.0
2018-08-20 00:00:00-04:00,47.36636340774501,47.89488548833047,47.35725251633717,47.75819778442383,262000,0.0,0.0
2018-08-21 00:00:00-04:00,48.00423529968479,48.48719251233714,47.90399811001441,48.33228302001953,332000,0.0,0.0
2018-08-22 00:00:00-04:00,48.49629378028968,48.64209234148702,47.776411863578865,47.8401985168457,380200,0.0,0.0
2018-08-23 00:00:00-04:00,47.840203531747505,47.885764935126716,46.90162541290914,47.35724639892578,383900,0.0,0.0
2018-08-24 00:00:00-04:00,47.985999315977956,48.26848556227114,47.33901838774835,47.6852912902832,415000,0.0,0.0
2018-08-27 00:00:00-04:00,48.022451069229696,48.69676816011667,47.89487775344633,48.514522552490234,290000,0.0,0.0
2018-08-28 00:00:00-04:00,48.714993074741066,49.06126598380673,48.35960927580279,48.851680755615234,257300,0.0,0.0
2018-08-29 00:00:00-04:00,48.824347415712815,48.924581114520336,48.29582539381265,48.496299743652344,222700,0.0,0.0
2018-08-30 00:00:00-04:00,48.35049936477281,48.42339691356593,47.7855268500932,47.89487838745117,218200,0.0,0.0
2018-08-31 00:00:00-04:00,47.776414858480614,48.058901109307286,47.71262820121525,47.95866394042969,260600,0.0,0.0
2018-09-04 00:00:00-04:00,47.95866061767359,48.34138053474947,47.54860108072666,48.1773567199707,329500,0.0,0.0
2018-09-05 00:00:00-04:00,48.049789222416095,48.45984880892999,47.730855919634344,47.91310501098633,222600,0.0,0.0
2018-09-06 00:00:00-04:00,47.95865576024253,48.05889291202293,47.3207858202767,47.37546157836914,165000,0.0,0.0
2018-09-07 00:00:00-04:00,47.229672008951994,47.74907964315394,46.61002720391947,47.05653381347656,216800,0.0,0.0
2018-09-10 00:00:00-04:00,47.51215855076526,48.09535288964756,47.24789752967407,47.44837188720703,263900,0.0,0.0
2018-09-11 00:00:00-04:00,47.384576799172336,47.69439917113448,47.11120493593794,47.56682586669922,224800,0.0,0.0
2018-09-12 00:00:00-04:00,47.51215254725886,47.72173776905503,47.20233015936189,47.54860305786133,299600,0.0,0.0
2018-09-13 00:00:00-04:00,47.70351357276664,47.949549310627255,47.47570309061186,47.876651763916016,183300,0.0,0.0
2018-09-14 00:00:00-04:00,48.00422846449653,48.68765995917773,47.71263130485487,48.605648040771484,207100,0.0,0.0
2018-09-17 00:00:00-04:00,48.60564552376386,48.869906522289654,47.32079451934276,47.339019775390625,225000,0.0,0.0
2018-09-18 00:00:00-04:00,47.19321796321654,47.84930975533693,46.92895698283275,47.1112060546875,499900,0.0,0.0
2018-09-19 00:00:00-04:00,47.17499869490331,47.657955841910265,46.974524342811804,47.03831100463867,311100,0.0,0.0
2018-09-20 00:00:00-04:00,47.175000955961316,47.894883003782,47.0838746660465,47.80375671386719,389600,0.0,0.0
2018-09-21 00:00:00-04:00,46.819608720897314,46.87428100893103,45.580319209158546,45.88102722167969,933600,0.0,0.0
2018-09-24 00:00:00-04:00,45.789905094213324,45.90836751353955,44.805762181863656,45.17937469482422,416500,0.0,0.0
2018-09-25 00:00:00-04:00,45.3342938785059,45.38896965518709,44.286364086849126,44.60530090332031,631900,0.0,0.0
2018-09-26 00:00:00-04:00,44.75109624480287,44.84221905653387,44.30458612465108,44.404823303222656,566400,0.0,0.0
2018-09-27 00:00:00-04:00,44.55061816729503,44.696416739556646,43.83985056203363,43.95831298828125,353700,0.0,0.0
2018-09-28 00:00:00-04:00,43.87629589618582,43.921857292869745,43.13818875590397,43.18375015258789,432900,0.0,0.0
2018-10-01 00:00:00-04:00,43.57558688143414,44.26813266413457,43.16552733590257,43.530025482177734,410500,0.0,0.0
2018-10-02 00:00:00-04:00,43.366000590274645,43.61203631150204,42.9832771985503,43.20197677612305,479000,0.0,0.0
2018-10-03 00:00:00-04:00,43.43890456425824,43.46624418807305,42.56411307665652,42.73725128173828,511700,0.0,0.0
2018-10-04 00:00:00-04:00,42.5185482099709,42.73724780212125,41.75310485161281,42.06292724609375,463900,0.0,0.0
2018-10-05 00:00:00-04:00,42.035595574496234,42.518552735251625,41.13346444051569,41.47062301635742,323000,0.0,0.0
2018-10-08 00:00:00-04:00,41.35216647439943,41.88068507207935,41.11524158748805,41.76222610473633,338400,0.0,0.0
2018-10-09 00:00:00-04:00,41.671097686256694,41.85334678779185,41.33393910788976,41.497962951660156,395900,0.0,0.0
2018-10-10 00:00:00-04:00,41.4432832426678,41.68020809499748,40.568491809709364,40.604942321777344,335700,0.0,0.0
2018-10-11 00:00:00-04:00,40.604941820445994,41.169910846075545,39.948846515771606,40.076419830322266,491600,0.0,0.0
2018-10-12 00:00:00-04:00,40.69605912294181,40.77807102494147,38.81889974167839,39.921504974365234,689800,0.0,0.0
2018-10-15 00:00:00-04:00,39.96707287461995,40.38624334145843,39.79393467771243,40.01263427734375,371000,0.0,0.0
2018-10-16 00:00:00-04:00,40.377126674774765,41.051443681284624,39.684580938448654,40.978546142578125,313200,0.0,0.0
2018-10-17 00:00:00-04:00,40.80540800352415,40.896534272120796,39.648130463184685,40.16754150390625,551600,0.0,0.0
2018-10-18 00:00:00-04:00,40.08553183226242,40.25866653806893,38.84624231923588,38.91913986206055,430100,0.0,0.0
2018-10-19 00:00:00-04:00,38.92826421226461,39.392996160793544,38.72778983488089,39.26542282104492,397000,0.0,0.0
2018-10-22 00:00:00-04:00,39.38388160675335,40.094649277035714,39.27453006046954,39.73926544189453,442800,0.0,0.0
2018-10-23 00:00:00-04:00,39.12873153122216,41.88068287997001,39.12873153122216,41.552635192871094,1025800,0.0,0.0
2018-10-24 00:00:00-04:00,41.54351827382119,42.79191870091879,41.54351827382119,42.044700622558594,1147100,0.0,0.0
2018-10-25 00:00:00-04:00,41.242811355957386,43.630267896758085,40.46825704705125,41.89890670776367,1040400,0.0,0.0
2018-10-26 00:00:00-04:00,41.29748391063218,42.29984864127281,40.896538713598346,41.698429107666016,610100,0.0,0.0
2018-10-29 00:00:00-04:00,42.400090654045684,42.8921621857951,40.68695813598196,41.16080093383789,674500,0.0,0.0
2018-10-30 00:00:00-04:00,41.17902268827203,41.68931943438843,40.850978504460265,41.18813705444336,668900,0.0,0.0
2018-10-31 00:00:00-04:00,41.66198229828317,41.91712892722344,40.213107485449875,40.44091796875,570600,0.0,0.0
2018-11-01 00:00:00-04:00,40.6505072797603,41.68932263178414,40.43180766433358,41.47062301635742,382900,0.0,0.0
2018-11-02 00:00:00-04:00,41.86245771590002,42.11760784872147,40.94210479269092,41.16080093383789,360900,0.0,0.0
2018-11-05 00:00:00-05:00,41.16080302521497,41.27926546875426,40.20399953782877,40.559383392333984,374400,0.0,0.0
2018-11-06 00:00:00-05:00,40.51381677102432,40.91476545876646,40.28600628066618,40.9056510925293,304400,0.0,0.0
2018-11-07 00:00:00-05:00,41.078793627453464,41.507075030793004,40.14932631151566,41.069679260253906,356500,0.0,0.0
2018-11-08 00:00:00-05:00,40.895109173985205,41.57501145596735,40.803232097583795,41.317752838134766,198400,0.37,0.0
2018-11-09 00:00:00-05:00,41.143179092711584,41.4463797359926,40.16926952192297,40.536781311035156,244200,0.0,0.0
2018-11-12 00:00:00-05:00,40.545972445282956,41.09724189939821,40.316276255253975,40.41734313964844,300200,0.0,0.0
2018-11-13 00:00:00-05:00,40.5275906796252,41.106425979171966,40.14169931163228,40.17845153808594,232100,0.0,0.0
2018-11-14 00:00:00-05:00,40.48165842096843,41.0696801157903,40.36221541893094,40.4908447265625,392300,0.0,0.0
2018-11-15 00:00:00-05:00,40.13251400673948,40.22439107027608,39.0483478335581,40.05900955200195,552100,0.0,0.0
2018-11-16 00:00:00-05:00,39.73743814439628,39.73743814439628,39.066725736186946,39.4618034362793,383000,0.0,0.0
2018-11-19 00:00:00-05:00,39.55367711824284,40.187640748018865,39.44342394541077,39.544490814208984,355500,0.0,0.0
2018-11-20 00:00:00-05:00,39.15859644889138,40.08657080497657,38.77270862113034,38.873775482177734,486400,0.0,0.0
2018-11-21 00:00:00-05:00,39.02997477417335,40.297898678534914,39.02997477417335,39.709877014160156,499300,0.0,0.0
2018-11-23 00:00:00-05:00,39.526121324989994,40.913484789015286,39.526121324989994,40.58272171020508,181900,0.0,0.0
2018-11-26 00:00:00-05:00,40.89510605708588,41.48313121784915,40.444903510191914,41.023738861083984,369900,0.0,0.0
2018-11-27 00:00:00-05:00,40.7940455109528,41.33612866971375,40.472468735990944,40.67460250854492,284000,0.0,0.0
2018-11-28 00:00:00-05:00,40.62867003535521,41.115624918411896,39.64557045736174,41.07887268066406,397600,0.0,0.0
2018-11-29 00:00:00-05:00,40.95023268962,41.02373714597443,39.82931426441267,39.85688018798828,317100,0.0,0.0
2018-11-30 00:00:00-05:00,39.764998742822456,40.14170031113902,39.63636945191709,40.05900955200195,310800,0.0,0.0
2018-12-03 00:00:00-05:00,40.50921188611879,40.784846556513465,40.12332054365826,40.24276351928711,397100,0.0,0.0
2018-12-04 00:00:00-05:00,40.187641661603,40.44490023902114,38.14793864097281,38.68083190917969,489200,0.0,0.0
2018-12-06 00:00:00-05:00,38.26737697111007,38.61651256803187,37.50478413096464,38.515445709228516,506900,0.0,0.0
2018-12-07 00:00:00-05:00,38.45113615648649,38.892155872280206,36.88001524795924,37.09133529663086,357800,0.0,0.0
2018-12-10 00:00:00-05:00,36.91677281216937,37.09134065894801,35.53859563950466,36.2184944152832,554300,0.0,0.0
2018-12-11 00:00:00-05:00,36.70544515015498,37.2567145033826,35.76828444575997,36.034732818603516,426900,0.0,0.0
2018-12-12 00:00:00-05:00,36.264435443422606,37.15565427348273,36.264435443422606,36.33793640136719,440500,0.0,0.0
2018-12-13 00:00:00-05:00,36.26443838189658,36.65032632836661,35.61209848851927,35.62128829956055,377700,0.0,0.0
2018-12-14 00:00:00-05:00,35.54777665061439,36.36549792870644,35.36402252553644,35.70397186279297,281000,0.0,0.0
2018-12-17 00:00:00-05:00,35.49264958634663,36.89838888325656,35.42833494563082,36.411434173583984,546800,0.0,0.0
2018-12-18 00:00:00-05:00,36.75139024257328,37.35778804138031,36.181744675181385,36.33793640136719,332200,0.0,0.0
2018-12-19 00:00:00-05:00,36.337929373454294,37.10970855947832,35.64884093967873,35.67640686035156,366900,0.0,0.0
2018-12-20 00:00:00-05:00,35.57534271678736,36.40224679762947,35.45589973109667,36.25524139404297,593000,0.0,0.0
2018-12-21 00:00:00-05:00,36.34712531196559,37.41291546242334,35.86016701998287,35.89691925048828,683700,0.0,0.0
2018-12-24 00:00:00-05:00,35.740723807901304,36.31955560612549,35.40077096844047,35.80503845214844,227900,0.0,0.0
2018-12-26 00:00:00-05:00,35.88773660916595,36.751393084902205,35.419154384597306,36.73301696777344,334300,0.0,0.0
2018-12-27 00:00:00-05:00,36.38387510586318,36.79732894897461,35.78666711460063,36.79732894897461,337400,0.0,0.0
2018-12-28 00:00:00-05:00,36.8800229172142,37.41291980676521,36.32875341516269,36.72383117675781,308300,0.0,0.0
2018-12-31 00:00:00-05:00,36.66868957467301,37.128081828680386,36.24604954215857,37.04539108276367,351500,0.0,0.0
2019-01-02 00:00:00-05:00,36.70544918684997,37.82636412900383,36.68707307240346,37.69773483276367,528700,0.0,0.0
2019-01-03 00:00:00-05:00,37.532352880984455,38.239817507148736,37.31184651990375,38.08362579345703,474300,0.0,0.0
2019-01-04 00:00:00-05:00,38.47870507471098,39.50774298027101,38.193880549606035,39.34236145019531,633000,0.0,0.0
2019-01-07 00:00:00-05:00,39.636368616812014,40.66540642725928,39.33317150962109,40.36220932006836,509300,0.0,0.0
2019-01-08 00:00:00-05:00,41.09723901245958,41.345311300850945,40.54596959706909,41.13399124145508,541000,0.0,0.0
2019-01-09 00:00:00-05:00,41.47393119292102,42.043576593637844,41.253424878720494,41.7311897277832,570900,0.0,0.0
2019-01-10 00:00:00-05:00,41.473934888823855,41.69444472755954,40.5459640161726,41.45555877685547,287600,0.0,0.0
2019-01-11 00:00:00-05:00,41.501501850327266,42.208966466622115,41.317747720285276,41.90576934814453,401900,0.0,0.0
2019-01-14 00:00:00-05:00,41.547442034994006,42.32840756750291,41.483127391370225,41.85982894897461,481400,0.0,0.0
2019-01-15 00:00:00-05:00,41.77713636470975,41.81388508454067,41.0053571700995,41.620941162109375,296000,0.0,0.0
2019-01-16 00:00:00-05:00,41.409626259324384,42.54892083252008,41.216682312981035,42.1446533203125,315300,0.0,0.0
2019-01-17 00:00:00-05:00,42.025211120637344,43.10018747079855,41.82307737757718,42.76942443847656,390500,0.0,0.0
2019-01-18 00:00:00-05:00,42.980745636144576,43.70658636484569,42.83374022949875,43.66983413696289,387000,0.0,0.0
2019-01-22 00:00:00-05:00,43.39420571319511,43.62390191335275,42.31003936806018,42.87049865722656,499800,0.0,0.0
2019-01-23 00:00:00-05:00,42.99912126112401,43.28394576664878,41.905768780684,42.10790252685547,434000,0.0,0.0
2019-01-24 00:00:00-05:00,42.163032749677804,42.457043597187294,41.86902190216831,42.254913330078125,269600,0.0,0.0
2019-01-25 00:00:00-05:00,42.61323561357643,42.84293178990356,42.254910139287794,42.796993255615234,396800,0.0,0.0
2019-01-28 00:00:00-05:00,42.447853659952074,42.81536543545348,41.97008519740333,42.71430206298828,344200,0.0,0.0
2019-01-29 00:00:00-05:00,42.705116239926305,42.97156466783617,42.337604430116706,42.429481506347656,207600,0.0,0.0
2019-01-30 00:00:00-05:00,42.521354529645755,42.907245923783165,42.12627683071516,42.80617904663086,303200,0.0,0.0
2019-01-31 00:00:00-05:00,42.67754653735469,43.23800571945366,42.273279059179586,43.07262420654297,351000,0.0,0.0
2019-02-01 00:00:00-05:00,43.14612672877282,43.697399626890714,43.09100189238076,43.58714294433594,627200,0.0,0.0
2019-02-04 00:00:00-05:00,43.61470901616107,43.91790613200741,43.10937464827495,43.77090072631836,422300,0.0,0.0
2019-02-05 00:00:00-05:00,43.73415299349548,44.24867371873021,43.56877145698737,44.22111129760742,530800,0.0,0.0
2019-02-06 00:00:00-05:00,44.22110675273909,44.60699462834085,43.6790236620947,43.77090072631836,479500,0.0,0.0
2019-02-07 00:00:00-05:00,43.366637811782525,43.633086211474804,39.5904321974964,40.30708312988281,1117200,0.0,0.0
2019-02-08 00:00:00-05:00,40.0383091587204,40.955851747517805,38.824183254649355,38.97247314453125,976700,0.38,0.0
2019-02-11 00:00:00-05:00,38.83345408141986,39.44515033046157,38.67589408177506,38.89833068847656,738300,0.0,0.0
2019-02-12 00:00:00-05:00,38.991007681949434,40.3997633262363,38.991007681949434,40.36268997192383,531000,0.0,0.0
2019-02-13 00:00:00-05:00,40.84463749799631,41.252433834097836,39.75099817314534,40.0290412902832,679700,0.0,0.0
2019-02-14 00:00:00-05:00,39.7880673042587,40.40903008204169,39.39880415321516,40.10318374633789,515800,0.0,0.0
2019-02-15 00:00:00-05:00,40.33489206180572,41.196828218334865,40.2144054121,40.918785095214844,644600,0.0,0.0
2019-02-19 00:00:00-05:00,40.427570856859916,40.88171065652224,40.06611445279707,40.61293411254883,414600,0.0,0.0
2019-02-20 00:00:00-05:00,40.5387821112547,41.558274492460086,40.5387821112547,41.34510803222656,590300,0.0,0.0
2019-02-21 00:00:00-05:00,41.4192574529331,41.47486748659251,40.47390809378199,40.529518127441406,269300,0.0,0.0
2019-02-22 00:00:00-05:00,40.5295215490134,40.86317470811782,40.334891718039195,40.53879165649414,263600,0.0,0.0
2019-02-25 00:00:00-05:00,40.66854543664388,40.96512524092578,40.29781891353644,40.33489227294922,447500,0.0,0.0
2019-02-26 00:00:00-05:00,40.46464089418382,41.15975039433736,40.00123456074814,40.8631706237793,620800,0.0,0.0
2019-02-27 00:00:00-05:00,40.937312687886816,41.41925568584425,40.751952987949814,40.94658279418945,559800,0.0,0.0
2019-02-28 00:00:00-05:00,40.91878800051267,41.36365773619317,40.52025819939069,41.18756103515625,508200,0.0,0.0
2019-03-01 00:00:00-05:00,41.44706565050801,42.05876189957589,40.45537633058751,40.95585250854492,593000,0.0,0.0
2019-03-04 00:00:00-05:00,40.974389522354194,41.02999955836448,40.05684690899915,40.177330017089844,395900,0.0,0.0
2019-03-05 00:00:00-05:00,40.15879240573833,40.92804503965314,39.62123939064522,40.57585525512695,459000,0.0,0.0
2019-03-06 00:00:00-05:00,40.612933178894835,40.94658632436248,39.80660710102133,40.11245346069336,661700,0.0,0.0
2019-03-07 00:00:00-05:00,39.96417076659827,39.96417076659827,38.91687474804503,39.15784454345703,657900,0.0,0.0
2019-03-08 00:00:00-05:00,38.833453361491266,39.130033141255055,38.583213509407464,38.97247314453125,442800,0.0,0.0
2019-03-11 00:00:00-04:00,39.14857101440429,39.39880733861648,38.54614132964617,39.1485710144043,610700,0.0,0.0
2019-03-12 00:00:00-04:00,39.23198038802741,39.49148679348161,38.98174055326389,39.2783203125,398200,0.0,0.0
2019-03-13 00:00:00-04:00,39.36173674035228,39.83440966460983,39.269053348481265,39.28759002685547,420400,0.0,0.0
2019-03-14 00:00:00-04:00,39.13003197197723,39.63977823224472,39.08368851017221,39.51002502441406,467500,0.0,0.0
2019-03-15 00:00:00-04:00,39.510023157365275,40.038306070288776,39.38953652628337,39.73245620727539,1362300,0.0,0.0
2019-03-18 00:00:00-04:00,39.89928690805831,40.251476731770225,39.5470970843464,40.177330017089844,386500,0.0,0.0
2019-03-19 00:00:00-04:00,40.40903664256899,40.529523296442605,39.75100040346969,39.86221694946289,444800,0.0,0.0
2019-03-20 00:00:00-04:00,39.797338927243615,39.982702187676,39.157839391037534,39.50075912475586,294800,0.0,0.0
2019-03-21 00:00:00-04:00,39.4080750712398,40.41830102087295,39.194908581841396,40.40903091430664,328600,0.0,0.0
2019-03-22 00:00:00-04:00,40.353426585484904,40.353426585484904,39.435880439148704,39.47295379638672,433700,0.0,0.0
2019-03-25 00:00:00-04:00,39.472951669173945,39.99196803600634,39.03734858387694,39.51002502441406,453500,0.0,0.0
2019-03-26 00:00:00-04:00,39.68612151111809,40.24220774465754,39.39880828700035,40.09391784667969,465500,0.0,0.0
2019-03-27 00:00:00-04:00,40.084647935563126,40.83536747026123,39.95489472758044,40.73341751098633,322700,0.0,0.0
2019-03-28 00:00:00-04:00,40.90024286920521,41.58608224419527,40.57585632329616,40.94658279418945,540000,0.0,0.0
2019-03-29 00:00:00-04:00,41.28024454145689,41.65096755434854,40.983664716939415,41.38219451904297,471600,0.0,0.0
2019-04-01 00:00:00-04:00,41.70657302279838,41.97534956413437,41.280240013754394,41.45633316040039,538600,0.0,0.0
2019-04-02 00:00:00-04:00,41.53048095359524,41.97535065311866,41.33584758745179,41.762184143066406,424400,0.0,0.0
2019-04-03 00:00:00-04:00,41.97534383511008,42.55923323216964,41.71583390090742,42.068023681640625,633300,0.0,0.0
2019-04-04 00:00:00-04:00,42.012424811173794,42.60558442182224,41.984618023761406,42.392417907714844,373900,0.0,0.0
2019-04-05 00:00:00-04:00,42.27193498397381,42.41095479125213,41.057808868217826,41.16902542114258,627500,0.0,0.0
2019-04-08 00:00:00-04:00,41.07633773282501,42.08656369638159,40.955851094370615,41.817787170410156,338000,0.0,0.0
2019-04-09 00:00:00-04:00,41.65096089711181,41.743644287153565,41.28950451472353,41.42852783203125,290000,0.0,0.0
2019-04-10 00:00:00-04:00,41.4285296206628,42.22558913188494,40.95585314981712,42.169979095458984,281000,0.0,0.0
2019-04-11 00:00:00-04:00,42.27192649489581,42.31826642134923,41.650960166788686,41.89193344116211,393700,0.0,0.0
2019-04-12 00:00:00-04:00,42.17924558540569,42.81874862878051,42.16071244214291,42.62411880493164,462200,0.0,0.0
2019-04-15 00:00:00-04:00,42.54997483329657,42.61485144542918,42.07730186840035,42.31827163696289,419100,0.0,0.0
2019-04-16 00:00:00-04:00,42.29045877573182,43.2080012448479,42.16070558094849,43.1894645690918,348900,0.0,0.0
2019-04-17 00:00:00-04:00,43.208010604601384,43.44898390612117,42.29973450885717,42.392417907714844,429300,0.0,0.0
2019-04-18 00:00:00-04:00,42.44802743769981,42.61485403202676,41.90120771974155,42.53144073486328,309900,0.0,0.0
2019-04-22 00:00:00-04:00,42.54069705900127,42.74459341393679,41.252424656792904,41.34510803222656,323800,0.0,0.0
2019-04-23 00:00:00-04:00,41.382190350978576,42.38314627402996,41.18755698814049,42.16071319580078,372700,0.0,0.0
2019-04-24 00:00:00-04:00,42.24412839797098,43.42117752257493,41.91974180221721,42.70753479003906,663900,0.0,0.0
2019-04-25 00:00:00-04:00,41.52120696148916,43.17093592032536,40.79829420933664,42.79093933105469,852200,0.0,0.0
2019-04-26 00:00:00-04:00,42.69826867580736,43.50459488347727,42.45729888501896,43.21728515625,539300,0.0,0.0
2019-04-29 00:00:00-04:00,43.08752777815982,43.42117740975335,42.67972789147297,42.83728790283203,456900,0.0,0.0
2019-04-30 00:00:00-04:00,42.99484539763413,43.08752879930959,42.42948902169979,42.559242248535156,342700,0.0,0.0
2019-05-01 00:00:00-04:00,42.68899172695783,42.69825829778911,42.04022216796875,42.04022216796875,424300,0.0,0.0
2019-05-02 00:00:00-04:00,41.89193047310252,42.42947994579421,41.57681404583169,42.197776794433594,557500,0.0,0.0
2019-05-03 00:00:00-04:00,42.37387884257465,42.77240859645265,42.225588948260274,42.75387191772461,429300,0.0,0.0
2019-05-06 00:00:00-04:00,42.355345773798746,43.21728196281086,42.16998250622975,42.94850540161133,309700,0.0,0.0
2019-05-07 00:00:00-04:00,42.63338807026327,42.85582469408044,42.253394970187856,42.70753479003906,352200,0.0,0.0
2019-05-08 00:00:00-04:00,42.65191877023778,42.90215861113114,42.299728971701605,42.42021560668945,350200,0.0,0.0
2019-05-09 00:00:00-04:00,42.1051016923495,42.85582126012981,41.72510862272216,42.69826126098633,366900,0.0,0.0
2019-05-10 00:00:00-04:00,42.53143266591545,42.80020918750738,42.1514396143754,42.6055793762207,423700,0.0,0.0
2019-05-13 00:00:00-04:00,41.86413011569008,41.93827683254936,41.30804388128571,41.51194381713867,470000,0.0,0.0
2019-05-14 00:00:00-04:00,41.71584021748158,41.71584021748158,41.280240630218515,41.51194381713867,273900,0.0,0.0
2019-05-15 00:00:00-04:00,41.196829011524905,41.63242861644611,40.87244241538081,41.54901885986328,306400,0.0,0.0
2019-05-16 00:00:00-04:00,41.70657019983865,42.08656325357235,41.57681699156516,41.89193344116211,242200,0.0,0.0
2019-05-17 00:00:00-04:00,41.69561038437743,41.929330181523675,41.2094763446406,41.27491760253906,325500,0.39,0.0
2019-05-20 00:00:00-04:00,40.9944473162914,41.72365544305872,40.91965884237828,41.07858657836914,282800,0.0,0.0
2019-05-21 00:00:00-04:00,41.181429620575265,41.68626526377604,40.95706060111798,41.5460319519043,228600,0.0,0.0
2019-05-22 00:00:00-04:00,41.48994032315053,41.48994032315053,40.70464164438713,41.04119873046875,418400,0.0,0.0
2019-05-23 00:00:00-04:00,40.75139249848932,40.957067104216236,40.31199804672066,40.91032028198242,552700,0.0,0.0
2019-05-24 00:00:00-04:00,41.087938634820404,41.62081945566791,40.900962094844935,41.293609619140625,370600,0.0,0.0
2019-05-28 00:00:00-04:00,41.36839897464977,41.602118742868136,40.75137892920453,40.92900466918945,274600,0.0,0.0
2019-05-29 00:00:00-04:00,40.58311392403672,40.99445956920872,39.816513114322355,40.91032028198242,417700,0.0,0.0
2019-05-30 00:00:00-04:00,41.00379462461608,41.49927936686794,40.90095736121729,41.302955627441406,307600,0.0,0.0
2019-05-31 00:00:00-04:00,40.78878164025653,40.78878164025653,39.769763140982526,39.93804168701172,478700,0.0,0.0
2019-06-03 00:00:00-04:00,39.975427970029685,41.66756039200905,39.975427970029685,41.50863265991211,296800,0.0,0.0
2019-06-04 00:00:00-04:00,41.929327462288036,43.30360092159237,41.929327462288036,42.97639465332031,368400,0.0,0.0
2019-06-05 00:00:00-04:00,43.051182201303924,43.051182201303924,41.555377055323376,41.78909683227539,277700,0.0,0.0
2019-06-06 00:00:00-04:00,41.658213170354216,41.78909567120598,40.919657839798525,41.50863265991211,281700,0.0,0.0
2019-06-07 00:00:00-04:00,41.65821486949631,42.041515166030685,41.51798157498925,41.75170135498047,159900,0.0,0.0
2019-06-10 00:00:00-04:00,41.98542664148409,42.49026228838321,41.66756755635664,41.994773864746094,157700,0.0,0.0
2019-06-11 00:00:00-04:00,42.2752396706628,42.864211014341365,42.20044762089213,42.29393768310547,317000,0.0,0.0
2019-06-12 00:00:00-04:00,42.2004365313891,42.2471797670719,40.76072204816525,41.67690658569336,355200,0.0,0.0
2019-06-13 00:00:00-04:00,41.7423564437755,42.70528084943636,41.69560963216472,42.667884826660156,202500,0.0,0.0
2019-06-14 00:00:00-04:00,42.695925043000166,42.920297587008285,42.25653430900019,42.80811309814453,206400,0.0,0.0
2019-06-17 00:00:00-04:00,42.752022931287186,43.35034501429943,42.4435146674819,43.03248596191406,206100,0.0,0.0
2019-06-18 00:00:00-04:00,43.069884109987775,43.911276809688,42.98574484001775,43.78974151611328,318700,0.0,0.0
2019-06-19 00:00:00-04:00,43.752339142132556,43.752339142132556,42.90159934315122,42.938995361328125,228500,0.0,0.0
2019-06-20 00:00:00-04:00,43.35034524154778,43.733645550879366,43.03248618749615,43.677555084228516,210200,0.0,0.0
2019-06-21 00:00:00-04:00,44.15433853229407,44.74331335141069,43.41578320298853,44.06085205078125,481400,0.0,0.0
2019-06-24 00:00:00-04:00,43.93931697580783,44.0234562360723,43.10727516112616,43.15401840209961,223600,0.0,0.0
2019-06-25 00:00:00-04:00,43.24750853513876,43.35969660248313,42.86420822074798,42.995094299316406,184300,0.0,0.0
2019-06-26 00:00:00-04:00,42.99509031537851,43.50927309441241,42.985739527492434,43.350341796875,337700,0.0,0.0
2019-06-27 00:00:00-04:00,43.57471742144972,44.61243384068023,43.47188014512512,44.518943786621094,222500,0.0,0.0
2019-06-28 00:00:00-04:00,44.612434886651535,45.13596493653361,44.219783782958984,44.219783782958984,391700,0.0,0.0
2019-07-01 00:00:00-04:00,44.780712425683305,45.294895241645165,44.37871410844673,44.87419891357422,335500,0.0,0.0
2019-07-02 00:00:00-04:00,44.82746041806979,44.82746041806979,44.27588152201207,44.64048385620117,230700,0.0,0.0
2019-07-03 00:00:00-04:00,44.72462019000606,45.16401454656417,44.27587861079569,45.05182647705078,156000,0.0,0.0
2019-07-05 00:00:00-04:00,44.846153803753964,45.34163861024364,44.659177261177184,44.80875778198242,161900,0.0,0.0
2019-07-08 00:00:00-04:00,44.78070713985127,44.97703088101705,43.93931458302582,43.94866180419922,300900,0.0,0.0
2019-07-09 00:00:00-04:00,44.00476452310245,44.24783511699462,43.5840681615823,43.7803955078125,238300,0.0,0.0
2019-07-10 00:00:00-04:00,43.72430212720628,43.85518464913699,43.247511721565814,43.322303771972656,309900,0.0,0.0
2019-07-11 00:00:00-04:00,43.37839428757453,43.71494778823435,43.20076496542191,43.54667282104492,164400,0.0,0.0
2019-07-12 00:00:00-04:00,43.63081217534577,44.04216132106877,42.70528373003154,42.901607513427734,396500,0.0,0.0
2019-07-15 00:00:00-04:00,42.8829090593839,43.06053839458367,42.16305162805941,42.518306732177734,231100,0.0,0.0
2019-07-16 00:00:00-04:00,42.209798548656686,42.66788737301983,41.59277840115034,42.09761047363281,411200,0.0,0.0
2019-07-17 00:00:00-04:00,42.097603315856915,42.20979137180566,41.611465772254235,41.835838317871094,339300,0.0,0.0
2019-07-18 00:00:00-04:00,41.76105236195103,42.04151897638472,41.29361275960308,41.39645004272461,376400,0.0,0.0
2019-07-19 00:00:00-04:00,41.592777220170184,41.93868152596913,41.228171336117036,41.23752212524414,251000,0.0,0.0
2019-07-22 00:00:00-04:00,41.312305644452124,42.15369825076712,41.22816638382063,41.60211944580078,478400,0.0,0.0
2019-07-23 00:00:00-04:00,42.11630094710831,44.06085110406301,42.06955770735625,43.518619537353516,520500,0.0,0.0
2019-07-24 00:00:00-04:00,43.48122718176789,45.13596368560095,43.48122718176789,45.00508117675781,389000,0.0,0.0
2019-07-25 00:00:00-04:00,44.836809818779585,45.266853435565025,43.63081468075472,43.68690872192383,407100,0.0,0.0
2019-07-26 00:00:00-04:00,43.61211516995606,43.864529410208156,42.789420493064455,43.47188186645508,451100,0.0,0.0
2019-07-29 00:00:00-04:00,43.499933093116844,43.995421551805165,43.17272676158058,43.80844497680664,372100,0.0,0.0
2019-07-30 00:00:00-04:00,41.94802384888521,43.481224988773,41.48993509103812,42.18174362182617,744900,0.0,0.0
2019-07-31 00:00:00-04:00,42.24718650844411,43.602761957235636,42.24718650844411,42.97639465332031,412600,0.0,0.0
2019-08-01 00:00:00-04:00,42.723977915631075,43.33164722403633,41.36840243337175,41.901283264160156,407900,0.0,0.0
2019-08-02 00:00:00-04:00,41.9667285160125,42.62114469731581,41.817147980253,42.415470123291016,328000,0.0,0.0
2019-08-05 00:00:00-04:00,41.34035594655209,42.00411926775443,40.975753659308005,41.68626022338867,384400,0.0,0.0
2019-08-06 00:00:00-04:00,41.97606973093405,42.20978948764019,41.37774415809075,41.948020935058594,284900,0.0,0.0
2019-08-07 00:00:00-04:00,41.44319614178684,41.6208219037568,40.854221254419606,41.27491760253906,281800,0.0,0.0
2019-08-08 00:00:00-04:00,41.586245803057444,42.33155007379541,41.49190098475168,42.17116928100586,244600,0.4,0.0
2019-08-09 00:00:00-04:00,42.039095344749356,42.14286925941758,41.54851302541525,41.623985290527344,261000,0.0,0.0
2019-08-12 00:00:00-04:00,41.79379328973021,42.161729049432246,40.86923575028017,41.11452865600586,529800,0.0,0.0
2019-08-13 00:00:00-04:00,40.850372389394344,42.36928984063812,40.39752803852631,41.69002151489258,339900,0.0,0.0
2019-08-14 00:00:00-04:00,41.02019167151362,41.09566753348431,40.30318897722801,40.34092330932617,455300,0.0,0.0
2019-08-15 00:00:00-04:00,40.40696400408438,40.40696400408438,38.925780894502466,39.3880615234375,580200,0.0,0.0
2019-08-16 00:00:00-04:00,39.62391444186404,40.77489596539047,39.62391444186404,40.44469451904297,264600,0.0,0.0
2019-08-19 00:00:00-04:00,40.88811101985565,41.13340036453487,40.25601329502292,40.35979080200195,276900,0.0,0.0
2019-08-20 00:00:00-04:00,40.22770584443966,40.595641607827524,39.93524592938086,40.2182731628418,286300,0.0,0.0
2019-08-21 00:00:00-04:00,40.595649357805215,40.65225625485864,40.020158500533945,40.3126220703125,280700,0.0,0.0
2019-08-22 00:00:00-04:00,40.463563887441595,40.69942052338974,40.293746821648,40.4163932800293,319200,0.0,0.0
2019-08-23 00:00:00-04:00,40.12393360918777,40.65225382004845,39.312586127785906,39.4541015625,395300,0.0,0.0
2019-08-26 00:00:00-04:00,39.70882455485066,40.40696180156023,39.45409894857366,39.991851806640625,322700,0.0,0.0
2019-08-27 00:00:00-04:00,40.38809687555434,40.548477681342256,39.48240454084963,39.55788040161133,355800,0.0,0.0
2019-08-28 00:00:00-04:00,39.35976493915792,40.340926018457324,39.35976493915792,40.237152099609375,441500,0.0,0.0
2019-08-29 00:00:00-04:00,40.557909170935034,40.96357927848899,40.18053710949224,40.4824333190918,366000,0.0,0.0
2019-08-30 00:00:00-04:00,40.652254358134954,40.831504125443345,40.12393414028125,40.35979080200195,203100,0.0,0.0
2019-09-03 00:00:00-04:00,39.98242801034759,39.98242801034759,39.23711998917945,39.47297668457031,335800,0.0,0.0
2019-09-04 00:00:00-04:00,39.944676867855726,40.14279556274414,39.45409467178464,40.14279556274414,238900,0.0,0.0
2019-09-05 00:00:00-04:00,40.74658908940926,42.218335719590776,40.614509955717295,41.982479095458984,296700,0.0,0.0
2019-09-06 00:00:00-04:00,42.08625704642854,42.3409826351446,41.708885004133684,41.73719024658203,250800,0.0,0.0
2019-09-09 00:00:00-04:00,42.04852527663142,43.88820795402287,42.04852527663142,43.86933898925781,446100,0.0,0.0
2019-09-10 00:00:00-04:00,43.74669508947621,45.99205164409696,43.52970738025258,45.973182678222656,622900,0.0,0.0
2019-09-11 00:00:00-04:00,45.88827377109133,46.49206627878139,44.907109146651365,45.690155029296875,385600,0.0,0.0
2019-09-12 00:00:00-04:00,45.79392677125525,45.96374384250682,44.727853734817465,44.99201202392578,358500,0.0,0.0
2019-09-13 00:00:00-04:00,45.13352825062319,45.80336026639984,44.93540953027576,45.24673843383789,366700,0.0,0.0
2019-09-16 00:00:00-04:00,45.246735580819426,45.407119962573525,44.12405930408713,44.19953155517578,371800,0.0,0.0
2019-09-17 00:00:00-04:00,43.81272454471897,44.21839822004023,43.4070508693977,43.96367263793945,254600,0.0,0.0
2019-09-18 00:00:00-04:00,43.963683372244496,44.029722954222485,42.925915427829906,43.39762878417969,278600,0.0,0.0
2019-09-19 00:00:00-04:00,43.46366662487235,43.63348371426587,43.10516348072079,43.32215118408203,329600,0.0,0.0
2019-09-20 00:00:00-04:00,43.4259224561271,44.01084950174255,43.15233149486005,43.20893478393555,481000,0.0,0.0
2019-09-23 00:00:00-04:00,43.02969304385508,44.22784540368477,43.02025676132887,44.02029037475586,243500,0.0,0.0
2019-09-24 00:00:00-04:00,44.586335807035,45.06748534820873,43.369318329878105,43.82216262817383,233400,0.0,0.0
2019-09-25 00:00:00-04:00,43.8882112104874,44.40709518392235,43.64291824922827,44.02029037475586,149500,0.0,0.0
2019-09-26 00:00:00-04:00,43.9165089512666,44.04858810377865,42.82213420331207,43.491966247558594,248000,0.0,0.0
2019-09-27 00:00:00-04:00,43.47309781306853,44.09575920158914,43.293844462553054,43.652347564697266,299600,0.0,0.0
2019-09-30 00:00:00-04:00,43.79385439260652,44.746717129251124,43.765552750549105,44.605201721191406,246600,0.0,0.0
2019-10-01 00:00:00-04:00,44.605203696358316,45.237301321759006,43.09572273834939,43.256103515625,245700,0.0,0.0
2019-10-02 00:00:00-04:00,42.90703909026196,43.114594083041766,42.0202194282798,42.0956916809082,265000,0.0,0.0
2019-10-03 00:00:00-04:00,42.09569645513871,42.180604998279634,41.17113876254145,41.916446685791016,226500,0.0,0.0
2019-10-04 00:00:00-04:00,41.74662559307299,41.765494556280906,41.01075402239818,41.60511016845703,200800,0.0,0.0
2019-10-07 00:00:00-04:00,41.425870130784084,41.85984558967416,41.04849797590462,41.12397384643555,222200,0.0,0.0
2019-10-08 00:00:00-04:00,40.74658970559913,40.74658970559913,40.010718178823396,40.2182731628418,281000,0.0,0.0
2019-10-09 00:00:00-04:00,40.53904564755564,40.53904564755564,40.06733230690039,40.34092330932617,291300,0.0,0.0
2019-10-10 00:00:00-04:00,40.49186872813161,41.14283539801669,40.19940877975953,40.784332275390625,272100,0.0,0.0
2019-10-11 00:00:00-04:00,41.454159940085766,42.58627248241251,41.23717227263018,41.58624267578125,428200,0.0,0.0
2019-10-14 00:00:00-04:00,41.51076760778552,41.53906925223801,40.85036831242979,41.19000244140625,143700,0.0,0.0
2019-10-15 00:00:00-04:00,41.50133935158415,43.03912217893427,41.36925659931855,42.5296745300293,671200,0.0,0.0
2019-10-16 00:00:00-04:00,42.878739311287376,44.35048249100872,42.76552912797501,43.973114013671875,342100,0.0,0.0
2019-10-17 00:00:00-04:00,44.31274514030182,44.58633609807352,43.45422714438761,44.22783660888672,223500,0.0,0.0
2019-10-18 00:00:00-04:00,43.94481214789612,44.67124745283217,43.80329672029793,44.62407684326172,222600,0.0,0.0
2019-10-21 00:00:00-04:00,45.067490687542175,45.29391106407172,44.199536313813596,45.07692337036133,251700,0.0,0.0
2019-10-22 00:00:00-04:00,44.869374626719804,44.90710895912744,44.08632874734415,44.5391731262207,273400,0.0,0.0
2019-10-23 00:00:00-04:00,44.56747515812312,45.963746125291976,44.37878911415177,45.87883758544922,240400,0.0,0.0
2019-10-24 00:00:00-04:00,45.992047772277246,46.71848670229042,45.59581031893567,45.87883758544922,442400,0.0,0.0
2019-10-25 00:00:00-04:00,45.595803393924704,46.199595763820525,45.35051049435052,45.91656494140625,282900,0.0,0.0
2019-10-28 00:00:00-04:00,46.19016817770197,47.53926858263197,46.19016817770197,47.32228088378906,442700,0.0,0.0
2019-10-29 00:00:00-04:00,47.36001260718378,48.114753112703774,45.746754101843564,46.029781341552734,495800,0.0,0.0
2019-10-30 00:00:00-04:00,46.17129550120392,46.595838181720175,45.52033245700353,46.359981536865234,293400,0.0,0.0
2019-10-31 00:00:00-04:00,46.312811951602036,46.47319274618359,45.62411096526552,45.9637451171875,198100,0.0,0.0
2019-11-01 00:00:00-04:00,46.35998183999608,47.83172860911337,46.35998183999608,47.82229232788086,367100,0.0,0.0
2019-11-04 00:00:00-05:00,48.369482973135014,49.48272666652085,47.963809240856094,49.19969940185547,516700,0.0,0.0
2019-11-05 00:00:00-05:00,49.47328995425788,50.12425661609624,49.143092081504285,49.539329528808594,317100,0.0,0.0
2019-11-06 00:00:00-05:00,49.511029414182595,49.595937955358814,48.53930113096686,48.897804260253906,440500,0.0,0.0
2019-11-07 00:00:00-05:00,49.62052690873361,50.057962646862656,48.42232894897461,48.42232894897461,466200,0.41,0.0
2019-11-08 00:00:00-05:00,48.46036032679451,48.7741752390535,48.15605693601264,48.53643798828125,263800,0.0,0.0
2019-11-11 00:00:00-05:00,48.13704390724912,48.91682190303295,47.937345460725155,48.72663497924805,180100,0.0,0.0
2019-11-12 00:00:00-05:00,48.65055728198441,49.24014472608904,48.65055728198441,48.84074783325195,151200,0.0,0.0
2019-11-13 00:00:00-05:00,48.38428759076869,49.23063164580732,48.203604953682245,48.802703857421875,389400,0.0,0.0
2019-11-14 00:00:00-05:00,48.76467016171172,49.4778820082777,48.51742498437205,48.84074783325195,233800,0.0,0.0
2019-11-15 00:00:00-05:00,49.202106952388725,49.458860011491694,48.58398859989513,49.22112274169922,257600,0.0,0.0
2019-11-18 00:00:00-05:00,49.04044464762753,49.04044464762753,48.260666678206015,48.62202835083008,304800,0.0,0.0
2019-11-19 00:00:00-05:00,48.64104875074595,49.23063618714044,48.1941015052495,48.70761489868164,259500,0.0,0.0
2019-11-20 00:00:00-05:00,48.53644967084323,48.74565603512195,47.83274564304185,48.26067352294922,401000,0.0,0.0
2019-11-21 00:00:00-05:00,48.55545489581061,48.55545489581061,47.62352535622658,48.1845817565918,356200,0.0,0.0
2019-11-22 00:00:00-05:00,48.270169464923704,48.74564396316109,48.156056601069835,48.583984375,262400,0.0,0.0
2019-11-25 00:00:00-05:00,48.688592281580405,49.183086224881606,48.393796768963504,49.0689697265625,283100,0.0,0.0
2019-11-26 00:00:00-05:00,49.107008314219456,49.13553562486546,47.85175585963686,48.15605926513672,318000,0.0,0.0
2019-11-27 00:00:00-05:00,48.17508026411127,48.89779996902107,48.06096739019559,48.8787841796875,174100,0.0,0.0
2019-11-29 00:00:00-05:00,48.64104634561368,48.65055424017022,48.00390858284111,48.01342010498047,96600,0.0,0.0
2019-12-02 00:00:00-05:00,48.13704466898813,48.450859627848615,47.9088189058015,48.12753677368164,270700,0.0,0.0
2019-12-03 00:00:00-05:00,47.6045099033059,47.83273563980548,46.93884485461391,47.79469680786133,314500,0.0,0.0
2019-12-04 00:00:00-05:00,47.95636002983264,48.54594741463632,47.73764218752777,47.79469680786133,167900,0.0,0.0
2019-12-05 00:00:00-05:00,47.9278328779746,48.270171483854725,47.851755213835006,48.022926330566406,173600,0.0,0.0
2019-12-06 00:00:00-05:00,48.53643979462735,48.97387548170819,48.374776571742785,48.5934944152832,152300,0.0,0.0
2019-12-09 00:00:00-05:00,48.574478982409914,48.75515799511409,48.31772230483068,48.43183517456055,200300,0.0,0.0
2019-12-10 00:00:00-05:00,48.336746925175404,48.973881112978134,48.032439860494996,48.926334381103516,251300,0.0,0.0
2019-12-11 00:00:00-05:00,49.06897066997357,49.73463574596891,49.06897066997357,49.65856170654297,194200,0.0,0.0
2019-12-12 00:00:00-05:00,49.50641161121006,51.17057254156427,49.43033394172548,51.06596755981445,276200,0.0,0.0
2019-12-13 00:00:00-05:00,50.8187162715289,51.037434119205784,49.325726543086375,49.411312103271484,598500,0.0,0.0
2019-12-16 00:00:00-05:00,49.905803208199764,49.99138876351488,49.20210297790443,49.382781982421875,568400,0.0,0.0
2019-12-17 00:00:00-05:00,49.38278494462977,49.95335292923413,49.18308651277652,49.63954162597656,351800,0.0,0.0
2019-12-18 00:00:00-05:00,49.72513185765181,50.105509340593485,49.27818459692265,49.49690246582031,903200,0.0,0.0
2019-12-19 00:00:00-05:00,49.65856549361134,49.896302779769826,49.2876959076174,49.77267837524414,344800,0.0,0.0
2019-12-20 00:00:00-05:00,49.71562163289959,49.92483161190946,49.42082971074919,49.64905548095703,527800,0.0,0.0
2019-12-23 00:00:00-05:00,49.15456028690338,49.268676796831336,48.1085176723124,48.1941032409668,254100,0.0,0.0
2019-12-24 00:00:00-05:00,48.12753709063372,48.24164997297855,47.937346535003606,48.1941032409668,139000,0.0,0.0
2019-12-26 00:00:00-05:00,48.28919593335997,48.28919593335997,47.40481294725743,47.832740783691406,210700,0.0,0.0
2019-12-27 00:00:00-05:00,47.9658693911937,48.17507934570312,47.60451135941914,48.175079345703125,470800,0.0,0.0
2019-12-30 00:00:00-05:00,48.12753733548023,48.26066963682368,47.5854966071058,47.80421447753906,183600,0.0,0.0
2019-12-31 00:00:00-05:00,47.699606025013644,48.099006527613696,47.64254777390424,47.75666427612305,238600,0.0,0.0
2020-01-02 00:00:00-05:00,48.099009382733534,48.127536696190155,47.27168101666059,47.67108154296875,341200,0.0,0.0
2020-01-03 00:00:00-05:00,46.957865137970145,47.53794463929409,46.634542315637916,47.309715270996094,269100,0.0,0.0
2020-01-06 00:00:00-05:00,46.77718138657633,47.0909963070908,46.52042471367794,46.76767349243164,264900,0.0,0.0
2020-01-07 00:00:00-05:00,46.95786810524496,46.95786810524496,46.06397361947379,46.263675689697266,445900,0.0,0.0
2020-01-08 00:00:00-05:00,46.31122128812443,46.406314745844064,45.731141764319155,45.949859619140625,298100,0.0,0.0
2020-01-09 00:00:00-05:00,45.89280028572745,45.89280028572745,45.26517404786288,45.293704986572266,309800,0.0,0.0
2020-01-10 00:00:00-05:00,45.54095212444319,45.77868940103985,44.97989200657175,45.46487808227539,226600,0.0,0.0
2020-01-13 00:00:00-05:00,45.45536305673037,45.75015856292157,45.22713732023234,45.64555358886719,294100,0.0,0.0
2020-01-14 00:00:00-05:00,45.4838962791309,46.2636742352356,45.4838962791309,45.88329315185547,464300,0.0,0.0
2020-01-15 00:00:00-05:00,45.86427358709339,46.263674086113426,45.578989589269284,45.65506362915039,308800,0.0,0.0
2020-01-16 00:00:00-05:00,45.93083968669706,46.330240185320264,45.74064914580901,46.1590690612793,290000,0.0,0.0
2020-01-17 00:00:00-05:00,46.27318079024054,46.31121962299385,45.74064801444243,45.845252990722656,240900,0.0,0.0
2020-01-21 00:00:00-05:00,45.68359358002621,45.78819855673493,45.07498676381123,45.56947708129883,141000,0.0,0.0
2020-01-22 00:00:00-05:00,45.71212352748095,46.19710960608824,45.62653796229043,45.75967025756836,223200,0.0,0.0
2020-01-23 00:00:00-05:00,45.63604611819091,46.76767417215372,45.31272329883258,46.67258071899414,378000,0.0,0.0
2020-01-24 00:00:00-05:00,46.82473466600938,46.82473466600938,45.569478533096316,45.949859619140625,248900,0.0,0.0
2020-01-27 00:00:00-05:00,45.17008543734593,46.159073441752,45.17008543734593,45.835750579833984,264800,0.0,0.0
2020-01-28 00:00:00-05:00,46.035446190267415,46.30171077977972,45.7501621832781,45.92133331298828,164300,0.0,0.0
2020-01-29 00:00:00-05:00,46.05446160283306,46.577482841428534,46.05446160283306,46.197105407714844,171200,0.0,0.0
2020-01-30 00:00:00-05:00,45.75015773246729,45.98789498642724,45.20811708364519,45.7881965637207,158500,0.0,0.0
2020-01-31 00:00:00-05:00,45.77868527306212,45.864270830022775,44.62803782871092,44.66607666015625,169100,0.0,0.0
2020-02-03 00:00:00-05:00,44.7421561093294,45.61703120051975,44.7421561093294,44.9989128112793,277400,0.0,0.0
2020-02-04 00:00:00-05:00,45.58849253765819,46.12102526937864,44.78969525386875,44.88479232788086,305500,0.0,0.0
2020-02-05 00:00:00-05:00,47.10050959611865,50.21011370950677,46.17809139995899,49.249656677246094,600200,0.0,0.0
2020-02-06 00:00:00-05:00,49.2306351478228,49.2306351478228,46.75816532104061,47.66156768798828,463700,0.0,0.0
2020-02-07 00:00:00-05:00,47.566476186613855,48.07998959033463,46.94835779758887,47.832740783691406,354100,0.0,0.0
2020-02-10 00:00:00-05:00,47.93734772740568,48.251162696138735,47.28119410312276,48.00391387939453,286200,0.0,0.0
2020-02-11 00:00:00-05:00,48.48889304350845,49.316217690841064,48.079984666963924,49.09749984741211,243300,0.0,0.0
2020-02-12 00:00:00-05:00,49.43984020745486,50.17206774668279,49.240138160082864,49.61100769042969,299200,0.0,0.0
2020-02-13 00:00:00-05:00,49.487386605057424,49.89629496340023,49.09749766193783,49.54444122314453,309300,0.0,0.0
2020-02-14 00:00:00-05:00,49.76316689804178,49.82022152095991,49.087990296986916,49.268672943115234,232000,0.0,0.0
2020-02-18 00:00:00-05:00,49.27817435245154,49.76316034892576,49.221116109459764,49.30670166015625,283100,0.0,0.0
2020-02-19 00:00:00-05:00,49.41131254109626,50.01041146770053,49.10700913053789,49.93433380126953,193200,0.0,0.0
2020-02-20 00:00:00-05:00,49.73463877731824,50.761665579037285,49.73463877731824,50.37177658081055,167400,0.0,0.0
2020-02-21 00:00:00-05:00,50.17047761174407,50.783948665551456,50.13213475673713,50.63058090209961,207600,0.42,0.0
2020-02-24 00:00:00-05:00,49.20234550881868,49.40364001772532,48.636801181479065,48.675140380859375,290700,0.0,0.0
2020-02-25 00:00:00-05:00,48.84768422050435,48.91478239651956,46.31711399199813,46.52799606323242,304500,0.0,0.0
2020-02-26 00:00:00-05:00,46.64301481312746,47.30441259914361,45.444828033447266,45.444828033447266,188500,0.0,0.0
2020-02-27 00:00:00-05:00,44.543793401778274,45.37773038614783,43.24974947095389,43.2689208984375,337100,0.0,0.0
2020-02-28 00:00:00-05:00,42.10907734800091,44.160372572161506,41.69690079474517,44.11244583129883,448200,0.0,0.0
2020-03-02 00:00:00-05:00,44.35207880224076,44.8601087869373,42.69378886781239,44.85052490234375,309500,0.0,0.0
2020-03-03 00:00:00-05:00,44.85052799329408,45.88575945979457,42.6458650707057,43.13472366333008,353200,0.0,0.0
2020-03-04 00:00:00-05:00,43.86322383729842,44.00700772599814,43.04845821886982,43.97825241088867,234400,0.0,0.0
2020-03-05 00:00:00-05:00,42.84716290398092,42.85674678998065,41.15052986909295,41.869441986083984,273300,0.0,0.0
2020-03-06 00:00:00-05:00,40.53705608373088,42.59793515469972,40.49871322913101,42.42539596557617,377000,0.0,0.0
2020-03-09 00:00:00-04:00,39.0896460610774,40.124881239717865,39.070474632964505,39.31011199951172,496500,0.0,0.0
2020-03-10 00:00:00-04:00,40.41244484986538,41.24638185132372,38.945865354787614,40.498714447021484,420200,0.0,0.0
2020-03-11 00:00:00-04:00,39.40596646204562,39.93316790130566,38.28446176140261,38.370731353759766,471400,0.0,0.0
2020-03-12 00:00:00-04:00,34.6036315714531,36.69326953750552,32.77280237990174,33.0124397277832,536000,0.0,0.0
2020-03-13 00:00:00-04:00,34.90078802783746,35.150009295221466,32.37021786914823,34.6419792175293,561400,0.0,0.0
2020-03-16 00:00:00-04:00,26.944825318729706,31.593788635833814,26.944825318729706,27.500783920288086,667800,0.0,0.0
2020-03-17 00:00:00-04:00,27.98964451008514,28.33472106686155,24.66347676764071,25.468658447265625,695600,0.0,0.0
2020-03-18 00:00:00-04:00,23.532389535761883,23.74327159624332,19.209332891925545,20.81969451904297,953000,0.0,0.0
2020-03-19 00:00:00-04:00,20.407520128549717,23.101043763892065,19.161404657398226,22.353374481201172,993300,0.0,0.0
2020-03-20 00:00:00-04:00,22.305447057981326,23.92539437876196,20.733424652069246,21.174358367919922,894400,0.0,0.0
2020-03-23 00:00:00-04:00,21.020991274667516,21.260628654764886,19.468140247189776,20.436275482177734,575900,0.0,0.0
2020-03-24 00:00:00-04:00,21.90285590055043,23.75285668245696,21.049745623351566,23.68575668334961,803700,0.0,0.0
2020-03-25 00:00:00-04:00,24.145860320254556,28.651041482081705,23.66658561187159,27.25156021118164,570700,0.0,0.0
2020-03-26 00:00:00-04:00,27.817107141954807,28.382651497551684,26.781873747153217,27.232391357421875,444600,0.0,0.0
2020-03-27 00:00:00-04:00,26.264254297630472,26.657259421876493,25.29611914356727,26.48472023010254,398300,0.0,0.0
2020-03-30 00:00:00-04:00,26.44637855483522,27.309072664266978,25.027725856810736,27.25156021118164,700300,0.0,0.0
2020-03-31 00:00:00-04:00,27.079021436827524,27.69249248786634,26.254668340778153,26.839384078979492,368700,0.0,0.0
2020-04-01 00:00:00-04:00,25.641200656653098,25.947936222449567,24.12669242931689,25.066070556640625,510800,0.0,0.0
2020-04-02 00:00:00-04:00,24.529280446290365,25.133165792254644,23.053113423263053,23.522804260253906,480000,0.0,0.0
2020-04-03 00:00:00-04:00,23.38860535093858,23.791196178208224,21.53860468820634,22.075393676757812,415300,0.0,0.0
2020-04-06 00:00:00-04:00,23.340681045895586,25.746640546908118,23.321509616814662,25.257780075073242,481300,0.0,0.0
2020-04-07 00:00:00-04:00,26.98316704587845,28.909851687908446,26.55182088405228,27.452856063842773,863600,0.0,0.0
2020-04-08 00:00:00-04:00,28.08549727146725,31.56503268950986,27.61580827511561,30.424358367919922,725300,0.0,0.0
2020-04-09 00:00:00-04:00,31.152857440194897,34.459853807469244,31.152857440194897,32.149749755859375,620900,0.0,0.0
2020-04-13 00:00:00-04:00,32.38938663309997,32.38938663309997,29.95467016454733,30.616069793701172,381800,0.0,0.0
2020-04-14 00:00:00-04:00,31.593788838373133,32.15933315734282,30.37643243238479,30.616069793701172,538700,0.0,0.0
2020-04-15 00:00:00-04:00,29.024879281281684,29.782132429391158,28.047158360472736,29.0823917388916,387600,0.0,0.0
2020-04-16 00:00:00-04:00,29.350783391799734,29.40829584379948,28.459332158508214,28.708555221557617,466900,0.0,0.0
2020-04-17 00:00:00-04:00,30.012182690181696,31.267881954522768,30.012182690181696,31.066587448120117,433000,0.0,0.0
2020-04-20 00:00:00-04:00,30.270991357333163,30.453116263547283,28.62228697243896,28.90985107421875,372900,0.0,0.0
2020-04-21 00:00:00-04:00,27.845859338862816,28.727724859999967,27.807518313572274,28.17176628112793,246300,0.0,0.0
2020-04-22 00:00:00-04:00,28.81399486987184,28.81399486987184,27.38575646255745,27.75959014892578,298800,0.0,0.0
2020-04-23 00:00:00-04:00,27.87461713124268,29.600005360308305,27.797933250579494,28.660627365112305,231300,0.0,0.0
2020-04-24 00:00:00-04:00,29.369955425767564,30.318919189751316,29.08239131363481,29.97384262084961,248900,0.0,0.0
2020-04-27 00:00:00-04:00,31.104929672298233,32.111405840460165,30.481871081420145,31.565032958984375,297200,0.0,0.0
2020-04-28 00:00:00-04:00,32.30312150794999,33.50130848037709,32.15933760862816,33.02203369140625,260800,0.0,0.0
2020-04-29 00:00:00-04:00,34.431096911482214,36.06063182245464,34.143532787563835,35.686798095703125,307000,0.0,0.0
2020-04-30 00:00:00-04:00,35.360885269725834,35.360885269725834,34.01891836102309,34.48860549926758,287300,0.0,0.0
2020-05-01 00:00:00-04:00,33.549237306354385,34.12436562611836,31.890946872572357,32.724884033203125,250200,0.0,0.0
2020-05-04 00:00:00-04:00,31.766329305361072,32.92617330308154,30.980319021238433,32.820735931396484,194000,0.0,0.0
2020-05-05 00:00:00-04:00,33.30001158025065,34.296900291471836,32.437315558776724,32.47565841674805,238700,0.0,0.0
2020-05-06 00:00:00-04:00,32.916589036196534,33.482133371308166,31.162441746136757,31.737573623657227,350900,0.0,0.0
2020-05-07 00:00:00-04:00,32.43731598461091,34.181875822870666,32.43731598461091,33.26166915893555,420400,0.0,0.0
2020-05-08 00:00:00-04:00,34.268144607543945,34.90078713095863,33.558816369011765,34.507781982421875,377500,0.0,0.0
2020-05-11 00:00:00-04:00,34.50777811399648,34.651561985435094,33.61632688685884,34.02850341796875,496500,0.0,0.0
2020-05-12 00:00:00-04:00,34.229804603669365,34.622809784970336,31.986798441553052,32.034725189208984,267300,0.0,0.0
2020-05-13 00:00:00-04:00,31.632130633067767,32.00596431913371,30.27099039330121,30.51062774658203,413200,0.0,0.0
2020-05-14 00:00:00-04:00,29.60000835771544,30.175138435073105,28.4209928875195,29.724620819091797,466100,0.0,0.0
2020-05-15 00:00:00-04:00,29.216587419880895,30.079281577609216,28.833167997366974,29.34119987487793,507000,0.0,0.0
2020-05-18 00:00:00-04:00,31.181617429111526,32.657784695954966,31.181617429111526,32.25519561767578,674700,0.0,0.0
2020-05-19 00:00:00-04:00,33.5013045776208,34.50778078589418,31.996382208095387,32.99327087402344,577600,0.0,0.0
2020-05-20 00:00:00-04:00,33.68342253345349,34.1147704589441,32.74404463826032,33.00285339355469,375600,0.0,0.0
2020-05-21 00:00:00-04:00,33.11787990066622,33.71217948440328,33.02202642659031,33.35751724243164,301400,0.0,0.0
2020-05-22 00:00:00-04:00,33.19456609072597,33.35751773035365,31.785497330430562,32.67694854736328,398600,0.0,0.0
2020-05-26 00:00:00-04:00,34.14353404917886,35.686799414342325,34.018925240041504,34.26814651489258,676300,0.0,0.0
2020-05-27 00:00:00-04:00,35.23627667152806,36.82746863477263,35.23627667152806,36.43446350097656,1178100,0.0,0.0
2020-05-28 00:00:00-04:00,36.827467664410506,36.827467664410506,35.207520430047275,35.34171676635742,589300,0.0,0.0
2020-05-29 00:00:00-04:00,34.824101746313026,35.23627462768573,34.00933255560225,34.27772521972656,504100,0.0,0.0
2020-06-01 00:00:00-04:00,34.2777298514825,35.2458669320226,33.875140800896446,34.498199462890625,351500,0.0,0.0
2020-06-02 00:00:00-04:00,34.987056419524265,36.1852432832066,34.987056419524265,35.61011505126953,335300,0.0,0.0
2020-06-03 00:00:00-04:00,36.5494874763933,38.09275250384269,36.185237702172664,37.79560089111328,464800,0.0,0.0
2020-06-04 00:00:00-04:00,37.412184046311566,38.294051446042694,37.04793788626538,38.073585510253906,504300,0.0,0.0
2020-06-05 00:00:00-04:00,40.25907496999708,42.147418466075,40.00026619211515,41.81192398071289,667200,0.0,0.0
2020-06-08 00:00:00-04:00,42.62669415752121,43.949489733076106,42.03239088048259,42.45415496826172,455900,0.0,0.0
2020-06-09 00:00:00-04:00,41.69689726221097,41.888607865996036,39.90441097845825,41.54352951049805,453700,0.0,0.0
2020-06-10 00:00:00-04:00,42.04197290484533,42.04197290484533,39.4155462125907,39.50181579589844,463900,0.0,0.0
2020-06-11 00:00:00-04:00,37.34508739575795,38.198195860071,36.21399870070269,36.51115036010742,381400,0.0,0.0
2020-06-12 00:00:00-04:00,38.28446390381328,38.8595957705708,36.9808397169634,38.073585510253906,413800,0.0,0.0
2020-06-15 00:00:00-04:00,36.23316571293761,39.11840138488457,36.23316571293761,38.744564056396484,466700,0.0,0.0
2020-06-16 00:00:00-04:00,40.99716958709411,41.1313659550641,38.45701151368463,39.16633987426758,479100,0.0,0.0
2020-06-17 00:00:00-04:00,39.23343084840477,39.597680677797854,37.805190501953035,38.03524398803711,286000,0.0,0.0
2020-06-18 00:00:00-04:00,37.393013597928906,39.21425907217078,37.23006194152019,38.62954330444336,417300,0.0,0.0
2020-06-19 00:00:00-04:00,39.348455609119114,39.444312751518936,36.50156612650219,36.62617492675781,739700,0.0,0.0
2020-06-22 00:00:00-04:00,36.44404860397935,37.642235353229424,35.79223471986124,37.440940856933594,350100,0.0,0.0
2020-06-23 00:00:00-04:00,39.23342619697825,39.23342619697825,37.87228418355494,38.80207824707031,340800,0.0,0.0
2020-06-24 00:00:00-04:00,38.11192458050726,38.27487988867219,35.78265277754901,36.12772750854492,372600,0.0,0.0
2020-06-25 00:00:00-04:00,35.76348515262578,35.916852934902025,34.91996052181825,35.64845657348633,581100,0.0,0.0
2020-06-26 00:00:00-04:00,35.60053057987257,35.74431447854888,34.81452022201531,34.93913269042969,602500,0.0,0.0
2020-06-29 00:00:00-04:00,35.54301958248174,37.27799195282997,34.80493597953291,36.942501068115234,319500,0.0,0.0
2020-06-30 00:00:00-04:00,36.645342595234546,37.632647292905475,36.50156238125156,37.105445861816406,440400,0.0,0.0
2020-07-01 00:00:00-04:00,37.54638191770501,38.38032261006172,37.172548200168066,37.46969985961914,702200,0.0,0.0
2020-07-02 00:00:00-04:00,38.51452490625889,39.463487004110924,37.52721994515028,37.65182876586914,305500,0.0,0.0
2020-07-06 00:00:00-04:00,38.34198384828447,39.22384772163828,37.90105191160756,38.76374435424805,396500,0.0,0.0
2020-07-07 00:00:00-04:00,38.27488044419105,38.850008660774236,37.89145919541824,38.3515625,321300,0.0,0.0
2020-07-08 00:00:00-04:00,38.44741585688203,39.568916865825464,38.30363198859795,39.36762237548828,375200,0.0,0.0
2020-07-09 00:00:00-04:00,39.607261261065304,39.808555759243504,37.52721080007229,37.776432037353516,351900,0.0,0.0
2020-07-10 00:00:00-04:00,38.15026464623447,39.25259789741204,37.58472036497762,39.19508361816406,297200,0.0,0.0
2020-07-13 00:00:00-04:00,39.59767737684744,40.163221674058995,38.72539756147801,38.79249572753906,275000,0.0,0.0
2020-07-14 00:00:00-04:00,38.6966413027947,40.632911682128906,38.572032503712215,40.632911682128906,353800,0.0,0.0
2020-07-15 00:00:00-04:00,41.11218690028329,43.07721261673999,41.11218690028329,42.856746673583984,398400,0.0,0.0
2020-07-16 00:00:00-04:00,43.7673688761587,45.05182531874336,42.97177471343874,44.49586486816406,660400,0.0,0.0
2020-07-17 00:00:00-04:00,43.91115132573001,44.45752421603163,43.42228906183323,44.11244583129883,467100,0.0,0.0
2020-07-20 00:00:00-04:00,44.16995717140918,44.16995717140918,42.90466862616479,43.23057556152344,273100,0.0,0.0
2020-07-21 00:00:00-04:00,43.60441570519266,44.38083841264294,43.22099446594062,44.169960021972656,275300,0.0,0.0
2020-07-22 00:00:00-04:00,44.390423030544454,45.761148934197124,43.93990365258743,45.29145812988281,479000,0.0,0.0
2020-07-23 00:00:00-04:00,46.00079425785222,46.412967198012296,44.43835747619041,45.205196380615234,620100,0.0,0.0
2020-07-24 00:00:00-04:00,44.754674149305835,45.396904205833586,44.69716352040037,44.83135986328125,298800,0.0,0.0
2020-07-27 00:00:00-04:00,44.85052662589379,45.30104235061505,44.2274680626778,45.17643356323242,395200,0.0,0.0
2020-07-28 00:00:00-04:00,44.87928084368955,45.53109470248272,44.47669186673969,44.59171676635742,281700,0.0,0.0
2020-07-29 00:00:00-04:00,45.04223936981298,45.857004923500604,43.56607236855279,45.78031921386719,463800,0.0,0.0
2020-07-30 00:00:00-04:00,45.58861561111621,45.703640527463484,44.313743018869324,44.515037536621094,309500,0.0,0.0
2020-07-31 00:00:00-04:00,45.588611937567194,45.588611937567194,42.569179788293035,42.96218490600586,375000,0.0,0.0
2020-08-03 00:00:00-04:00,43.21140989581955,43.834464829013136,42.55000845141717,42.90467071533203,503400,0.0,0.0
2020-08-04 00:00:00-04:00,42.789648187288805,43.796124409624085,42.76089287300314,43.00053024291992,391400,0.0,0.0
2020-08-05 00:00:00-04:00,43.48938780664968,44.45752480515427,42.91425959552441,44.39042663574219,306700,0.0,0.0
2020-08-06 00:00:00-04:00,44.102861310600375,44.793018127347565,43.85364004709511,43.920738220214844,188900,0.0,0.0
2020-08-07 00:00:00-04:00,43.748193198889226,44.054928708529275,43.13472217960912,43.738609313964844,200200,0.0,0.0
2020-08-10 00:00:00-04:00,43.75778367921093,44.90804008932578,43.75778367921093,44.53420639038086,217100,0.0,0.0
2020-08-11 00:00:00-04:00,45.2339494396056,46.17332750772161,45.2339494396056,45.55985641479492,307500,0.0,0.0
2020-08-12 00:00:00-04:00,46.06788465169672,46.508816490187044,45.48316894316248,46.1924934387207,285100,0.0,0.0
2020-08-13 00:00:00-04:00,45.761151534574246,46.297936876778344,45.10933762768992,45.27228927612305,171800,0.0,0.0
2020-08-14 00:00:00-04:00,45.32980737100351,45.99120521895123,45.32980737100351,45.75156784057617,188100,0.0,0.0
2020-08-17 00:00:00-04:00,45.59819212093072,46.585496777731315,45.59819212093072,46.40337371826172,279700,0.0,0.0
2020-08-18 00:00:00-04:00,46.27876380628398,47.12228830111157,45.75156236823266,46.92099380493164,483900,0.0,0.0
2020-08-19 00:00:00-04:00,46.911416340946005,46.911416340946005,45.70364544783284,46.0295524597168,280700,0.0,0.0
2020-08-20 00:00:00-04:00,45.61736923923218,46.07747254418387,45.52151575524992,45.626953125,232100,0.0,0.0
2020-08-21 00:00:00-04:00,45.45441538640804,46.460895283382214,45.15726738258714,46.03913116455078,362600,0.0,0.0
2020-08-24 00:00:00-04:00,46.355452832189634,46.9305810500448,46.00079055306482,46.614261627197266,250900,0.0,0.0
2020-08-25 00:00:00-04:00,46.92099828483108,47.05519462843043,46.154159423851866,46.66218948364258,374400,0.0,0.0
2020-08-26 00:00:00-04:00,46.662183540214286,46.662183540214286,45.33938438815186,45.97202682495117,377500,0.0,0.0
2020-08-27 00:00:00-04:00,46.56633432286872,47.198976817500906,46.34586473022442,46.815555572509766,323200,0.0,0.0
2020-08-28 00:00:00-04:00,47.11270441601642,48.05208238809851,46.91140626326073,46.92099380493164,202400,0.0,0.0
2020-08-31 00:00:00-04:00,46.853901350981765,46.920999524554276,45.051827237635024,45.214778900146484,321900,0.0,0.0
2020-09-01 00:00:00-04:00,45.128508734430156,47.07436289924358,44.81218566867135,46.882652282714844,305900,0.0,0.0
2020-09-02 00:00:00-04:00,46.844305984801835,47.30440923670539,46.019952953925454,47.2181396484375,247400,0.0,0.0
2020-09-03 00:00:00-04:00,47.198971007861346,47.63031528466297,46.30751983107372,46.57591247558594,300500,0.0,0.0
2020-09-04 00:00:00-04:00,47.266079086541325,47.448202182591885,45.559858420574216,46.25001525878906,374300,0.0,0.0
2020-09-08 00:00:00-04:00,45.48317876551936,46.90183171957786,45.329810977420514,46.25960159301758,356700,0.0,0.0
2020-09-09 00:00:00-04:00,46.3937919659104,47.678248295528704,46.22125278308289,47.54404830932617,276400,0.0,0.0
2020-09-10 00:00:00-04:00,48.128765277672606,48.49301507942651,45.89534704083802,46.096641540527344,311100,0.0,0.0
2020-09-11 00:00:00-04:00,46.31711040250857,46.42255142995423,45.665296466095405,45.96244812011719,212100,0.0,0.0
2020-09-14 00:00:00-04:00,46.44172266338155,47.21814539572135,46.403379806912014,47.007266998291016,264600,0.0,0.0
2020-09-15 00:00:00-04:00,47.457782338995884,48.20545340715519,46.41296327729759,47.659080505371094,291800,0.0,0.0
2020-09-16 00:00:00-04:00,48.0616716752934,48.22462699283305,46.91141153607201,47.33317565917969,267100,0.0,0.0
2020-09-17 00:00:00-04:00,46.585504339573,47.045611318369446,46.13498856005641,46.94017028808594,328100,0.0,0.0
2020-09-18 00:00:00-04:00,46.90181952642039,47.304408494301846,45.86658448345285,46.01036834716797,450700,0.0,0.0
2020-09-21 00:00:00-04:00,45.07099374013186,45.07099374013186,43.79612126845514,44.716331481933594,278200,0.0,0.0
2020-09-22 00:00:00-04:00,45.17643567091515,45.96244591118349,44.98472505355255,45.30104446411133,173600,0.0,0.0
2020-09-23 00:00:00-04:00,45.84742567688318,46.51840742118538,44.97514209613779,45.013484954833984,281600,0.0,0.0
2020-09-24 00:00:00-04:00,44.55337713447095,44.96555368251556,43.70985261096384,44.31373977661133,307500,0.0,0.0
2020-09-25 00:00:00-04:00,44.04534824643663,44.70674605488829,43.69068597146192,44.39042663574219,252000,0.0,0.0
2020-09-28 00:00:00-04:00,45.22436524361357,46.326698620058146,45.20519381501897,46.18291473388672,340600,0.0,0.0
2020-09-29 00:00:00-04:00,46.25959179388305,46.37462035302314,45.38731199823711,45.65570831298828,240200,0.0,0.0
2020-09-30 00:00:00-04:00,45.847426454305,46.48006900721481,45.320221279733225,45.684471130371094,380000,0.0,0.0
2020-10-01 00:00:00-04:00,46.07747427615946,46.508822283445326,45.023071286417256,45.98162078857422,541100,0.0,0.0
2020-10-02 00:00:00-04:00,45.042243313097885,47.86996145673248,45.042243313097885,47.61115264892578,286500,0.0,0.0
2020-10-05 00:00:00-04:00,47.82203525695873,50.17048232647657,47.82203525695873,49.834991455078125,449800,0.0,0.0
2020-10-06 00:00:00-04:00,50.937313352284704,52.58601945223874,50.65933315513883,51.330318450927734,514300,0.0,0.0
2020-10-07 00:00:00-04:00,52.2313619389961,53.42954876983897,52.2313619389961,52.48058319091797,586400,0.0,0.0
2020-10-08 00:00:00-04:00,52.854414689813545,53.39120368398145,52.077991996060526,53.314517974853516,381300,0.0,0.0
2020-10-09 00:00:00-04:00,53.6212540598189,53.73628262471556,52.88317055632362,53.113224029541016,308800,0.0,0.0
2020-10-12 00:00:00-04:00,53.27617829736408,53.78420831774866,52.490164412180626,52.55726623535156,250300,0.0,0.0
2020-10-13 00:00:00-04:00,52.04922875933182,52.26969467013481,51.00440982587165,51.03316879272461,260700,0.0,0.0
2020-10-14 00:00:00-04:00,51.30156541728667,52.22177198326896,50.23757497561771,50.43886947631836,232400,0.0,0.0
2020-10-15 00:00:00-04:00,49.84457650329779,52.81607863990231,49.739135467950135,52.64353942871094,196000,0.0,0.0
2020-10-16 00:00:00-04:00,52.68187425955682,53.3145167186524,52.01088894680072,52.84482955932617,193800,0.0,0.0
2020-10-19 00:00:00-04:00,53.678765708713705,54.52229019369184,53.37203019718997,53.66918182373047,404800,0.0,0.0
2020-10-20 00:00:00-04:00,54.253894757745776,54.57021781595382,53.410373915675905,53.774620056152344,333700,0.0,0.0
2020-10-21 00:00:00-04:00,54.368925388893985,55.71089241050389,53.80338107321829,53.985504150390625,524400,0.0,0.0
2020-10-22 00:00:00-04:00,54.28265322463733,55.30830078404226,52.586020357887634,53.01736831665039,557500,0.0,0.0
2020-10-23 00:00:00-04:00,53.324104260355426,53.74586468089388,51.608299953092526,52.84482955932617,382600,0.0,0.0
2020-10-26 00:00:00-04:00,51.94379447040161,52.16426040974419,50.15130798508516,51.85752487182617,589500,0.0,0.0
2020-10-27 00:00:00-04:00,51.57954601209555,51.57954601209555,49.95001125396867,50.80311965942383,378000,0.0,0.0
2020-10-28 00:00:00-04:00,49.441980994556246,50.678506971255096,48.89560445938474,49.39405059814453,339700,0.0,0.0
2020-10-29 00:00:00-04:00,49.221508908326136,50.66892051122067,48.76140564744513,49.892494201660156,288900,0.0,0.0
2020-10-30 00:00:00-04:00,49.53783287190491,49.7870541049357,48.35881755851451,49.03938674926758,216900,0.0,0.0
2020-11-02 00:00:00-05:00,49.662441925877,50.42928065581663,49.48990275456864,50.39093780517578,210300,0.0,0.0
2020-11-03 00:00:00-05:00,51.38783228488371,52.43265124392078,51.00441107444646,52.03964614868164,225100,0.0,0.0
2020-11-04 00:00:00-05:00,51.311146580165996,52.21218532772084,50.3813561782055,52.03964614868164,231800,0.0,0.0
2020-11-05 00:00:00-05:00,52.509335467119456,54.52229142043278,52.509335467119456,53.65959548950195,311200,0.0,0.0
2020-11-06 00:00:00-05:00,53.602083546125655,53.966333361356185,52.42306816015481,52.796905517578125,290300,0.0,0.0
2020-11-09 00:00:00-05:00,55.62703666560819,58.03216627662581,55.62703666560819,56.090675354003906,467200,0.42,0.0
2020-11-10 00:00:00-05:00,56.53499299946127,58.66000633152349,56.22590055312559,57.82931900024414,376100,0.0,0.0
2020-11-11 00:00:00-05:00,57.76170488305357,57.95488858192785,56.31283266850537,57.60715866088867,231200,0.0,0.0
2020-11-12 00:00:00-05:00,57.07590336384349,57.491247005766986,55.01850389160293,55.85885238647461,314300,0.0,0.0
2020-11-13 00:00:00-05:00,56.48669807666273,57.7037528099446,56.341813064863295,57.50090789794922,189200,0.0,0.0
2020-11-16 00:00:00-05:00,58.70829945535311,59.625919238071184,57.60715718996041,59.268531799316406,297500,0.0,0.0
2020-11-17 00:00:00-05:00,58.89183050328583,59.25887549905346,57.93557316559633,59.08501052856445,184200,0.0,0.0
2020-11-18 00:00:00-05:00,59.25887210115219,60.57251683189017,57.51056865378782,57.60715866088867,355200,0.0,0.0
2020-11-19 00:00:00-05:00,57.539544863849585,58.04182100657239,55.385555282445914,56.071353912353516,487400,0.0,0.0
2020-11-20 00:00:00-05:00,56.0327127153198,56.0327127153198,54.294066911901986,54.89293670654297,540700,0.0,0.0
2020-11-23 00:00:00-05:00,55.433852660753224,57.201478605176774,55.32760143768872,56.91170120239258,223300,0.0,0.0
2020-11-24 00:00:00-05:00,57.761709620116534,59.423084408143765,57.327047183170706,58.40887451171875,200100,0.0,0.0
2020-11-25 00:00:00-05:00,57.945231529024866,57.945231529024866,55.98442194372135,56.97931671142578,213900,0.0,0.0
2020-11-27 00:00:00-05:00,56.98897029704405,57.28840519627328,55.829871859152746,55.9650993347168,146200,0.0,0.0
2020-11-30 00:00:00-05:00,55.79124182874869,56.109995507684275,53.15429464939778,53.19293212890625,634400,0.0,0.0
2020-12-01 00:00:00-05:00,53.99464115996411,56.23556329938959,53.40543251659684,55.482147216796875,614100,0.0,0.0
2020-12-02 00:00:00-05:00,55.06680686377084,55.93613174820876,53.88839319057747,55.588401794433594,330300,0.0,0.0
2020-12-03 00:00:00-05:00,55.84919266672865,57.49124854089169,55.694646448258744,56.06169509887695,385400,0.0,0.0
2020-12-04 00:00:00-05:00,56.32249726737832,57.06625215773816,55.36623992700915,56.534996032714844,173200,0.0,0.0
2020-12-07 00:00:00-05:00,56.70885875081863,57.29806738631133,54.71907656040772,55.03782653808594,330300,0.0,0.0
2020-12-08 00:00:00-05:00,54.53555001064165,55.11510111512178,54.04293507227255,54.12986755371094,311900,0.0,0.0
2020-12-09 00:00:00-05:00,54.71906988566061,56.90203551260694,54.50656747001486,56.824764251708984,378200,0.0,0.0
2020-12-10 00:00:00-05:00,56.438398048184546,56.525330521393904,54.51622611152077,54.97020721435547,549700,0.0,0.0
2020-12-11 00:00:00-05:00,54.12986857850978,56.38044824219908,54.12986857850978,55.97476577758789,277500,0.0,0.0
2020-12-14 00:00:00-05:00,56.979314029147254,57.10488029655987,54.73838836790926,54.76736831665039,368400,0.0,0.0
2020-12-15 00:00:00-05:00,55.20203078192869,56.26453555895851,54.91225340212743,56.13896560668945,240000,0.0,0.0
2020-12-16 00:00:00-05:00,56.5446557647596,56.63158824797225,55.569079710409454,56.3321533203125,219900,0.0,0.0
2020-12-17 00:00:00-05:00,56.544652347548805,56.988972263929234,55.98442000410807,56.7185173034668,200400,0.0,0.0
2020-12-18 00:00:00-05:00,56.71851870908767,57.03726867972171,54.78668909294351,55.22134780883789,1160600,0.0,0.0
2020-12-21 00:00:00-05:00,53.95600588207856,55.28896945055195,53.74350342900621,54.757713317871094,297100,0.0,0.0
2020-12-22 00:00:00-05:00,54.75771353016694,55.18271843795937,54.04293857834437,54.10089111328125,358500,0.0,0.0
2020-12-23 00:00:00-05:00,54.60316234738596,56.283855717024636,54.54520981770112,56.14862823486328,340800,0.0,0.0
2020-12-24 00:00:00-05:00,56.506017521422706,56.506017521422706,55.34691898917694,55.72362518310547,90700,0.0,0.0
2020-12-28 00:00:00-05:00,56.17761243107536,56.467386174428555,55.52078998098249,56.01340866088867,195700,0.0,0.0
2020-12-29 00:00:00-05:00,56.29351545290631,56.38044793551766,54.80600940608387,55.94578552246094,229200,0.0,0.0
2020-12-30 00:00:00-05:00,56.04237454774866,57.59749789341476,56.04237454774866,56.84408187866211,224800,0.0,0.0
2020-12-31 00:00:00-05:00,57.07590698488658,57.568521922898256,56.13896842836073,57.36568069458008,172900,0.0,0.0
2021-01-04 00:00:00-05:00,57.58784614091528,58.04182732959019,54.3327139124469,55.511131286621094,412700,0.0,0.0
2021-01-05 00:00:00-05:00,55.62703493945967,57.09522591615678,55.15373505378079,56.87306594848633,266400,0.0,0.0
2021-01-06 00:00:00-05:00,57.587842775359576,60.099223615790486,57.587842775359576,59.191261291503906,832400,0.0,0.0
2021-01-07 00:00:00-05:00,59.61626336331005,61.34524807607852,59.61626336331005,60.84297561645508,673300,0.0,0.0
2021-01-08 00:00:00-05:00,61.18104515677876,61.557751348943526,59.79978666239285,60.27308654785156,482800,0.0,0.0
2021-01-11 00:00:00-05:00,59.63557962418555,61.09410930815197,58.8821635967054,60.852630615234375,543700,0.0,0.0
2021-01-12 00:00:00-05:00,61.238998043402745,62.7747989942175,60.620809493948215,62.71684646606445,286500,0.0,0.0
2021-01-13 00:00:00-05:00,62.678210871791926,63.14185321896463,60.640130051339305,60.75604248046875,234100,0.0,0.0
2021-01-14 00:00:00-05:00,61.05547569835081,63.01628162988401,60.73672571954937,62.55264663696289,345100,0.0,0.0
2021-01-15 00:00:00-05:00,62.31117054936405,62.69753797261125,61.07479700577672,62.21458053588867,192600,0.0,0.0
2021-01-19 00:00:00-05:00,62.7941218328901,62.98730184091116,61.702637101143274,61.92479705810547,228100,0.0,0.0
2021-01-20 00:00:00-05:00,62.59128765389126,64.24300122709325,61.50946032699327,63.566856384277344,286800,0.0,0.0
2021-01-21 00:00:00-05:00,63.68275682610844,64.5617353760229,63.44127814974209,63.83729934692383,260100,0.0,0.0
2021-01-22 00:00:00-05:00,62.89071042108302,63.25775537579797,61.750930712990055,63.09355163574219,247400,0.0,0.0
2021-01-25 00:00:00-05:00,62.9293523689197,63.402648570101256,60.582179047668944,61.97309875488281,175700,0.0,0.0
2021-01-26 00:00:00-05:00,62.446397611084414,63.23844750706878,62.050368978419435,63.19981002807617,232200,0.0,0.0
2021-01-27 00:00:00-05:00,62.146958418146745,62.42707461125085,57.423639037377015,58.505462646484375,403500,0.0,0.0
2021-01-28 00:00:00-05:00,58.95944185889184,60.52422284518488,57.84863833520699,59.78046798706055,405800,0.0,0.0
2021-01-29 00:00:00-05:00,59.63558217846311,60.263424596136794,57.62647759869311,57.80034255981445,321100,0.0,0.0
2021-02-01 00:00:00-05:00,58.32193527740355,59.577623750793734,58.01284284348204,59.210575103759766,401800,0.0,0.0
2021-02-02 00:00:00-05:00,60.195814948746744,60.76570487459446,58.7083051511547,59.36512756347656,185400,0.0,0.0
2021-02-03 00:00:00-05:00,59.58728348133324,61.19070192336072,58.31227622307874,61.036155700683594,248900,0.0,0.0
2021-02-04 00:00:00-05:00,61.036157856801424,62.4657113882324,60.87195410145069,62.340145111083984,243700,0.0,0.0
2021-02-05 00:00:00-05:00,62.68787043919929,63.257756619780366,62.04070930789181,63.07423782348633,194300,0.0,0.0
2021-02-08 00:00:00-05:00,63.32536981804865,65.1606093507165,63.30605476520461,64.52310943603516,282300,0.0,0.0
2021-02-09 00:00:00-05:00,64.55226964082482,64.73697741271482,63.58009692761085,63.77452850341797,170500,0.43,0.0
2021-02-10 00:00:00-05:00,64.30922740419804,65.1161325480825,62.65652931728042,64.10507202148438,424800,0.0,0.0
2021-02-11 00:00:00-05:00,64.73698999221727,65.3008520555508,62.77320399344717,63.55094528198242,215800,0.0,0.0
2021-02-12 00:00:00-05:00,63.45372168054009,64.40645438247236,63.113462650239484,64.29951477050781,147300,0.0,0.0
2021-02-16 00:00:00-05:00,65.06752424366874,65.80637763077371,63.65787668423644,63.93980026245117,233800,0.0,0.0
2021-02-17 00:00:00-05:00,63.16206748767223,64.49393946587384,62.73430908569169,62.967628479003906,259000,0.0,0.0
2021-02-18 00:00:00-05:00,62.47183021531254,63.337063469491056,61.83019256591796,61.83019256591797,351000,0.0,0.0
2021-02-19 00:00:00-05:00,62.199613741461675,64.34811839415606,62.199613741461675,64.13423919677734,227800,0.0,0.0
2021-02-22 00:00:00-05:00,64.24118948309884,65.53418126993469,63.95925844120366,64.5328369140625,245000,0.0,0.0
2021-02-23 00:00:00-05:00,64.45507445399768,64.62034208796535,62.549608800036516,64.44535064697266,363800,0.0,0.0
2021-02-24 00:00:00-05:00,64.97030714264879,67.69238641250779,64.5133847600384,67.51739501953125,263000,0.0,0.0
2021-02-25 00:00:00-05:00,67.77016821720304,68.0132114287482,65.17446849800233,65.19390869140625,206800,0.0,0.0
2021-02-26 00:00:00-05:00,65.33000922695156,67.4785176431018,64.96058623291285,66.08831024169922,212200,0.0,0.0
2021-03-01 00:00:00-05:00,67.74100332574078,69.00483097595475,67.3715803192135,67.63406372070312,288000,0.0,0.0
2021-03-02 00:00:00-05:00,67.48823742999656,68.44097008599532,66.90493520373354,67.76044464111328,137000,0.0,0.0
2021-03-03 00:00:00-05:00,68.53818347511398,70.44364130295288,68.41180367928389,68.98538208007812,172900,0.0,0.0
2021-03-04 00:00:00-05:00,68.68401288724264,70.32697994938869,67.84794364833702,69.44230651855469,299600,0.0,0.0
2021-03-05 00:00:00-05:00,70.94918015563262,75.81976095165916,70.47281010339086,75.56700134277344,544000,0.0,0.0
2021-03-08 00:00:00-05:00,75.78086065568404,79.62094735492992,75.60586926917297,77.83214569091797,440300,0.0,0.0
2021-03-09 00:00:00-05:00,77.87103588220465,78.15296687008347,76.12112938042186,77.34606170654297,198800,0.0,0.0
2021-03-10 00:00:00-05:00,78.32796816555948,81.67224522576188,77.8029939235214,81.10838317871094,321200,0.0,0.0
2021-03-11 00:00:00-05:00,80.97226321516774,82.55690200965664,80.0195307275087,81.90554809570312,298500,0.0,0.0
2021-03-12 00:00:00-05:00,82.38192225969766,83.14021586860237,80.77783563165852,82.4499740600586,182300,0.0,0.0
2021-03-15 00:00:00-04:00,82.52774528345782,82.79995247044845,81.05004594675607,82.66384887695312,203400,0.0,0.0
2021-03-16 00:00:00-04:00,82.02221962187458,82.88745279746595,81.1083748407418,82.44025421142578,197000,0.0,0.0
2021-03-17 00:00:00-04:00,82.47913367845683,83.1790992547696,81.77917551923362,82.66384887695312,235500,0.0,0.0
2021-03-18 00:00:00-04:00,82.36248805092384,82.95551410447942,79.73761680967202,80.14593505859375,542100,0.0,0.0
2021-03-19 00:00:00-04:00,79.54317353331366,81.02087283911229,78.4446210039071,79.2320785522461,508500,0.0,0.0
2021-03-22 00:00:00-04:00,78.67795646912872,78.80433628139805,75.8197656470375,77.90021514892578,320700,0.0,0.0
2021-03-23 00:00:00-04:00,76.83081222837893,77.45300220296916,74.75036311013858,75.46005249023438,252700,0.0,0.0
2021-03-24 00:00:00-04:00,76.52944722198188,77.4918962576826,73.8754121028191,74.24484252929688,269700,0.0,0.0
2021-03-25 00:00:00-04:00,73.27266707909254,77.29746190370348,72.66991726904973,77.13218688964844,169300,0.0,0.0
2021-03-26 00:00:00-04:00,77.86132488120228,79.67929089491129,77.22941842272958,79.30986785888672,131800,0.0,0.0
2021-03-29 00:00:00-04:00,79.39735514597177,80.59313101900624,77.30718202803605,77.32662963867188,181900,0.0,0.0
2021-03-30 00:00:00-04:00,77.66689086065143,80.53479789243028,76.9280373943924,79.79595184326172,218800,0.0,0.0
2021-03-31 00:00:00-04:00,79.99037445731675,80.08759025105493,77.95853692495697,78.00714111328125,225200,0.0,0.0
2021-04-01 00:00:00-04:00,78.5126740506623,78.98903662552655,77.13218309664967,78.61961364746094,193700,0.0,0.0
2021-04-05 00:00:00-04:00,79.78622803766751,79.85427984264595,77.77383047091618,79.79595184326172,257400,0.0,0.0
2021-04-06 00:00:00-04:00,78.82376827194814,80.379243186988,78.44462149319122,79.21263885498047,347900,0.0,0.0
2021-04-07 00:00:00-04:00,79.03765825690245,80.19453894261893,77.88077015409552,78.50296020507812,178200,0.0,0.0
2021-04-08 00:00:00-04:00,78.19185799544903,78.93071139451517,76.67527081265673,78.85293579101562,161300,0.0,0.0
2021-04-09 00:00:00-04:00,79.04736582273297,81.31253016459995,79.04736582273297,81.14726257324219,221300,0.0,0.0
2021-04-12 00:00:00-04:00,81.24448107936608,82.95550729426118,81.24448107936608,82.48886108398438,259000,0.0,0.0
2021-04-13 00:00:00-04:00,82.45969791411528,82.66385331531971,80.37924868231023,81.3416976928711,252900,0.0,0.0
2021-04-14 00:00:00-04:00,81.60417992857276,84.85123323081989,81.60417992857276,83.6165771484375,390300,0.0,0.0
2021-04-15 00:00:00-04:00,83.7721301029353,84.88040652415161,82.20693126967382,84.09294891357422,234300,0.0,0.0
2021-04-16 00:00:00-04:00,84.57903289794923,85.24011069314552,84.02489470323246,84.57903289794922,367000,0.0,0.0
2021-04-19 00:00:00-04:00,84.2971011294315,84.37487673217815,82.55691095769612,84.06378173828125,237500,0.0,0.0
2021-04-20 00:00:00-04:00,84.47210076249048,85.0262390061779,81.78890154285597,82.75135803222656,328900,0.0,0.0
2021-04-21 00:00:00-04:00,82.67358061608661,85.21095236520353,82.54720081487993,84.86096954345703,196300,0.0,0.0
2021-04-22 00:00:00-04:00,84.99706412878082,85.10400372502491,82.8388394294392,83.07215881347656,201600,0.0,0.0
2021-04-23 00:00:00-04:00,83.94711748579746,86.39699702793075,82.69301371826798,86.13450622558594,195600,0.0,0.0
2021-04-26 00:00:00-04:00,86.89281149056916,88.04969961981416,85.3859479396027,86.12479400634766,247900,0.0,0.0
2021-04-27 00:00:00-04:00,85.88175362095883,87.0094777871184,85.67759819441426,85.98869323730469,246700,0.0,0.0
2021-04-28 00:00:00-04:00,85.72620386354376,87.68027340652762,84.19989275628123,86.28034210205078,262600,0.0,0.0
2021-04-29 00:00:00-04:00,88.0205394106736,88.58440149938998,85.74565086041038,86.3192367553711,302300,0.0,0.0
2021-04-30 00:00:00-04:00,86.45533204265516,86.96085866227843,84.82208135427884,85.24983978271484,316000,0.0,0.0
2021-05-03 00:00:00-04:00,86.26090530422238,88.88576918636501,86.26090530422238,87.76776885986328,305200,0.0,0.0
2021-05-04 00:00:00-04:00,87.58304530627416,88.91492473241581,86.29006109985687,87.99136352539062,394700,0.0,0.0
2021-05-05 00:00:00-04:00,88.64272073111584,89.32323875906044,87.22334926062412,88.0205307006836,240800,0.0,0.0
2021-05-06 00:00:00-04:00,88.45800308067544,89.88709831710176,86.99002745837156,89.79960632324219,231400,0.0,0.0
2021-05-07 00:00:00-04:00,89.32324096127373,89.91626700757054,88.53578330708207,89.5662841796875,172500,0.0,0.0
2021-05-10 00:00:00-04:00,89.63433799932561,90.849554118715,89.1676991630508,89.28435516357422,258200,0.0,0.0
2021-05-11 00:00:00-04:00,87.49555606103448,88.46772890615708,85.27900316088937,86.93169403076172,186300,0.0,0.0
2021-05-12 00:00:00-04:00,86.49421862896956,86.68865022983552,83.81101951789671,84.19989013671875,197400,0.0,0.0
2021-05-13 00:00:00-04:00,84.74429844693334,87.12612617992468,84.74429844693334,86.33866119384766,185000,0.0,0.0
2021-05-14 00:00:00-04:00,87.47611222754854,89.79960463733794,86.873362418502,89.50794982910156,194400,0.0,0.0
2021-05-17 00:00:00-04:00,89.36212128794259,89.97459489402786,88.23440470576344,89.93570709228516,154800,0.0,0.0
2021-05-18 00:00:00-04:00,89.79961210110147,90.26625093255684,87.48583588674278,87.49555969238281,193700,0.0,0.0
2021-05-19 00:00:00-04:00,85.49287517836899,85.49287517836899,80.41813216719096,82.66384887695312,447000,0.0,0.0
2021-05-20 00:00:00-04:00,82.99439588003604,83.60686208328447,82.01249926017972,82.4499740600586,248600,0.0,0.0
2021-05-21 00:00:00-04:00,83.77902067680269,84.55103585540822,83.30994089620307,83.84742736816406,229400,0.44,0.0
2021-05-24 00:00:00-04:00,84.49241529941669,84.53150590782384,83.41744966341942,83.47608184814453,140600,0.0,0.0
2021-05-25 00:00:00-04:00,83.60312504362113,84.19924375179994,81.83431049466738,82.01998901367188,301500,0.0,0.0
2021-05-26 00:00:00-04:00,82.87019309041906,83.30994937165609,81.95158246516642,83.27085876464844,314300,0.0,0.0
2021-05-27 00:00:00-04:00,84.46309069809088,85.4696495319159,83.57379622190265,83.71061706542969,216600,0.0,0.0
2021-05-28 00:00:00-04:00,84.31651186609757,84.31651186609757,82.57702078682513,83.6422119140625,161800,0.0,0.0
2021-06-01 00:00:00-04:00,84.8051293222775,85.19602793495831,83.55425972631565,84.98103332519531,182800,0.0,0.0
2021-06-02 00:00:00-04:00,85.20579863146544,85.53805759110033,81.4824986458882,81.70726776123047,317700,0.0,0.0
2021-06-03 00:00:00-04:00,81.29682961849615,81.68772076763192,80.26094719712825,81.17955780029297,179600,0.0,0.0
2021-06-04 00:00:00-04:00,81.05251775972602,81.05251775972602,78.29669344553412,79.19575500488281,479100,0.0,0.0
2021-06-07 00:00:00-04:00,79.15667177917055,79.24462005793272,77.18264447953804,77.66149139404297,466000,0.0,0.0
2021-06-08 00:00:00-04:00,77.78851949601727,79.4889197515885,77.55398332940028,78.82440185546875,320600,0.0,0.0
2021-06-09 00:00:00-04:00,78.60940818806795,78.60940818806795,76.88945888250208,77.22171783447266,330800,0.0,0.0
2021-06-10 00:00:00-04:00,78.13055934172445,78.41396065010014,77.08490983774497,77.46603393554688,338800,0.0,0.0
2021-06-11 00:00:00-04:00,77.69080359973381,78.90258259971127,77.69080359973381,78.31623840332031,172700,0.0,0.0
2021-06-14 00:00:00-04:00,78.31623929473719,78.89281643772026,75.83404162785044,76.14675903320312,205800,0.0,0.0
2021-06-15 00:00:00-04:00,76.33243761996441,77.02627913068332,74.95452165861667,76.7721939086914,260500,0.0,0.0
2021-06-16 00:00:00-04:00,76.47902904008225,76.4985706169291,74.88611839140772,76.2347183227539,196500,0.0,0.0
2021-06-17 00:00:00-04:00,76.49856519428585,76.49856519428585,71.55371901192508,72.74595642089844,327400,0.0,0.0
2021-06-18 00:00:00-04:00,71.52441008499693,71.89575970213075,70.70352217373846,70.92829132080078,346300,0.0,0.0
2021-06-21 00:00:00-04:00,71.96415414513235,73.63523832116405,71.96415414513235,72.72640228271484,200200,0.0,0.0
2021-06-22 00:00:00-04:00,72.71663791861246,73.22480087724443,71.21168316175955,72.70686340332031,240600,0.0,0.0
2021-06-23 00:00:00-04:00,72.98050067030758,73.34208323035845,71.75894703526345,72.62869262695312,159800,0.0,0.0
2021-06-24 00:00:00-04:00,73.04890224241929,73.3420780765368,71.93484600200662,72.32574462890625,340800,0.0,0.0
2021-06-25 00:00:00-04:00,73.16616523792841,74.19226562197318,72.87298943918975,73.24433898925781,765800,0.0,0.0
2021-06-28 00:00:00-04:00,73.29321069179579,73.43979860433357,72.08143169597396,72.57005310058594,310100,0.0,0.0
2021-06-29 00:00:00-04:00,72.8632162327505,73.45933489999196,72.52118276526042,72.60913848876953,170000,0.0,0.0
2021-06-30 00:00:00-04:00,72.74595611729177,73.90886997456292,72.48209638715024,73.77205657958984,300100,0.0,0.0
2021-07-01 00:00:00-04:00,74.57340608157722,76.41062757347511,74.12387522558167,76.19563293457031,263700,0.0,0.0
2021-07-02 00:00:00-04:00,75.91222284313137,76.92855627447035,75.70700274484722,76.14675903320312,247100,0.0,0.0
2021-07-06 00:00:00-04:00,76.07835472666602,76.07835472666602,73.36162078425814,73.96751403808594,171100,0.0,0.0
2021-07-07 00:00:00-04:00,73.36161941710897,75.11088498864257,73.1857154083578,74.60271453857422,197100,0.0,0.0
2021-07-08 00:00:00-04:00,72.82413225338905,75.56041515377316,71.44622374307333,73.81114959716797,396600,0.0,0.0
2021-07-09 00:00:00-04:00,75.56042228597946,77.08491885553042,75.1890726604091,76.83084106445312,202000,0.0,0.0
2021-07-12 00:00:00-04:00,75.81449712982098,78.31623627621867,75.81449712982098,78.21851348876953,354800,0.0,0.0
2021-07-13 00:00:00-04:00,77.69081028529577,78.03284380797608,76.49857275843443,76.95787811279297,171900,0.0,0.0
2021-07-14 00:00:00-04:00,77.24127845659339,78.83418167365303,77.07514895567589,77.19241333007812,182000,0.0,0.0
2021-07-15 00:00:00-04:00,77.52468078224699,79.77233497112591,76.86992983086301,76.95787811279297,526500,0.0,0.0
2021-07-16 00:00:00-04:00,77.81784071342312,78.17942322993909,75.81449746661842,75.82426452636719,270300,0.0,0.0
2021-07-19 00:00:00-04:00,75.1792870981226,75.59950179026937,73.1661693642789,74.18250274658203,381000,0.0,0.0
2021-07-20 00:00:00-04:00,74.70044363316305,78.65827258528431,74.70044363316305,78.14033508300781,435200,0.0,0.0
2021-07-21 00:00:00-04:00,79.70391862926668,82.72360269185721,79.68437705423564,80.67139434814453,298200,0.0,0.0
2021-07-22 00:00:00-04:00,81.01343145044673,81.52159443744465,79.41075381852193,80.07527923583984,297900,0.0,0.0
2021-07-23 00:00:00-04:00,80.60298659965648,80.76911608044915,79.35210959664828,79.59642028808594,283700,0.0,0.0
2021-07-26 00:00:00-04:00,78.47260581874511,79.37166747406135,77.80808036573497,78.67782592773438,298800,0.0,0.0
2021-07-27 00:00:00-04:00,78.7071330377447,79.26416111450196,77.66148357941896,79.02962493896484,294700,0.0,0.0
2021-07-28 00:00:00-04:00,79.69416227469388,80.62254005667417,76.81129121738614,79.22508239746094,426900,0.0,0.0
2021-07-29 00:00:00-04:00,81.26751339474991,86.26121715544632,80.52480679222134,85.10807037353516,471700,0.0,0.0
2021-07-30 00:00:00-04:00,84.56081743940176,86.94529223323262,84.12106116613923,86.58370971679688,409500,0.0,0.0
2021-08-02 00:00:00-04:00,87.77595393831248,89.86725307538676,87.46323651937908,87.78572845458984,410600,0.0,0.0
2021-08-03 00:00:00-04:00,88.40139061567915,88.95841876273805,86.99415847331076,87.94208526611328,372700,0.0,0.0
2021-08-04 00:00:00-04:00,86.63258146062425,87.17006056283215,83.83766627067486,83.97447967529297,444800,0.0,0.0
2021-08-05 00:00:00-04:00,84.69763045555015,86.40780533069307,84.0721956691024,85.73351287841797,276700,0.0,0.0
2021-08-06 00:00:00-04:00,86.92573880372643,87.74662658292232,85.39146799904466,85.76282501220703,278600,0.0,0.0
2021-08-09 00:00:00-04:00,85.54672157788002,85.93963489288727,82.72758409316415,85.28150939941406,300400,0.45,0.0
2021-08-10 00:00:00-04:00,84.75108043990737,87.61933499718545,84.34834971157781,87.42288208007812,203300,0.0,0.0
2021-08-11 00:00:00-04:00,87.31483458772482,88.60161848832475,86.56829998015446,88.35604858398438,330900,0.0,0.0
2021-08-12 00:00:00-04:00,88.405157230049,88.89629699243817,87.55057134558056,88.39533233642578,361300,0.0,0.0
2021-08-13 00:00:00-04:00,87.81579087446538,88.76860321105784,87.6880897401604,88.09082794189453,404300,0.0,0.0
2021-08-16 00:00:00-04:00,87.38358717684035,89.32850396788878,86.31290607303256,88.83736419677734,422700,0.0,0.0
2021-08-17 00:00:00-04:00,87.58005575974494,87.68809962481592,83.29731595620916,84.63321685791016,348200,0.0,0.0
2021-08-18 00:00:00-04:00,83.8277350956609,85.82176892238515,83.8277350956609,84.0831298828125,328500,0.0,0.0
2021-08-19 00:00:00-04:00,82.90439608576943,83.88667564248661,82.00070069219721,83.42500305175781,322800,0.0,0.0
2021-08-20 00:00:00-04:00,83.15978822316345,83.88667297363281,82.59988169921773,83.88667297363281,189500,0.0,0.0
2021-08-23 00:00:00-04:00,84.48586221390445,84.97700196576778,82.12838990612093,84.09294891357422,255300,0.0,0.0
2021-08-24 00:00:00-04:00,84.81000914680304,86.81386024297726,84.74124988099206,85.43867492675781,275100,0.0,0.0
2021-08-25 00:00:00-04:00,85.80210660747683,86.94155434210798,85.3797261533218,86.1360855102539,275800,0.0,0.0
2021-08-26 00:00:00-04:00,85.94946321004592,86.41113581150307,84.93771644218799,85.30115509033203,277400,0.0,0.0
2021-08-27 00:00:00-04:00,85.31097076408435,88.68018965754055,85.31097076408435,88.02206420898438,298900,0.0,0.0
2021-08-30 00:00:00-04:00,88.32657260310674,88.60160966952083,86.95137977683831,87.26570892333984,262000,0.0,0.0
2021-08-31 00:00:00-04:00,87.09872100189696,88.47391379340266,87.03978663035457,88.33639526367188,442800,0.0,0.0
2021-09-01 00:00:00-04:00,88.87665634025619,89.66247547806805,87.44252161270816,88.10065460205078,597900,0.0,0.0
2021-09-02 00:00:00-04:00,88.29710969898717,88.98470239837053,87.12819461583712,87.2460708618164,278500,0.0,0.0
2021-09-03 00:00:00-04:00,87.0201407286107,87.0201407286107,84.96718009012227,86.23432159423828,308700,0.0,0.0
2021-09-07 00:00:00-04:00,86.23432411830828,87.05943535767996,84.72161268526182,84.94754028320312,407400,0.0,0.0
2021-09-08 00:00:00-04:00,84.44657185810078,86.18520331773729,83.76879658855192,86.0968017578125,308200,0.0,0.0
2021-09-09 00:00:00-04:00,85.87087766472231,88.45427771368092,85.87087766472231,87.89437866210938,267800,0.0,0.0
2021-09-10 00:00:00-04:00,88.40515540680582,88.98469671725766,87.70773785790031,87.86489868164062,297800,0.0,0.0
2021-09-13 00:00:00-04:00,88.98470563882917,89.06328980567709,86.94156976017383,88.2185287475586,194800,0.0,0.0
2021-09-14 00:00:00-04:00,88.38551046807679,89.12222007441122,87.481807655383,88.32656860351562,333300,0.0,0.0
2021-09-15 00:00:00-04:00,88.6409006553963,90.33042260731024,88.07118423665617,90.16343688964844,660100,0.0,0.0
2021-09-16 00:00:00-04:00,91.16535946315226,93.99432926493978,91.13589227674997,93.15938568115234,581500,0.0,0.0
2021-09-17 00:00:00-04:00,93.42460819297266,96.36162193630021,93.41478329913997,94.99625396728516,838400,0.0,0.0
2021-09-20 00:00:00-04:00,92.55038138221421,93.52283604865838,90.70369101233031,93.1397476196289,313500,0.0,0.0
2021-09-21 00:00:00-04:00,95.16323530517819,95.85083545200824,93.11027474646359,94.71138763427734,353800,0.0,0.0
2021-09-22 00:00:00-04:00,96.26340123929474,99.41651787038003,96.17499967210665,98.75839233398438,601300,0.0,0.0
2021-09-23 00:00:00-04:00,99.64244083197815,104.4850793561034,99.64244083197815,102.46157836914062,823500,0.0,0.0
2021-09-24 00:00:00-04:00,102.49104845297961,105.6245227318987,101.96062407119128,105.1235580444336,481700,0.0,0.0
2021-09-27 00:00:00-04:00,105.94866843875576,107.500671861561,104.13145284597142,104.42613220214844,642400,0.0,0.0
2021-09-28 00:00:00-04:00,104.29844994540103,105.21197028821324,101.72487465310675,102.97237396240234,362300,0.0,0.0
2021-09-29 00:00:00-04:00,103.66978872766377,106.75414603774557,102.84466997587836,106.46928405761719,417300,0.0,0.0
2021-09-30 00:00:00-04:00,104.18055920720879,104.8288672609533,98.70926280565847,98.81731414794922,524300,0.0,0.0
2021-10-01 00:00:00-04:00,99.11200675399725,101.12567530775661,96.49913958910406,100.28091430664062,515100,0.0,0.0
2021-10-04 00:00:00-04:00,99.74066926775326,101.42036644713814,99.10218604309624,100.26127624511719,325700,0.0,0.0
2021-10-05 00:00:00-04:00,100.92922239809164,101.15514998898466,98.8467870823316,100.28091430664062,451900,0.0,0.0
2021-10-06 00:00:00-04:00,99.25935270003428,100.33003382499196,98.49316834683906,99.51473999023438,304700,0.0,0.0
2021-10-07 00:00:00-04:00,101.34177575344826,102.54015796069584,100.78187672972415,101.35160064697266,294800,0.0,0.0
2021-10-08 00:00:00-04:00,101.32213356114387,103.68942329741496,101.00780441583242,102.39281463623047,187100,0.0,0.0
2021-10-11 00:00:00-04:00,102.13742409018947,103.45367500213281,100.60506299839854,100.68364715576172,265200,0.0,0.0
2021-10-12 00:00:00-04:00,101.2337303483775,101.55788440592508,99.62279244893904,100.60507202148438,203900,0.0,0.0
2021-10-13 00:00:00-04:00,100.605066481908,100.65418345551012,98.83696784520156,99.22987365722656,174600,0.0,0.0
2021-10-14 00:00:00-04:00,100.17287301818922,100.28091687533382,98.91554888385348,100.03534698486328,178200,0.0,0.0
2021-10-15 00:00:00-04:00,101.4007140001417,103.04111893284782,101.38106421379443,101.54804992675781,252000,0.0,0.0
2021-10-18 00:00:00-04:00,101.54805535088192,103.28669431979733,101.4792960833891,103.13935089111328,209500,0.0,0.0
2021-10-19 00:00:00-04:00,103.52244142332034,104.3966696253818,100.77205567904272,101.2435531616211,277600,0.0,0.0
2021-10-20 00:00:00-04:00,101.92132814932584,104.90745887895817,101.33196191849538,101.89186096191406,328900,0.0,0.0
2021-10-21 00:00:00-04:00,103.13935154436788,108.43383765744291,101.9704364953883,108.3454360961914,402500,0.0,0.0
2021-10-22 00:00:00-04:00,108.56153825603312,111.46909247125275,108.56153825603312,109.9465560913086,533900,0.0,0.0
2021-10-25 00:00:00-04:00,110.42786382170634,112.20579488087056,110.02513310826126,111.5967788696289,352000,0.0,0.0
2021-10-26 00:00:00-04:00,111.89146549023505,112.31383849608576,108.1882674445096,108.77763366699219,458400,0.0,0.0
2021-10-27 00:00:00-04:00,109.43577613207331,111.01723942663153,101.03728237797127,101.58735656738281,502200,0.0,0.0
2021-10-28 00:00:00-04:00,103.0804250896641,104.57348680547292,102.47140903108225,103.92518615722656,324400,0.0,0.0
2021-10-29 00:00:00-04:00,103.50280305828075,105.98796922099825,103.50280305828075,104.1707534790039,389700,0.0,0.0
2021-11-01 00:00:00-04:00,105.5164683913414,108.18826998993521,105.31019058332916,106.23353576660156,404900,0.0,0.0
2021-11-02 00:00:00-04:00,105.57540833438327,107.21581336878356,104.86816586599082,105.39859771728516,262000,0.0,0.0
2021-11-03 00:00:00-04:00,105.23160718435945,108.64011847669619,105.23160718435945,107.75606536865234,213700,0.0,0.0
2021-11-04 00:00:00-04:00,108.05075275016475,109.02320742654068,106.62645037068283,108.66958618164062,383900,0.0,0.0
2021-11-05 00:00:00-04:00,109.38666017289822,111.99952009115498,108.92498754782532,109.87779998779297,276300,0.0,0.0
2021-11-08 00:00:00-05:00,110.72255559107415,111.79323673735857,108.3749079915603,109.02320861816406,268600,0.0,0.0
2021-11-09 00:00:00-05:00,109.44733937357913,110.32520586641296,109.26979291854605,109.39802551269531,187900,0.46,0.0
2021-11-10 00:00:00-05:00,109.19088344572677,110.69016631769368,107.95792402323488,109.23033905029297,216200,0.0,0.0
2021-11-11 00:00:00-05:00,109.44733694002117,110.6408407124444,108.73715113567982,109.49665832519531,142600,0.0,0.0
2021-11-12 00:00:00-05:00,109.61501660786674,111.0649780242565,108.61879085985187,110.6309814453125,224200,0.0,0.0
2021-11-15 00:00:00-05:00,110.99593881311566,111.36089751449138,109.64462009054239,109.9701156616211,163200,0.0,0.0
2021-11-16 00:00:00-05:00,110.21671382902663,110.86772005905632,109.63476055556457,110.05889892578125,218400,0.0,0.0
2021-11-17 00:00:00-05:00,104.1012314934537,105.56105124430988,96.33851621328434,97.0881576538086,996700,0.0,0.0
2021-11-18 00:00:00-05:00,98.13370416380918,98.99184663026784,95.92424298770463,98.14356994628906,559600,0.0,0.0
2021-11-19 00:00:00-05:00,97.24597812740339,97.75889349391363,94.55319879208115,94.56306457519531,624800,0.0,0.0
2021-11-22 00:00:00-05:00,96.16096936586852,100.8264911411601,95.76642084479776,99.93875885009766,749800,0.0,0.0
2021-11-23 00:00:00-05:00,99.93875700018013,102.31590633972357,99.33707220989682,101.60572052001953,321300,0.0,0.0
2021-11-24 00:00:00-05:00,100.27413058264908,101.50709004274232,100.05712851361069,101.408447265625,156700,0.0,0.0
2021-11-26 00:00:00-05:00,96.6640154196911,101.40844070716643,96.6640154196911,100.64894104003906,209400,0.0,0.0
2021-11-29 00:00:00-05:00,102.07917316352003,102.31590678805001,100.0867140720749,100.40235137939453,259900,0.0,0.0
2021-11-30 00:00:00-05:00,99.64284857970854,101.28022235759293,97.38407346744128,98.2619400024414,539900,0.0,0.0
2021-12-01 00:00:00-05:00,100.55031446032316,101.88190920078685,98.09425374471265,98.2422103881836,403600,0.0,0.0
2021-12-02 00:00:00-05:00,98.18302855212389,103.48968335506036,97.67997898569226,102.90773010253906,317700,0.0,0.0
2021-12-03 00:00:00-05:00,102.77949578025888,103.30227690349314,100.2050758707137,101.20130920410156,291500,0.0,0.0
2021-12-06 00:00:00-05:00,102.2961715236229,104.30836210703191,100.61934980014209,102.23699188232422,369600,0.0,0.0
2021-12-07 00:00:00-05:00,103.84477125967067,103.89409264580557,101.73394536975265,102.20740509033203,245400,0.0,0.0
2021-12-08 00:00:00-05:00,102.23699513189268,103.88422708708087,100.77716788856914,101.60572052001953,252800,0.0,0.0
2021-12-09 00:00:00-05:00,101.69448675246393,104.22945090170919,101.32953559727312,102.23699188232422,274100,0.0,0.0
2021-12-10 00:00:00-05:00,102.50331742378576,104.37741733664586,101.11254304489592,104.23932647705078,238100,0.0,0.0
2021-12-13 00:00:00-05:00,104.10122442002466,104.10122442002466,98.30138636471594,98.57756805419922,270700,0.0,0.0
2021-12-14 00:00:00-05:00,98.89321940078584,102.1876836298214,98.31125859347623,99.71189880371094,444300,0.0,0.0
2021-12-15 00:00:00-05:00,100.10643192157525,100.78702788058861,97.98574036662436,100.68839263916016,389300,0.0,0.0
2021-12-16 00:00:00-05:00,102.51318080378444,103.22336665099076,99.53435408398819,99.5442123413086,359100,0.0,0.0
2021-12-17 00:00:00-05:00,98.63675106148176,101.08294579897674,98.20274694868743,100.34317016601562,712100,0.0,0.0
2021-12-20 00:00:00-05:00,99.5540688827366,99.5540688827366,95.02663828975653,96.48646545410156,476900,0.0,0.0
2021-12-21 00:00:00-05:00,97.17692817934311,99.71189249394494,97.14733835676361,99.10034942626953,739000,0.0,0.0
2021-12-22 00:00:00-05:00,99.93875765094792,101.20130688291553,99.61325456056616,100.55030822753906,251700,0.0,0.0
2021-12-23 00:00:00-05:00,101.10267173463208,101.79312599486012,99.9091679274453,101.4478988647461,178600,0.0,0.0
2021-12-27 00:00:00-05:00,101.5958495340405,103.97299875182837,100.65880344655106,103.75599670410156,150200,0.0,0.0
2021-12-28 00:00:00-05:00,103.58830948791167,104.53522889150425,103.38117322005913,103.74613189697266,107000,0.0,0.0
2021-12-29 00:00:00-05:00,103.56859660247738,104.63387540219587,103.27268331631532,104.16041564941406,132100,0.0,0.0
2021-12-30 00:00:00-05:00,104.52536373343676,105.42295423282161,104.21959222078948,104.5648193359375,131300,0.0,0.0
2021-12-31 00:00:00-05:00,104.41686327862347,106.57701049367843,104.2393168290931,105.7583236694336,111700,0.0,0.0
2022-01-03 00:00:00-05:00,106.52769227949807,107.32664756347047,102.68085744210546,103.47982025146484,231300,0.0,0.0
2022-01-04 00:00:00-05:00,104.62400548083676,107.94806682563977,104.3182339491815,106.07396697998047,288500,0.0,0.0
2022-01-05 00:00:00-05:00,106.19232533436796,107.65214497440404,104.35768123983044,104.73249816894531,227300,0.0,0.0
2022-01-06 00:00:00-05:00,106.19233424397638,106.52769559941832,103.56859294387891,105.6202392578125,234300,0.0,0.0
2022-01-07 00:00:00-05:00,105.56104748983421,106.932105250542,104.65359118775173,105.59064483642578,201400,0.0,0.0
2022-01-10 00:00:00-05:00,105.18623627253932,105.55119497983695,103.08527607336259,105.38350677490234,351300,0.0,0.0
2022-01-11 00:00:00-05:00,105.47227905632192,105.47227905632192,103.4798199800825,104.4563217163086,213400,0.0,0.0
2022-01-12 00:00:00-05:00,104.99882149961549,105.85696396754771,102.0495846655852,102.5625,256600,0.0,0.0
2022-01-13 00:00:00-05:00,102.85840977244128,105.64983182271823,102.74990873689077,104.17028045654297,164000,0.0,0.0
2022-01-14 00:00:00-05:00,103.09513541555525,104.0815029885243,100.18535408545148,102.97677612304688,283400,0.0,0.0
2022-01-18 00:00:00-05:00,102.92744993201191,104.1801409054534,100.91525927399027,102.0495834350586,240300,0.0,0.0
2022-01-19 00:00:00-05:00,101.89176884887658,102.29617562293453,99.47516388538813,99.57379913330078,241800,0.0,0.0
2022-01-20 00:00:00-05:00,99.60339850946956,101.59585764928518,96.9007460042098,97.1572036743164,266400,0.0,0.0
2022-01-21 00:00:00-05:00,96.26946879741037,99.18911576419347,95.68751557067739,97.48270416259766,302500,0.0,0.0
2022-01-24 00:00:00-05:00,95.98341964065416,101.07307958591656,94.78005007877181,100.7968978881836,382900,0.0,0.0
2022-01-25 00:00:00-05:00,99.66257391113729,102.12849268113162,97.82792974423056,100.57003021240234,271600,0.0,0.0
2022-01-26 00:00:00-05:00,102.23700378222756,102.23700378222756,98.21262214699055,98.67621612548828,350200,0.0,0.0
2022-01-27 00:00:00-05:00,99.81054204073347,101.46763994608521,97.8279410141512,97.98575592041016,423300,0.0,0.0
2022-01-28 00:00:00-05:00,98.0153458256523,99.0806170568042,96.88102164185905,98.88334655761719,311600,0.0,0.0
2022-01-31 00:00:00-05:00,98.30139200438036,100.41221792411638,98.30139200438036,100.2445297241211,353900,0.0,0.0
2022-02-01 00:00:00-05:00,100.25439562977813,102.38495311702007,99.37652912588318,102.26658630371094,267500,0.0,0.0
2022-02-02 00:00:00-05:00,102.26658593511743,102.69072427454594,99.13980266732815,101.59585571289062,400900,0.0,0.0
2022-02-03 00:00:00-05:00,101.38871918978117,102.58222299659901,98.86362072414259,99.42584991455078,320400,0.0,0.0
2022-02-04 00:00:00-05:00,98.63675714728961,99.21871040227269,96.03274736063216,98.03507232666016,332400,0.0,0.0
2022-02-07 00:00:00-05:00,98.7255260475298,100.62921575051602,97.65038901300684,99.6132583618164,382600,0.0,0.0
2022-02-08 00:00:00-05:00,98.79457379908918,102.76963367583019,98.79457379908918,101.38871765136719,347900,0.0,0.0
2022-02-09 00:00:00-05:00,104.1235990156227,105.0154090304791,101.47790227151066,101.81480407714844,506900,0.47,0.0
2022-02-10 00:00:00-05:00,100.44737163099441,101.01218340592052,96.48377810591161,96.93959045410156,442200,0.0,0.0
2022-02-11 00:00:00-05:00,97.22695503299737,98.00976568668622,94.83888622820487,95.47306060791016,467000,0.0,0.0
2022-02-14 00:00:00-05:00,95.7207826607852,97.15758985773657,94.77943221722946,95.66133117675781,401200,0.0,0.0
2022-02-15 00:00:00-05:00,97.4845752870367,99.72400763658955,96.81076411814269,99.56546783447266,419100,0.0,0.0
2022-02-16 00:00:00-05:00,99.12947257291847,101.91389453778625,99.12947257291847,101.7751693725586,268800,0.0,0.0
2022-02-17 00:00:00-05:00,101.63644555044803,102.19134621869158,98.55475101367982,98.93128967285156,284700,0.0,0.0
2022-02-18 00:00:00-05:00,98.79256318815376,101.5571705119166,98.73311170590763,99.23847198486328,273700,0.0,0.0
2022-02-22 00:00:00-05:00,98.05930212499315,98.5745735127385,92.51027274591445,92.86699676513672,481600,0.0,0.0
2022-02-23 00:00:00-05:00,93.16426069235231,94.39298010470942,90.86537679433081,91.05364990234375,587700,0.0,0.0
2022-02-24 00:00:00-05:00,88.77458395796126,94.99743225546835,87.77378201790954,94.51188659667969,588600,0.0,0.0
2022-02-25 00:00:00-05:00,93.689441298485,98.04938795710862,93.17416992685932,97.57376098632812,309600,0.0,0.0
2022-02-28 00:00:00-05:00,95.66132886582427,97.78185075772842,95.58205518239964,97.39540100097656,381400,0.0,0.0
2022-03-01 00:00:00-05:00,97.34585287187438,97.85121315279252,93.66962085960705,94.719970703125,312300,0.0,0.0
2022-03-02 00:00:00-05:00,96.0180553260525,102.37962116374051,95.85950795516638,102.28053283691406,405000,0.0,0.0
2022-03-03 00:00:00-05:00,102.50843202762726,102.55797996946872,98.52502395809165,99.23847198486328,295700,0.0,0.0
2022-03-04 00:00:00-05:00,97.87102715952032,100.14018529879658,96.79095158176176,97.12785339355469,465900,0.0,0.0
2022-03-07 00:00:00-05:00,96.87022366267391,99.04028588264033,95.21541769225557,95.32441711425781,429900,0.0,0.0
2022-03-08 00:00:00-05:00,96.14687239990701,101.55717686123627,95.35415820056515,98.84211730957031,382200,0.0,0.0
2022-03-09 00:00:00-05:00,101.30944686145448,101.30944686145448,98.27730027953059,99.07992553710938,459800,0.0,0.0
2022-03-10 00:00:00-05:00,97.98002791099638,100.0113725894765,97.15758801108208,99.92218780517578,251100,0.0,0.0
2022-03-11 00:00:00-05:00,101.14099478937065,101.14099478937065,99.28801214399348,100.2293701171875,297900,0.0,0.0
2022-03-14 00:00:00-04:00,100.71491074921033,101.35899620827037,98.91147599981501,100.04109954833984,229500,0.0,0.0
2022-03-15 00:00:00-04:00,100.07082165045507,101.2698077395806,98.84210982060026,100.24918365478516,297800,0.0,0.0
2022-03-16 00:00:00-04:00,101.24999929185837,105.03523089531004,101.24999929185837,104.36141967773438,303400,0.0,0.0
2022-03-17 00:00:00-04:00,102.99398278976945,104.06414732321308,101.49772407918199,103.93533325195312,188300,0.0,0.0
2022-03-18 00:00:00-04:00,102.75616151363562,103.7668821197115,100.10055348741086,103.65788269042969,393200,0.0,0.0
2022-03-21 00:00:00-04:00,103.9650537244449,104.68841285089492,102.22107806059395,102.90479278564453,242400,0.0,0.0
2022-03-22 00:00:00-04:00,103.45970268554477,104.31186833060507,102.34989378693228,103.57860565185547,168300,0.0,0.0
2022-03-23 00:00:00-04:00,103.1921522479935,103.1921522479935,100.62572918300623,100.6851806640625,155200,0.0,0.0
2022-03-24 00:00:00-04:00,101.39863720342889,102.14181101894516,100.7842774610183,101.0914535522461,140500,0.0,0.0
2022-03-25 00:00:00-04:00,101.68599005804307,101.88416670144869,100.49690751774624,101.24999237060547,286900,0.0,0.0
2022-03-28 00:00:00-04:00,101.40853638374963,102.04271830087801,97.33595100500632,98.49530029296875,355400,0.0,0.0
2022-03-29 00:00:00-04:00,99.25828933560939,103.23179397322625,99.25828933560939,102.42916870117188,216800,0.0,0.0
2022-03-30 00:00:00-04:00,101.80489854085685,102.44898400678463,99.16911275284573,99.3177490234375,265000,0.0,0.0
2022-03-31 00:00:00-04:00,98.7727501634377,99.08983734052921,92.60936107126405,92.86699676513672,662500,0.0,0.0
2022-04-01 00:00:00-04:00,93.30299654028153,94.90824710246946,92.33191278640277,93.39217376708984,468400,0.0,0.0
2022-04-04 00:00:00-04:00,93.81825302317311,95.06678702027479,92.29226870670533,92.53999328613281,361000,0.0,0.0
2022-04-05 00:00:00-04:00,91.94546376565575,93.134538825844,91.1725642205379,91.68782806396484,400800,0.0,0.0
2022-04-06 00:00:00-04:00,91.09329325018201,93.90744117118825,90.92484233095736,92.34182739257812,538000,0.0,0.0
2022-04-07 00:00:00-04:00,91.11309999816879,92.41118197372863,89.40876119140056,91.36082458496094,350100,0.0,0.0
2022-04-08 00:00:00-04:00,91.84637338342525,95.02715628025712,90.68701653171921,93.13453674316406,339500,0.0,0.0
2022-04-11 00:00:00-04:00,92.96608336188531,97.10803878810256,92.53999676684546,94.0263442993164,281500,0.0,0.0
2022-04-12 00:00:00-04:00,94.7100685748378,97.90076255455658,92.84717478993363,93.14444732666016,396400,0.0,0.0
2022-04-13 00:00:00-04:00,92.75800134813228,94.68034669480501,91.9851017930653,94.48216247558594,358500,0.0,0.0
2022-04-14 00:00:00-04:00,94.99743055841847,96.90986473716058,94.59115859321483,95.6712417602539,285800,0.0,0.0
2022-04-18 00:00:00-04:00,94.78933795330744,97.51430836301323,94.78933795330744,96.32522583007812,340000,0.0,0.0
2022-04-19 00:00:00-04:00,96.66214000335371,100.77436223283121,96.66214000335371,100.04109954833984,329400,0.0,0.0
2022-04-20 00:00:00-04:00,101.24008724432245,103.96505783169113,100.01137535080538,100.57618713378906,356100,0.0,0.0
2022-04-21 00:00:00-04:00,101.19053732431139,101.82471163281066,96.29549729312573,96.80085754394531,338500,0.0,0.0
2022-04-22 00:00:00-04:00,95.46314608698664,99.58528696734865,94.68034302129693,95.9585952758789,426100,0.0,0.0
2022-04-25 00:00:00-04:00,94.9776037139316,99.77355557722538,94.71006449037932,99.56546783447266,296100,0.0,0.0
2022-04-26 00:00:00-04:00,98.45566547860918,100.27891490304962,98.0394899656332,98.31694030761719,452000,0.0,0.0
2022-04-27 00:00:00-04:00,98.50520553629624,100.57617939455889,95.03706141924249,98.03948211669922,425200,0.0,0.0
2022-04-28 00:00:00-04:00,100.57618619890172,106.63057594335612,100.1104627477968,105.94685363769531,455900,0.0,0.0
2022-04-29 00:00:00-04:00,105.1343155003434,106.90802448908441,103.48942813801862,103.865966796875,505600,0.0,0.0
2022-05-02 00:00:00-04:00,105.14423202247877,107.29447978095142,103.76688382253877,107.14584350585938,268900,0.0,0.0
2022-05-03 00:00:00-04:00,107.50256195965024,111.09952787828175,106.11530273075442,110.77252960205078,280900,0.0,0.0
2022-05-04 00:00:00-04:00,110.4752550796777,113.52722381634779,109.01863329354175,113.48758697509766,291900,0.0,0.0
2022-05-05 00:00:00-04:00,112.06069019182141,112.83359725117656,109.38526768467206,110.82206726074219,217300,0.0,0.0
2022-05-06 00:00:00-04:00,110.81216696122868,111.38688983244661,107.43319987764653,110.76261901855469,216500,0.0,0.0
2022-05-09 00:00:00-04:00,109.375363614117,109.59336247359069,106.87830295095226,108.15656280517578,366800,0.0,0.0
2022-05-10 00:00:00-04:00,109.25645290584993,109.94016761855868,103.80651204479564,106.8882064819336,329200,0.0,0.0
2022-05-11 00:00:00-04:00,107.32419769767347,110.74280153567885,105.70903611134017,106.30357360839844,416300,0.0,0.0
2022-05-12 00:00:00-04:00,105.95675896361925,110.75270326264732,105.32258463581313,108.0277328491211,377200,0.0,0.0
2022-05-13 00:00:00-04:00,110.60408473842874,115.65766518563778,110.07890222367908,114.884765625,642200,0.0,0.0
2022-05-16 00:00:00-04:00,114.973933763191,115.5189308769343,112.1003270506393,114.48839569091797,283100,0.0,0.0
2022-05-17 00:00:00-04:00,115.8657432005359,118.38262589137253,114.6469349159356,116.89627838134766,299600,0.0,0.0
2022-05-18 00:00:00-04:00,114.57757646643248,114.57757646643248,107.06657252381015,107.79983520507812,396300,0.0,0.0
2022-05-19 00:00:00-04:00,107.73046673506354,109.78162595839868,105.71894435178733,107.90882873535156,375200,0.0,0.0
2022-05-20 00:00:00-04:00,108.94412021389653,109.03370877050511,103.74777127549585,107.52059936523438,364400,0.5,0.0
2022-05-23 00:00:00-04:00,107.79933026280513,108.11788001342579,105.7387099021097,107.82919311523438,273100,0.0,0.0
2022-05-24 00:00:00-04:00,107.1920909393439,108.41652102216761,105.87807230146781,108.37670135498047,350900,0.0,0.0
2022-05-25 00:00:00-04:00,106.72421946176098,112.78662898958336,106.72421946176098,111.80110931396484,314800,0.0,0.0
2022-05-26 00:00:00-04:00,113.38391162217775,116.89791569817642,111.8110689042215,114.67801666259766,271400,0.0,0.0
2022-05-27 00:00:00-04:00,115.24542953449013,116.27076886622473,114.03096387381322,116.07167053222656,353100,0.0,0.0
2022-05-31 00:00:00-04:00,115.62371952358087,116.57936879975612,113.4635537348881,114.61829376220703,272800,0.0,0.0
2022-06-01 00:00:00-04:00,115.11602328003904,116.54950093001449,113.48345488748923,115.70335388183594,377500,0.0,0.0
2022-06-02 00:00:00-04:00,116.35040146518189,116.69882165354835,114.26987512458751,116.3802719116211,273100,0.0,0.0
2022-06-03 00:00:00-04:00,115.39475395523911,116.77845512932508,112.0798406699144,116.66895294189453,301200,0.0,0.0
2022-06-06 00:00:00-04:00,116.77845517216181,120.63092258042462,115.52416981630186,119.6055908203125,407800,0.0,0.0
2022-06-07 00:00:00-04:00,118.24179274472355,120.64087639902336,116.74858941975434,120.32232666015625,310700,0.0,0.0
2022-06-08 00:00:00-04:00,119.89428209289919,121.56667022327052,118.96849567082175,119.67527770996094,407300,0.0,0.0
2022-06-09 00:00:00-04:00,119.90422912092744,123.03995775737194,118.47075903170366,120.70060729980469,454600,0.0,0.0
2022-06-10 00:00:00-04:00,118.2915740757747,120.56124200759315,113.87168962234394,114.99656677246094,379600,0.0,0.0
2022-06-13 00:00:00-04:00,111.65179642714612,112.9956779347075,109.28257556413747,109.6509017944336,321400,0.0,0.0
2022-06-14 00:00:00-04:00,110.52691353076223,114.88707228307597,110.31786596788523,112.54771423339844,362800,0.0,0.0
2022-06-15 00:00:00-04:00,113.56309695115151,116.82823381470608,111.69161050875425,113.52327728271484,434800,0.0,0.0
2022-06-16 00:00:00-04:00,110.68618866603227,111.0047384080655,101.32877955092131,102.01565551757812,453600,0.0,0.0
2022-06-17 00:00:00-04:00,102.65275621045352,105.87807333587367,102.16497097876412,105.57942962646484,742800,0.0,0.0
2022-06-21 00:00:00-04:00,108.10792110527416,109.33235119495124,104.26541054069403,104.77310180664062,508200,0.0,0.0
2022-06-22 00:00:00-04:00,102.8219868334187,106.55499532608643,102.14506765628862,105.51970672607422,359400,0.0,0.0
2022-06-23 00:00:00-04:00,105.03192427158464,107.18213311569123,102.9115706840564,105.45997619628906,433600,0.0,0.0
2022-06-24 00:00:00-04:00,105.61924804013327,110.79569084120646,105.61924804013327,110.66627502441406,619800,0.0,0.0
2022-06-27 00:00:00-04:00,111.72148304088584,112.50789682400232,110.0291812774632,110.70610046386719,306700,0.0,0.0
2022-06-28 00:00:00-04:00,111.99025437169601,113.9513293745324,110.18845804281545,110.25814056396484,300900,0.0,0.0
2022-06-29 00:00:00-04:00,110.01921744927438,111.02464314620995,108.21742120397857,109.55135345458984,319300,0.0,0.0
2022-06-30 00:00:00-04:00,107.36132270967106,107.5604210528038,102.095291152307,104.21564483642578,549800,0.0,0.0
2022-07-01 00:00:00-04:00,103.82741435675653,106.73418186334622,102.7622628857543,106.29617309570312,350200,0.0,0.0
2022-07-05 00:00:00-04:00,103.70795043008869,107.38123310583518,102.60297934217837,106.89344787597656,361600,0.0,0.0
2022-07-06 00:00:00-04:00,106.16676406491032,107.72964999831501,102.96135286007167,103.86722564697266,466600,0.0,0.0
2022-07-07 00:00:00-04:00,105.13147133829331,109.47171635820659,105.13147133829331,109.01380157470703,345300,0.0,0.0
2022-07-08 00:00:00-04:00,109.46176463315277,110.34773138946845,107.66992508328045,108.4165267944336,276100,0.0,0.0
2022-07-11 00:00:00-04:00,107.52059958127096,109.29253303390193,105.94775687360915,106.04730224609375,267100,0.0,0.0
2022-07-12 00:00:00-04:00,106.17671581086674,110.32781927340326,106.0771628456712,108.21742248535156,273400,0.0,0.0
2022-07-13 00:00:00-04:00,106.95318026279041,108.03823771032513,105.33056110698995,106.91336059570312,336300,0.0,0.0
2022-07-14 00:00:00-04:00,103.73781102733481,104.48441268700314,100.69167868623202,102.86180114746094,435900,0.0,0.0
2022-07-15 00:00:00-04:00,103.93691516247405,106.70431758696432,102.92153259553896,105.02197265625,370100,0.0,0.0
2022-07-18 00:00:00-04:00,106.59481351977433,110.01922143185037,105.44006592983786,107.18213653564453,397000,0.0,0.0
2022-07-19 00:00:00-04:00,108.90430077743511,112.14953156561879,107.95860075165938,111.92057037353516,396000,0.0,0.0
2022-07-20 00:00:00-04:00,110.70609518192639,111.61197552418645,107.51064093226313,110.65632629394531,579300,0.0,0.0
2022-07-21 00:00:00-04:00,109.90972829754358,109.90972829754358,106.2464023283266,108.45633697509766,530300,0.0,0.0
2022-07-22 00:00:00-04:00,109.60112948368962,112.14953515104818,109.06357534123488,109.56130981445312,385900,0.0,0.0
2022-07-25 00:00:00-04:00,110.88528553069997,111.78120910303122,108.63552358125162,109.72058868408203,352400,0.0,0.0
2022-07-26 00:00:00-04:00,109.24275573871408,109.87985523167274,107.15227255276696,107.85905456542969,475300,0.0,0.0
2022-07-27 00:00:00-04:00,110.29795885695806,110.29795885695806,105.76857225425746,109.47171783447266,587500,0.0,0.0
2022-07-28 00:00:00-04:00,109.2128908077916,113.02553847217224,106.9631289940168,112.6373062133789,555200,0.0,0.0
2022-07-29 00:00:00-04:00,113.07531361475482,114.9667061258364,110.38755050599306,113.97123718261719,370300,0.0,0.0
2022-08-01 00:00:00-04:00,113.543182021812,120.89969669654612,113.543182021812,119.097900390625,471800,0.0,0.0
2022-08-02 00:00:00-04:00,118.02279537571714,118.39112161852701,114.54861089343595,115.60380554199219,493000,0.0,0.0
2022-08-03 00:00:00-04:00,116.39022149923896,118.38115929126765,115.63367060654203,116.69882202148438,287700,0.0,0.0
2022-08-04 00:00:00-04:00,115.72326193898621,117.40560684397013,115.65357941838585,115.82280731201172,290000,0.0,0.0
2022-08-05 00:00:00-04:00,115.47439353170813,117.75401824642861,114.63820329302902,115.19566345214844,435000,0.0,0.0
2022-08-08 00:00:00-04:00,115.5938553663532,119.2273109001002,114.8173832180716,116.44000244140625,507800,0.0,0.0
2022-08-09 00:00:00-04:00,116.0,116.0,113.08999633789062,114.66000366210938,302400,0.53,0.0
2022-08-10 00:00:00-04:00,117.33999633789062,119.58000183105469,116.54000091552734,117.33000183105469,276900,0.0,0.0
2022-08-11 00:00:00-04:00,119.16000366210938,119.83000183105469,117.7699966430664,118.27999877929688,254500,0.0,0.0
2022-08-12 00:00:00-04:00,117.98999786376953,118.62999725341797,116.95999908447266,117.94000244140625,169200,0.0,0.0
2022-08-15 00:00:00-04:00,117.0,117.73999786376953,116.20999908447266,117.55999755859375,221900,0.0,0.0
2022-08-16 00:00:00-04:00,119.18000030517578,126.93000030517578,119.18000030517578,124.16000366210938,496400,0.0,0.0
2022-08-17 00:00:00-04:00,123.05000305175781,123.80999755859375,120.62999725341797,121.12999725341797,231400,0.0,0.0
2022-08-18 00:00:00-04:00,121.25,122.44999694824219,119.69000244140625,121.7300033569336,200000,0.0,0.0
2022-08-19 00:00:00-04:00,120.63999938964844,120.95999908447266,118.05000305175781,119.61000061035156,310600,0.0,0.0
2022-08-22 00:00:00-04:00,118.0199966430664,119.23999786376953,117.0199966430664,117.68000030517578,287500,0.0,0.0
2022-08-23 00:00:00-04:00,117.75,120.77999877929688,117.66000366210938,118.77999877929688,230500,0.0,0.0
2022-08-24 00:00:00-04:00,117.87999725341797,120.33999633789062,116.95999908447266,120.22000122070312,227200,0.0,0.0
2022-08-25 00:00:00-04:00,120.63999938964844,125.08000183105469,120.19999694824219,123.72000122070312,330600,0.0,0.0
2022-08-26 00:00:00-04:00,123.87999725341797,124.38999938964844,120.75,121.30000305175781,270300,0.0,0.0
2022-08-29 00:00:00-04:00,120.19999694824219,122.94999694824219,119.33999633789062,121.66999816894531,216500,0.0,0.0
2022-08-30 00:00:00-04:00,122.58999633789062,122.80000305175781,119.79000091552734,120.18000030517578,380400,0.0,0.0
2022-08-31 00:00:00-04:00,119.55000305175781,119.80000305175781,117.01000213623047,117.91000366210938,318600,0.0,0.0
2022-09-01 00:00:00-04:00,116.73999786376953,117.75,115.43000030517578,116.72000122070312,312100,0.0,0.0
2022-09-02 00:00:00-04:00,117.7699966430664,118.22000122070312,114.08999633789062,114.62000274658203,389900,0.0,0.0
2022-09-06 00:00:00-04:00,114.4800033569336,114.9800033569336,109.11000061035156,109.87999725341797,527800,0.0,0.0
2022-09-07 00:00:00-04:00,109.94999694824219,113.77999877929688,109.41000366210938,113.16000366210938,322900,0.0,0.0
2022-09-08 00:00:00-04:00,111.7699966430664,112.43000030517578,109.4000015258789,110.16999816894531,640300,0.0,0.0
2022-09-09 00:00:00-04:00,109.19000244140625,112.13999938964844,109.02999877929688,110.79000091552734,475900,0.0,0.0
2022-09-12 00:00:00-04:00,111.54000091552734,113.62999725341797,111.4000015258789,112.12999725341797,380400,0.0,0.0
2022-09-13 00:00:00-04:00,108.58999633789062,108.77999877929688,105.63999938964844,106.43000030517578,480800,0.0,0.0
2022-09-14 00:00:00-04:00,106.93000030517578,106.93000030517578,103.62000274658203,105.55000305175781,528900,0.0,0.0
2022-09-15 00:00:00-04:00,105.62999725341797,107.83999633789062,105.16999816894531,106.19999694824219,461700,0.0,0.0
2022-09-16 00:00:00-04:00,103.9800033569336,105.86000061035156,103.01000213623047,104.63999938964844,1523900,0.0,0.0
2022-09-19 00:00:00-04:00,104.23999786376953,107.54000091552734,104.23999786376953,106.94000244140625,347400,0.0,0.0
2022-09-20 00:00:00-04:00,105.5199966430664,105.5199966430664,102.6500015258789,103.55000305175781,430000,0.0,0.0
2022-09-21 00:00:00-04:00,104.5199966430664,106.01000213623047,103.08999633789062,103.7300033569336,445400,0.0,0.0
2022-09-22 00:00:00-04:00,104.05000305175781,104.6500015258789,102.41999816894531,103.52999877929688,375500,0.0,0.0
2022-09-23 00:00:00-04:00,101.69999694824219,102.37000274658203,99.29000091552734,100.37000274658203,748800,0.0,0.0
2022-09-26 00:00:00-04:00,99.58000183105469,100.87000274658203,96.33000183105469,96.54000091552734,944800,0.0,0.0
2022-09-27 00:00:00-04:00,97.58999633789062,101.44000244140625,97.2699966430664,100.83999633789062,717900,0.0,0.0
2022-09-28 00:00:00-04:00,100.91000366210938,107.5,100.91000366210938,107.01000213623047,809800,0.0,0.0
2022-09-29 00:00:00-04:00,100.1500015258789,100.56999969482422,94.48999786376953,97.20999908447266,1186900,0.0,0.0
2022-09-30 00:00:00-04:00,96.45999908447266,101.25,95.44000244140625,98.43000030517578,783400,0.0,0.0
2022-10-03 00:00:00-04:00,100.08999633789062,103.7300033569336,99.76000213623047,101.30999755859375,601700,0.0,0.0
2022-10-04 00:00:00-04:00,103.08999633789062,104.54000091552734,101.68000030517578,103.16000366210938,556700,0.0,0.0
2022-10-05 00:00:00-04:00,101.83000183105469,102.55000305175781,99.26000213623047,101.97000122070312,411600,0.0,0.0
2022-10-06 00:00:00-04:00,100.19000244140625,103.05999755859375,99.66000366210938,100.91999816894531,382100,0.0,0.0
2022-10-07 00:00:00-04:00,100.04000091552734,101.08999633789062,99.41000366210938,99.88999938964844,619800,0.0,0.0
2022-10-10 00:00:00-04:00,99.5,101.69000244140625,98.4000015258789,99.58000183105469,578300,0.0,0.0
2022-10-11 00:00:00-04:00,99.54000091552734,102.79000091552734,99.0199966430664,100.80999755859375,642100,0.0,0.0
2022-10-12 00:00:00-04:00,101.12999725341797,102.7699966430664,100.55999755859375,101.38999938964844,332800,0.0,0.0
2022-10-13 00:00:00-04:00,99.79000091552734,104.08000183105469,98.48999786376953,103.04000091552734,275100,0.0,0.0
2022-10-14 00:00:00-04:00,104.02999877929688,104.63999938964844,100.30999755859375,100.44999694824219,254700,0.0,0.0
2022-10-17 00:00:00-04:00,102.41000366210938,104.0,100.88999938964844,101.4000015258789,245200,0.0,0.0
2022-10-18 00:00:00-04:00,103.68000030517578,104.37000274658203,102.47000122070312,102.9800033569336,301900,0.0,0.0
2022-10-19 00:00:00-04:00,101.37999725341797,102.4800033569336,96.41000366210938,98.16999816894531,496000,0.0,0.0
2022-10-20 00:00:00-04:00,99.20999908447266,99.26000213623047,94.83000183105469,96.06999969482422,612200,0.0,0.0
2022-10-21 00:00:00-04:00,96.33000183105469,98.62999725341797,95.68000030517578,97.44999694824219,405800,0.0,0.0
2022-10-24 00:00:00-04:00,98.94000244140625,101.0,98.79000091552734,100.80000305175781,619500,0.0,0.0
2022-10-25 00:00:00-04:00,100.56999969482422,103.94999694824219,100.56999969482422,103.80999755859375,447800,0.0,0.0
2022-10-26 00:00:00-04:00,106.0,107.79000091552734,102.87000274658203,103.69999694824219,501800,0.0,0.0
2022-10-27 00:00:00-04:00,104.08999633789062,111.41999816894531,104.08999633789062,108.01000213623047,674400,0.0,0.0
2022-10-28 00:00:00-04:00,108.41999816894531,111.55000305175781,107.76000213623047,110.66000366210938,627900,0.0,0.0
2022-10-31 00:00:00-04:00,110.29000091552734,112.79000091552734,109.55999755859375,111.62000274658203,481600,0.0,0.0
2022-11-01 00:00:00-04:00,113.3499984741211,115.77999877929688,112.16999816894531,114.62999725341797,484000,0.0,0.0
